1801.000 0.423
1802.000 0.413
1803.000 0.420
1804.000 0.424
1805.000 0.421
1806.000 0.424
1807.000 0.442
1808.000 0.428
1809.000 0.420
1810.000 0.444
1811.000 0.436
1812.000 0.440
1813.000 0.435
1814.000 0.442
1815.000 0.454
1816.000 0.448
1817.000 0.452
1818.000 0.464
1819.000 0.459
1820.000 0.473
1821.000 0.456
1822.000 0.457
1823.000 0.466
1824.000 0.460
1825.000 0.468
1826.000 0.479
1827.000 0.463
1828.000 0.483
1829.000 0.476
1830.000 0.473
1831.000 0.486
1832.000 0.500
1833.000 0.495
1834.000 0.495
1835.000 0.491
1836.000 0.485
1837.000 0.519
1838.000 0.514
1839.000 0.487
1840.000 0.484
1841.000 0.517
1842.000 0.509
1843.000 0.511
1844.000 0.515
1845.000 0.518
1846.000 0.516
1847.000 0.528
1848.000 0.514
1849.000 0.534
1850.000 0.531
1851.000 0.542
1852.000 0.547
1853.000 0.534
1854.000 0.554
1855.000 0.521
1856.000 0.566
1857.000 0.543
1858.000 0.571
1859.000 0.573
1860.000 0.564
1861.000 0.573
1862.000 0.568
1863.000 0.562
1864.000 0.550
1865.000 0.569
1866.000 0.586
1867.000 0.557
1868.000 0.603
1869.000 0.561
1870.000 0.594
1871.000 0.572
1872.000 0.606
1873.000 0.593
1874.000 0.574
1875.000 0.592
1876.000 0.568
1877.000 0.580
1878.000 0.579
1879.000 0.602
1880.000 0.638
1881.000 0.605
1882.000 0.626
1883.000 0.629
1884.000 0.599
1885.000 0.586
1886.000 0.625
1887.000 0.593
1888.000 0.582
1889.000 0.626
1890.000 0.636
1891.000 0.637
1892.000 0.644
1893.000 0.623
1894.000 0.625
1895.000 0.637
1896.000 0.605
1897.000 0.655
1898.000 0.633
1899.000 0.627
1900.000 0.657
1901.000 0.620
1902.000 0.648
1903.000 0.658
1904.000 0.629
1905.000 0.622
1906.000 0.661
1907.000 0.638
1908.000 0.624
1909.000 0.620
1910.000 0.648
1911.000 0.671
1912.000 0.682
1913.000 0.644
1914.000 0.649
1915.000 0.697
1916.000 0.634
1917.000 0.690
1918.000 0.658
1919.000 0.655
1920.000 0.694
1921.000 0.689
1922.000 0.700
1923.000 0.695
1924.000 0.696
1925.000 0.697
1926.000 0.703
1927.000 0.718
1928.000 0.693
1929.000 0.671
1930.000 0.654
1931.000 0.734
1932.000 0.710
1933.000 0.734
1934.000 0.692
1935.000 0.719
1936.000 0.695
1937.000 0.690
1938.000 0.683
1939.000 0.685
1940.000 0.688
1941.000 0.689
1942.000 0.680
1943.000 0.761
1944.000 0.702
1945.000 0.742
1946.000 0.749
1947.000 0.718
1948.000 0.729
1949.000 0.698
1950.000 0.763
1951.000 0.687
1952.000 0.725
1953.000 0.800
1954.000 0.766
1955.000 0.736
1956.000 0.751
1957.000 0.752
1958.000 0.752
1959.000 0.751
1960.000 0.766
1961.000 0.762
1962.000 0.759
1963.000 0.798
1964.000 0.764
1965.000 0.776
1966.000 0.756
1967.000 0.773
1968.000 0.777
1969.000 0.739
1970.000 0.811
1971.000 0.778
1972.000 0.796
1973.000 0.812
1974.000 0.785
1975.000 0.759
1976.000 0.802
1977.000 0.819
1978.000 0.775
1979.000 0.761
1980.000 0.796
1981.000 0.840
1982.000 0.866
1983.000 0.803
1984.000 0.822
1985.000 0.857
1986.000 0.878
1987.000 0.901
1988.000 0.826
1989.000 0.828
1990.000 0.863
1991.000 0.861
1992.000 0.890
1993.000 0.863
1994.000 0.848
1995.000 0.881
1996.000 0.844
1997.000 0.885
1998.000 0.874
1999.000 0.904
2000.000 0.909
2001.000 0.885
2002.000 0.889
2003.000 0.911
2004.000 0.889
2005.000 0.917
2006.000 0.944
2007.000 0.937
2008.000 0.905
2009.000 0.922
2010.000 0.948
2011.000 0.944
2012.000 0.983
2013.000 0.943
2014.000 0.970
2015.000 0.973
2016.000 0.954
2017.000 0.987
2018.000 1.023
2019.000 1.026
2020.000 1.028
2021.000 1.040
2022.000 1.054
2023.000 1.048
2024.000 1.005
2025.000 1.036
2026.000 1.103
2027.000 1.036
2028.000 1.070
2029.000 1.063
2030.000 1.104
2031.000 1.145
2032.000 1.244
2033.000 1.218
2034.000 1.169
2035.000 1.166
2036.000 1.132
2037.000 1.179
2038.000 1.196
2039.000 1.224
2040.000 1.192
2041.000 1.244
2042.000 1.266
2043.000 1.249
2044.000 1.304
2045.000 1.280
2046.000 1.335
2047.000 1.321
2048.000 1.313
2049.000 1.350
2050.000 1.399
2051.000 1.424
2052.000 1.496
2053.000 1.504
2054.000 1.466
2055.000 1.498
2056.000 1.513
2057.000 1.557
2058.000 1.590
2059.000 1.591
2060.000 1.652
2061.000 1.653
2062.000 1.701
2063.000 1.733
2064.000 1.766
2065.000 1.811
2066.000 1.883
2067.000 1.872
2068.000 1.916
2069.000 1.974
2070.000 1.987
2071.000 2.111
2072.000 2.192
2073.000 2.227
2074.000 2.322
2075.000 2.367
2076.000 2.446
2077.000 2.514
2078.000 2.766
2079.000 2.753
2080.000 2.828
2081.000 2.958
2082.000 3.003
2083.000 3.171
2084.000 3.372
2085.000 3.523
2086.000 3.677
2087.000 3.879
2088.000 4.119
2089.000 4.287
2090.000 4.507
2091.000 4.777
2092.000 5.230
2093.000 5.378
2094.000 5.676
2095.000 5.955
2096.000 6.247
2097.000 6.499
2098.000 6.614
2099.000 6.641
2100.000 6.548
2101.000 6.349
2102.000 6.197
2103.000 5.655
2104.000 5.250
2105.000 5.035
2106.000 4.630
2107.000 4.288
2108.000 3.966
2109.000 3.657
2110.000 3.319
2111.000 3.142
2112.000 2.930
2113.000 2.728
2114.000 2.632
2115.000 2.454
2116.000 2.279
2117.000 2.113
2118.000 2.105
2119.000 1.917
2120.000 1.958
2121.000 1.769
2122.000 1.650
2123.000 1.564
2124.000 1.516
2125.000 1.468
2126.000 1.638
2127.000 1.178
2128.000 1.252
2129.000 1.325
2130.000 1.177
2131.000 1.143
2132.000 1.084
2133.000 0.990
2134.000 0.988
2135.000 1.000
2136.000 0.946
2137.000 0.896
2138.000 0.900
2139.000 0.817
2140.000 0.781
2141.000 0.757
2142.000 0.741
2143.000 0.707
2144.000 0.681
2145.000 0.644
2146.000 0.616
2147.000 0.625
2148.000 0.585
2149.000 0.558
2150.000 0.553
2151.000 0.641
2152.000 0.540
2153.000 0.524
2154.000 0.488
2155.000 0.478
2156.000 0.457
2157.000 0.436
2158.000 0.452
2159.000 0.433
2160.000 0.394
2161.000 0.367
2162.000 0.352
2163.000 0.332
2164.000 0.321
2165.000 0.322
2166.000 0.308
2167.000 0.384
2168.000 0.300
2169.000 0.288
2170.000 0.239
2171.000 0.230
2172.000 0.230
2173.000 0.222
2174.000 0.200
2175.000 0.199
2176.000 0.175
2177.000 0.176
2178.000 0.175
2179.000 0.162
2180.000 0.160
2181.000 0.152
2182.000 0.123
2183.000 0.119
2184.000 0.112
2185.000 0.114
2186.000 0.095
2187.000 0.084
2188.000 0.079
2189.000 0.104
2190.000 0.091
2191.000 0.072
2192.000 0.065
2193.000 0.074
2194.000 0.049
2195.000 0.186
2196.000 0.147
2197.000 0.062
2198.000 0.079
2199.000 0.070
2200.000 0.069
2201.000 0.085
2202.000 0.149
2203.000 0.099
2204.000 0.103
2205.000 0.108
2206.000 0.120
2207.000 0.142
2208.000 0.140
2209.000 0.152
2210.000 0.170
2211.000 0.181
2212.000 0.177
2213.000 0.184
2214.000 0.207
2215.000 0.201
2216.000 0.227
2217.000 0.232
2218.000 0.246
2219.000 0.256
2220.000 0.263
2221.000 0.288
2222.000 0.291
2223.000 0.306
2224.000 0.322
2225.000 0.330
2226.000 0.333
2227.000 0.372
2228.000 0.365
2229.000 0.381
2230.000 0.431
2231.000 0.407
2232.000 0.473
2233.000 0.476
2234.000 0.475
2235.000 0.507
2236.000 0.526
2237.000 0.562
2238.000 0.595
2239.000 0.745
2240.000 0.699
2241.000 0.671
2242.000 0.707
2243.000 0.722
2244.000 0.767
2245.000 0.814
2246.000 0.829
2247.000 0.844
2248.000 0.934
2249.000 0.947
2250.000 0.980
2251.000 1.075
2252.000 1.139
2253.000 1.199
2254.000 1.293
2255.000 1.436
2256.000 1.397
2257.000 1.502
2258.000 1.608
2259.000 1.866
2260.000 1.840
2261.000 1.998
2262.000 2.074
2263.000 2.462
2264.000 2.377
2265.000 2.721
2266.000 2.973
2267.000 3.244
2268.000 3.344
2269.000 3.521
2270.000 3.620
2271.000 3.784
2272.000 3.865
2273.000 3.558
2274.000 3.397
2275.000 3.319
2276.000 3.074
2277.000 2.816
2278.000 2.608
2279.000 2.448
2280.000 2.255
2281.000 2.040
2282.000 1.983
2283.000 1.627
2284.000 1.616
2285.000 1.714
2286.000 1.594
2287.000 1.521
2288.000 1.457
2289.000 1.368
2290.000 1.334
2291.000 1.259
2292.000 1.157
2293.000 1.142
2294.000 1.084
2295.000 1.055
2296.000 1.051
2297.000 1.002
2298.000 0.970
2299.000 0.960
2300.000 0.926
2301.000 0.838
2302.000 0.859
2303.000 0.833
2304.000 0.836
2305.000 0.804
2306.000 0.780
2307.000 0.750
2308.000 0.690
2309.000 0.720
2310.000 0.809
2311.000 0.701
2312.000 0.693
2313.000 0.656
2314.000 0.645
2315.000 0.608
2316.000 0.608
2317.000 0.600
2318.000 0.590
2319.000 0.598
2320.000 0.552
2321.000 0.573
2322.000 0.559
2323.000 0.521
2324.000 0.537
2325.000 0.528
2326.000 0.522
2327.000 0.503
2328.000 0.492
2329.000 0.485
2330.000 0.486
2331.000 0.487
2332.000 0.473
2333.000 0.472
2334.000 0.442
2335.000 0.444
2336.000 0.442
2337.000 0.433
2338.000 0.425
2339.000 0.412
2340.000 0.420
2341.000 0.391
2342.000 0.394
2343.000 0.421
2344.000 0.395
2345.000 0.410
2346.000 0.386
2347.000 0.381
2348.000 0.383
2349.000 0.368
2350.000 0.369
2351.000 0.363
2352.000 0.347
2353.000 0.352
2354.000 0.351
2355.000 0.348
2356.000 0.343
2357.000 0.328
2358.000 0.337
2359.000 0.332
2360.000 0.330
2361.000 0.328
2362.000 0.308
2363.000 0.323
2364.000 0.312
2365.000 0.303
2366.000 0.305
2367.000 0.301
2368.000 0.304
2369.000 0.298
2370.000 0.290
2371.000 0.304
2372.000 0.299
2373.000 0.288
2374.000 0.284
2375.000 0.284
2376.000 0.288
2377.000 0.259
2378.000 0.273
2379.000 0.269
2380.000 0.267
2381.000 0.265
2382.000 0.261
2383.000 0.264
2384.000 0.265
2385.000 0.259
2386.000 0.250
2387.000 0.256
2388.000 0.251
2389.000 0.253
2390.000 0.239
2391.000 0.239
2392.000 0.243
2393.000 0.244
2394.000 0.240
2395.000 0.238
2396.000 0.238
2397.000 0.234
2398.000 0.238
2399.000 0.235
2400.000 0.226
2401.000 0.228
2402.000 0.225
2403.000 0.222
2404.000 0.225
2405.000 0.221
2406.000 0.220
2407.000 0.216
2408.000 0.219
2409.000 0.215
2410.000 0.222
2411.000 0.301
2412.000 0.234
2413.000 0.212
2414.000 0.208
2415.000 0.205
2416.000 0.206
2417.000 0.208
2418.000 0.201
2419.000 0.205
2420.000 0.202
2421.000 0.201
2422.000 0.197
2423.000 0.197
2424.000 0.203
2425.000 0.201
2426.000 0.193
2427.000 0.193
2428.000 0.193
2429.000 0.193
2430.000 0.189
2431.000 0.195
2432.000 0.189
2433.000 0.186
2434.000 0.188
2435.000 0.180
2436.000 0.185
2437.000 0.187
2438.000 0.189
2439.000 0.182
2440.000 0.179
2441.000 0.182
2442.000 0.222
2443.000 0.173
2444.000 0.177
2445.000 0.172
2446.000 0.206
2447.000 0.183
2448.000 0.173
2449.000 0.173
2450.000 0.168
2451.000 0.171
2452.000 0.173
2453.000 0.168
2454.000 0.168
2455.000 0.167
2456.000 0.172
2457.000 0.171
2458.000 0.166
2459.000 0.168
2460.000 0.165
2461.000 0.162
2462.000 0.170
2463.000 0.166
2464.000 0.171
2465.000 0.166
2466.000 0.167
2467.000 0.166
2468.000 0.168
2469.000 0.165
2470.000 0.165
2471.000 0.161
2472.000 0.164
2473.000 0.166
2474.000 0.162
2475.000 0.157
2476.000 0.156
2477.000 0.170
2478.000 0.149
2479.000 0.154
2480.000 0.157
2481.000 0.152
2482.000 0.156
2483.000 0.160
2484.000 0.152
2485.000 0.156
2486.000 0.152
2487.000 0.157
2488.000 0.153
2489.000 0.152
2490.000 0.158
2491.000 0.155
2492.000 0.156
2493.000 0.145
2494.000 0.160
2495.000 0.157
2496.000 0.150
2497.000 0.156
2498.000 0.150
2499.000 0.154
2500.000 0.161
2501.000 0.152
2502.000 0.159
2503.000 0.156
2504.000 0.153
2505.000 0.153
2506.000 0.151
2507.000 0.155
2508.000 0.152
2509.000 0.154
2510.000 0.149
2511.000 0.155
2512.000 0.157
2513.000 0.151
2514.000 0.150
2515.000 0.151
2516.000 0.150
2517.000 0.165
2518.000 0.155
2519.000 0.134
2520.000 0.170
2521.000 0.151
2522.000 0.157
2523.000 0.152
2524.000 0.152
2525.000 0.161
2526.000 0.146
2527.000 0.157
2528.000 0.147
2529.000 0.152
2530.000 0.157
2531.000 0.152
2532.000 0.158
2533.000 0.157
2534.000 0.154
2535.000 0.150
2536.000 0.153
2537.000 0.154
2538.000 0.148
2539.000 0.158
2540.000 0.150
2541.000 0.154
2542.000 0.157
2543.000 0.154
2544.000 0.153
2545.000 0.159
2546.000 0.151
2547.000 0.154
2548.000 0.154
2549.000 0.152
2550.000 0.153
2551.000 0.158
2552.000 0.157
2553.000 0.158
2554.000 0.157
2555.000 0.154
2556.000 0.154
2557.000 0.150
2558.000 0.156
2559.000 0.163
2560.000 0.159
2561.000 0.153
2562.000 0.152
2563.000 0.159
2564.000 0.162
2565.000 0.159
2566.000 0.163
2567.000 0.161
2568.000 0.156
2569.000 0.166
2570.000 0.164
2571.000 0.163
2572.000 0.166
2573.000 0.162
2574.000 0.164
2575.000 0.163
2576.000 0.164
2577.000 0.158
2578.000 0.166
2579.000 0.164
2580.000 0.174
2581.000 0.163
2582.000 0.165
2583.000 0.165
2584.000 0.169
2585.000 0.163
2586.000 0.164
2587.000 0.163
2588.000 0.165
2589.000 0.168
2590.000 0.167
2591.000 0.164
2592.000 0.169
2593.000 0.172
2594.000 0.170
2595.000 0.176
2596.000 0.176
2597.000 0.187
2598.000 0.168
2599.000 0.172
2600.000 0.177
