1801.000 0.337
1802.000 0.346
1803.000 0.348
1804.000 0.347
1805.000 0.351
1806.000 0.355
1807.000 0.354
1808.000 0.349
1809.000 0.359
1810.000 0.361
1811.000 0.367
1812.000 0.365
1813.000 0.364
1814.000 0.369
1815.000 0.366
1816.000 0.373
1817.000 0.368
1818.000 0.375
1819.000 0.378
1820.000 0.369
1821.000 0.381
1822.000 0.384
1823.000 0.390
1824.000 0.377
1825.000 0.381
1826.000 0.392
1827.000 0.388
1828.000 0.393
1829.000 0.387
1830.000 0.396
1831.000 0.392
1832.000 0.393
1833.000 0.391
1834.000 0.395
1835.000 0.403
1836.000 0.401
1837.000 0.400
1838.000 0.401
1839.000 0.410
1840.000 0.407
1841.000 0.406
1842.000 0.414
1843.000 0.415
1844.000 0.414
1845.000 0.417
1846.000 0.419
1847.000 0.424
1848.000 0.417
1849.000 0.414
1850.000 0.420
1851.000 0.416
1852.000 0.430
1853.000 0.417
1854.000 0.430
1855.000 0.430
1856.000 0.422
1857.000 0.427
1858.000 0.432
1859.000 0.435
1860.000 0.428
1861.000 0.433
1862.000 0.435
1863.000 0.424
1864.000 0.430
1865.000 0.434
1866.000 0.442
1867.000 0.430
1868.000 0.446
1869.000 0.435
1870.000 0.453
1871.000 0.430
1872.000 0.463
1873.000 0.452
1874.000 0.452
1875.000 0.456
1876.000 0.446
1877.000 0.455
1878.000 0.476
1879.000 0.434
1880.000 0.467
1881.000 0.452
1882.000 0.443
1883.000 0.456
1884.000 0.454
1885.000 0.460
1886.000 0.454
1887.000 0.455
1888.000 0.455
1889.000 0.419
1890.000 0.452
1891.000 0.465
1892.000 0.470
1893.000 0.457
1894.000 0.468
1895.000 0.456
1896.000 0.468
1897.000 0.465
1898.000 0.463
1899.000 0.450
1900.000 0.459
1901.000 0.461
1902.000 0.464
1903.000 0.462
1904.000 0.465
1905.000 0.479
1906.000 0.460
1907.000 0.455
1908.000 0.454
1909.000 0.474
1910.000 0.464
1911.000 0.470
1912.000 0.453
1913.000 0.473
1914.000 0.474
1915.000 0.464
1916.000 0.473
1917.000 0.472
1918.000 0.467
1919.000 0.473
1920.000 0.490
1921.000 0.465
1922.000 0.482
1923.000 0.481
1924.000 0.465
1925.000 0.468
1926.000 0.481
1927.000 0.464
1928.000 0.458
1929.000 0.477
1930.000 0.457
1931.000 0.478
1932.000 0.472
1933.000 0.481
1934.000 0.493
1935.000 0.463
1936.000 0.485
1937.000 0.480
1938.000 0.487
1939.000 0.463
1940.000 0.480
1941.000 0.474
1942.000 0.466
1943.000 0.465
1944.000 0.468
1945.000 0.477
1946.000 0.487
1947.000 0.475
1948.000 0.497
1949.000 0.465
1950.000 0.506
1951.000 0.477
1952.000 0.468
1953.000 0.484
1954.000 0.482
1955.000 0.484
1956.000 0.489
1957.000 0.496
1958.000 0.480
1959.000 0.475
1960.000 0.469
1961.000 0.488
1962.000 0.479
1963.000 0.478
1964.000 0.486
1965.000 0.485
1966.000 0.457
1967.000 0.501
1968.000 0.492
1969.000 0.478
1970.000 0.490
1971.000 0.486
1972.000 0.477
1973.000 0.487
1974.000 0.478
1975.000 0.502
1976.000 0.493
1977.000 0.481
1978.000 0.504
1979.000 0.471
1980.000 0.487
1981.000 0.468
1982.000 0.481
1983.000 0.482
1984.000 0.506
1985.000 0.478
1986.000 0.458
1987.000 0.468
1988.000 0.452
1989.000 0.459
1990.000 0.473
1991.000 0.485
1992.000 0.499
1993.000 0.472
1994.000 0.475
1995.000 0.480
1996.000 0.490
1997.000 0.483
1998.000 0.464
1999.000 0.494
2000.000 0.475
2001.000 0.446
2002.000 0.472
2003.000 0.469
2004.000 0.467
2005.000 0.469
2006.000 0.480
2007.000 0.483
2008.000 0.479
2009.000 0.482
2010.000 0.487
2011.000 0.480
2012.000 0.506
2013.000 0.485
2014.000 0.493
2015.000 0.491
2016.000 0.489
2017.000 0.487
2018.000 0.491
2019.000 0.490
2020.000 0.495
2021.000 0.493
2022.000 0.497
2023.000 0.473
2024.000 0.499
2025.000 0.497
2026.000 0.474
2027.000 0.494
2028.000 0.475
2029.000 0.499
2030.000 0.477
2031.000 0.486
2032.000 0.489
2033.000 0.489
2034.000 0.499
2035.000 0.498
2036.000 0.503
2037.000 0.498
2038.000 0.503
2039.000 0.497
2040.000 0.495
2041.000 0.510
2042.000 0.497
2043.000 0.506
2044.000 0.498
2045.000 0.514
2046.000 0.501
2047.000 0.503
2048.000 0.517
2049.000 0.511
2050.000 0.502
2051.000 0.507
2052.000 0.508
2053.000 0.509
2054.000 0.525
2055.000 0.518
2056.000 0.517
2057.000 0.502
2058.000 0.522
2059.000 0.508
2060.000 0.521
2061.000 0.512
2062.000 0.523
2063.000 0.519
2064.000 0.513
2065.000 0.524
2066.000 0.531
2067.000 0.533
2068.000 0.522
2069.000 0.525
2070.000 0.523
2071.000 0.526
2072.000 0.527
2073.000 0.523
2074.000 0.526
2075.000 0.542
2076.000 0.524
2077.000 0.541
2078.000 0.528
2079.000 0.529
2080.000 0.534
2081.000 0.543
2082.000 0.544
2083.000 0.530
2084.000 0.570
2085.000 0.556
2086.000 0.555
2087.000 0.549
2088.000 0.541
2089.000 0.542
2090.000 0.558
2091.000 0.549
2092.000 0.564
2093.000 0.570
2094.000 0.560
2095.000 0.561
2096.000 0.561
2097.000 0.553
2098.000 0.579
2099.000 0.572
2100.000 0.576
2101.000 0.575
2102.000 0.570
2103.000 0.583
2104.000 0.577
2105.000 0.574
2106.000 0.591
2107.000 0.597
2108.000 0.585
2109.000 0.601
2110.000 0.593
2111.000 0.593
2112.000 0.600
2113.000 0.599
2114.000 0.606
2115.000 0.613
2116.000 0.601
2117.000 0.610
2118.000 0.610
2119.000 0.619
2120.000 0.615
2121.000 0.620
2122.000 0.629
2123.000 0.628
2124.000 0.638
2125.000 0.631
2126.000 0.628
2127.000 0.641
2128.000 0.641
2129.000 0.649
2130.000 0.658
2131.000 0.652
2132.000 0.661
2133.000 0.658
2134.000 0.665
2135.000 0.669
2136.000 0.668
2137.000 0.674
2138.000 0.678
2139.000 0.683
2140.000 0.689
2141.000 0.688
2142.000 0.698
2143.000 0.692
2144.000 0.708
2145.000 0.712
2146.000 0.714
2147.000 0.724
2148.000 0.727
2149.000 0.727
2150.000 0.738
2151.000 0.744
2152.000 0.738
2153.000 0.747
2154.000 0.761
2155.000 0.770
2156.000 0.767
2157.000 0.769
2158.000 0.786
2159.000 0.790
2160.000 0.801
2161.000 0.804
2162.000 0.814
2163.000 0.824
2164.000 0.829
2165.000 0.835
2166.000 0.837
2167.000 0.834
2168.000 0.857
2169.000 0.858
2170.000 0.884
2171.000 0.891
2172.000 0.886
2173.000 0.908
2174.000 0.918
2175.000 0.940
2176.000 0.944
2177.000 0.952
2178.000 0.961
2179.000 0.972
2180.000 1.005
2181.000 0.988
2182.000 1.005
2183.000 1.032
2184.000 1.052
2185.000 1.051
2186.000 1.064
2187.000 1.067
2188.000 1.107
2189.000 1.106
2190.000 1.127
2191.000 1.143
2192.000 1.175
2193.000 1.189
2194.000 1.211
2195.000 1.227
2196.000 1.257
2197.000 1.294
2198.000 1.329
2199.000 1.375
2200.000 1.373
2201.000 1.397
2202.000 1.437
2203.000 1.458
2204.000 1.503
2205.000 1.552
2206.000 1.606
2207.000 1.659
2208.000 1.695
2209.000 1.742
2210.000 1.810
2211.000 1.855
2212.000 1.936
2213.000 1.976
2214.000 2.054
2215.000 2.143
2216.000 2.227
2217.000 2.334
2218.000 2.443
2219.000 2.561
2220.000 2.712
2221.000 2.879
2222.000 3.054
2223.000 3.269
2224.000 3.479
2225.000 3.741
2226.000 3.870
2227.000 4.154
2228.000 4.466
2229.000 4.763
2230.000 5.073
2231.000 5.308
2232.000 5.459
2233.000 5.504
2234.000 5.328
2235.000 4.971
2236.000 4.531
2237.000 3.975
2238.000 3.735
2239.000 3.315
2240.000 2.892
2241.000 2.532
2242.000 2.266
2243.000 2.018
2244.000 1.804
2245.000 1.621
2246.000 1.450
2247.000 1.280
2248.000 1.167
2249.000 1.068
2250.000 1.009
2251.000 0.899
2252.000 0.801
2253.000 0.712
2254.000 0.619
2255.000 0.555
2256.000 0.499
2257.000 0.439
2258.000 0.405
2259.000 0.316
2260.000 0.294
2261.000 0.248
2262.000 0.245
2263.000 0.211
2264.000 0.223
2265.000 0.243
2266.000 0.260
2267.000 0.283
2268.000 0.332
2269.000 0.396
2270.000 0.443
2271.000 0.516
2272.000 0.552
2273.000 0.632
2274.000 0.692
2275.000 0.734
2276.000 0.812
2277.000 0.888
2278.000 0.976
2279.000 1.098
2280.000 1.210
2281.000 1.324
2282.000 1.467
2283.000 1.593
2284.000 1.741
2285.000 1.906
2286.000 2.131
2287.000 2.212
2288.000 2.450
2289.000 2.706
2290.000 2.984
2291.000 3.286
2292.000 3.574
2293.000 3.811
2294.000 4.024
2295.000 4.089
2296.000 4.248
2297.000 4.211
2298.000 4.077
2299.000 3.922
2300.000 3.686
2301.000 3.341
2302.000 3.024
2303.000 2.876
2304.000 2.631
2305.000 2.643
2306.000 2.241
2307.000 2.152
2308.000 2.083
2309.000 2.015
2310.000 1.827
2311.000 1.820
2312.000 1.740
2313.000 1.634
2314.000 1.613
2315.000 1.521
2316.000 1.475
2317.000 1.387
2318.000 1.347
2319.000 1.274
2320.000 1.305
2321.000 1.081
2322.000 1.128
2323.000 1.129
2324.000 1.236
2325.000 1.117
2326.000 0.946
2327.000 1.012
2328.000 0.990
2329.000 0.980
2330.000 0.922
2331.000 0.864
2332.000 0.961
2333.000 0.853
2334.000 0.827
2335.000 0.829
2336.000 0.805
2337.000 0.784
2338.000 0.754
2339.000 0.748
2340.000 0.734
2341.000 0.715
2342.000 0.712
2343.000 0.685
2344.000 0.680
2345.000 0.659
2346.000 0.670
2347.000 0.652
2348.000 0.635
2349.000 0.623
2350.000 0.599
2351.000 0.598
2352.000 0.598
2353.000 0.587
2354.000 0.571
2355.000 0.558
2356.000 0.562
2357.000 0.549
2358.000 0.545
2359.000 0.530
2360.000 0.531
2361.000 0.514
2362.000 0.501
2363.000 0.507
2364.000 0.487
2365.000 0.485
2366.000 0.479
2367.000 0.468
2368.000 0.467
2369.000 0.464
2370.000 0.459
2371.000 0.449
2372.000 0.445
2373.000 0.442
2374.000 0.442
2375.000 0.432
2376.000 0.419
2377.000 0.413
2378.000 0.421
2379.000 0.409
2380.000 0.410
2381.000 0.386
2382.000 0.391
2383.000 0.394
2384.000 0.391
2385.000 0.381
2386.000 0.374
2387.000 0.387
2388.000 0.373
2389.000 0.365
2390.000 0.358
2391.000 0.357
2392.000 0.351
2393.000 0.350
2394.000 0.341
2395.000 0.346
2396.000 0.346
2397.000 0.334
2398.000 0.336
2399.000 0.344
2400.000 0.329
2401.000 0.325
2402.000 0.324
2403.000 0.323
2404.000 0.328
2405.000 0.316
2406.000 0.312
2407.000 0.316
2408.000 0.322
2409.000 0.305
2410.000 0.300
2411.000 0.304
2412.000 0.297
2413.000 0.299
2414.000 0.287
2415.000 0.282
2416.000 0.287
2417.000 0.293
2418.000 0.283
2419.000 0.276
2420.000 0.277
2421.000 0.275
2422.000 0.275
2423.000 0.270
2424.000 0.268
2425.000 0.271
2426.000 0.264
2427.000 0.265
2428.000 0.261
2429.000 0.266
2430.000 0.446
2431.000 0.260
2432.000 0.255
2433.000 0.253
2434.000 0.253
2435.000 0.263
2436.000 0.265
2437.000 0.281
2438.000 0.249
2439.000 0.241
2440.000 0.244
2441.000 0.255
2442.000 0.262
2443.000 0.247
2444.000 0.237
2445.000 0.238
2446.000 0.229
2447.000 0.232
2448.000 0.229
2449.000 0.234
2450.000 0.226
2451.000 0.230
2452.000 0.224
2453.000 0.225
2454.000 0.221
2455.000 0.221
2456.000 0.232
2457.000 0.225
2458.000 0.224
2459.000 0.215
2460.000 0.219
2461.000 0.221
2462.000 0.216
2463.000 0.217
2464.000 0.221
2465.000 0.212
2466.000 0.213
2467.000 0.214
2468.000 0.213
2469.000 0.212
2470.000 0.209
2471.000 0.216
2472.000 0.212
2473.000 0.207
2474.000 0.212
2475.000 0.206
2476.000 0.211
2477.000 0.199
2478.000 0.202
2479.000 0.207
2480.000 0.206
2481.000 0.201
2482.000 0.204
2483.000 0.207
2484.000 0.200
2485.000 0.203
2486.000 0.201
2487.000 0.196
2488.000 0.198
2489.000 0.197
2490.000 0.192
2491.000 0.201
2492.000 0.192
2493.000 0.199
2494.000 0.204
2495.000 0.198
2496.000 0.201
2497.000 0.198
2498.000 0.193
2499.000 0.201
2500.000 0.195
2501.000 0.202
2502.000 0.204
2503.000 0.198
2504.000 0.197
2505.000 0.189
2506.000 0.188
2507.000 0.197
2508.000 0.193
2509.000 0.196
2510.000 0.184
2511.000 0.197
2512.000 0.188
2513.000 0.193
2514.000 0.186
2515.000 0.194
2516.000 0.192
2517.000 0.210
2518.000 0.184
2519.000 0.191
2520.000 0.184
2521.000 0.190
2522.000 0.189
2523.000 0.189
2524.000 0.195
2525.000 0.186
2526.000 0.187
2527.000 0.180
2528.000 0.187
2529.000 0.192
2530.000 0.185
2531.000 0.190
2532.000 0.192
2533.000 0.193
2534.000 0.186
2535.000 0.193
2536.000 0.186
2537.000 0.184
2538.000 0.194
2539.000 0.186
2540.000 0.188
2541.000 0.191
2542.000 0.190
2543.000 0.191
2544.000 0.194
2545.000 0.193
2546.000 0.186
2547.000 0.193
2548.000 0.187
2549.000 0.188
2550.000 0.191
2551.000 0.192
2552.000 0.189
2553.000 0.192
2554.000 0.193
2555.000 0.185
2556.000 0.191
2557.000 0.185
2558.000 0.195
2559.000 0.191
2560.000 0.194
2561.000 0.193
2562.000 0.189
2563.000 0.190
2564.000 0.189
2565.000 0.200
2566.000 0.195
2567.000 0.192
2568.000 0.198
2569.000 0.191
2570.000 0.193
2571.000 0.195
2572.000 0.193
2573.000 0.200
2574.000 0.199
2575.000 0.194
2576.000 0.199
2577.000 0.205
2578.000 0.196
2579.000 0.198
2580.000 0.193
2581.000 0.199
2582.000 0.200
2583.000 0.199
2584.000 0.201
2585.000 0.197
2586.000 0.194
2587.000 0.204
2588.000 0.197
2589.000 0.199
2590.000 0.207
2591.000 0.216
2592.000 0.204
2593.000 0.216
2594.000 0.214
2595.000 0.271
2596.000 0.220
2597.000 0.212
2598.000 0.207
2599.000 0.217
2600.000 0.209
