1801.000 0.374
1802.000 0.377
1803.000 0.379
1804.000 0.377
1805.000 0.385
1806.000 0.392
1807.000 0.383
1808.000 0.380
1809.000 0.386
1810.000 0.389
1811.000 0.401
1812.000 0.391
1813.000 0.399
1814.000 0.406
1815.000 0.403
1816.000 0.400
1817.000 0.403
1818.000 0.405
1819.000 0.408
1820.000 0.415
1821.000 0.413
1822.000 0.423
1823.000 0.411
1824.000 0.410
1825.000 0.420
1826.000 0.420
1827.000 0.431
1828.000 0.422
1829.000 0.427
1830.000 0.419
1831.000 0.421
1832.000 0.435
1833.000 0.444
1834.000 0.432
1835.000 0.440
1836.000 0.441
1837.000 0.439
1838.000 0.439
1839.000 0.459
1840.000 0.480
1841.000 0.443
1842.000 0.443
1843.000 0.442
1844.000 0.448
1845.000 0.438
1846.000 0.454
1847.000 0.465
1848.000 0.466
1849.000 0.456
1850.000 0.466
1851.000 0.461
1852.000 0.465
1853.000 0.453
1854.000 0.475
1855.000 0.464
1856.000 0.474
1857.000 0.479
1858.000 0.471
1859.000 0.487
1860.000 0.488
1861.000 0.485
1862.000 0.464
1863.000 0.470
1864.000 0.480
1865.000 0.477
1866.000 0.502
1867.000 0.485
1868.000 0.495
1869.000 0.485
1870.000 0.521
1871.000 0.501
1872.000 0.482
1873.000 0.496
1874.000 0.509
1875.000 0.511
1876.000 0.517
1877.000 0.511
1878.000 0.509
1879.000 0.500
1880.000 0.492
1881.000 0.507
1882.000 0.502
1883.000 0.497
1884.000 0.504
1885.000 0.530
1886.000 0.497
1887.000 0.527
1888.000 0.514
1889.000 0.507
1890.000 0.509
1891.000 0.514
1892.000 0.506
1893.000 0.503
1894.000 0.518
1895.000 0.507
1896.000 0.518
1897.000 0.527
1898.000 0.493
1899.000 0.528
1900.000 0.515
1901.000 0.553
1902.000 0.514
1903.000 0.527
1904.000 0.538
1905.000 0.533
1906.000 0.547
1907.000 0.513
1908.000 0.550
1909.000 0.531
1910.000 0.542
1911.000 0.533
1912.000 0.514
1913.000 0.523
1914.000 0.541
1915.000 0.516
1916.000 0.552
1917.000 0.514
1918.000 0.545
1919.000 0.547
1920.000 0.509
1921.000 0.540
1922.000 0.516
1923.000 0.527
1924.000 0.525
1925.000 0.530
1926.000 0.525
1927.000 0.533
1928.000 0.535
1929.000 0.565
1930.000 0.535
1931.000 0.556
1932.000 0.549
1933.000 0.545
1934.000 0.561
1935.000 0.556
1936.000 0.550
1937.000 0.530
1938.000 0.564
1939.000 0.539
1940.000 0.532
1941.000 0.560
1942.000 0.550
1943.000 0.567
1944.000 0.584
1945.000 0.549
1946.000 0.523
1947.000 0.582
1948.000 0.540
1949.000 0.577
1950.000 0.556
1951.000 0.567
1952.000 0.607
1953.000 0.557
1954.000 0.552
1955.000 0.548
1956.000 0.559
1957.000 0.567
1958.000 0.577
1959.000 0.559
1960.000 0.553
1961.000 0.553
1962.000 0.575
1963.000 0.561
1964.000 0.573
1965.000 0.543
1966.000 0.581
1967.000 0.555
1968.000 0.563
1969.000 0.576
1970.000 0.557
1971.000 0.568
1972.000 0.576
1973.000 0.560
1974.000 0.594
1975.000 0.565
1976.000 0.546
1977.000 0.599
1978.000 0.568
1979.000 0.573
1980.000 0.581
1981.000 0.585
1982.000 0.590
1983.000 0.563
1984.000 0.598
1985.000 0.603
1986.000 0.577
1987.000 0.569
1988.000 0.577
1989.000 0.576
1990.000 0.578
1991.000 0.611
1992.000 0.600
1993.000 0.589
1994.000 0.575
1995.000 0.594
1996.000 0.606
1997.000 0.585
1998.000 0.575
1999.000 0.605
2000.000 0.576
2001.000 0.582
2002.000 0.614
2003.000 0.621
2004.000 0.598
2005.000 0.597
2006.000 0.620
2007.000 0.609
2008.000 0.593
2009.000 0.610
2010.000 0.612
2011.000 0.598
2012.000 0.608
2013.000 0.602
2014.000 0.623
2015.000 0.613
2016.000 0.604
2017.000 0.623
2018.000 0.618
2019.000 0.625
2020.000 0.625
2021.000 0.626
2022.000 0.637
2023.000 0.637
2024.000 0.629
2025.000 0.620
2026.000 0.640
2027.000 0.608
2028.000 0.680
2029.000 0.648
2030.000 0.634
2031.000 0.642
2032.000 0.654
2033.000 0.647
2034.000 0.648
2035.000 0.635
2036.000 0.634
2037.000 0.655
2038.000 0.653
2039.000 0.663
2040.000 0.658
2041.000 0.649
2042.000 0.665
2043.000 0.659
2044.000 0.664
2045.000 0.659
2046.000 0.656
2047.000 0.674
2048.000 0.671
2049.000 0.673
2050.000 0.675
2051.000 0.683
2052.000 0.696
2053.000 0.697
2054.000 0.700
2055.000 0.689
2056.000 0.698
2057.000 0.713
2058.000 0.710
2059.000 0.708
2060.000 0.703
2061.000 0.714
2062.000 0.718
2063.000 0.727
2064.000 0.718
2065.000 0.720
2066.000 0.731
2067.000 0.739
2068.000 0.736
2069.000 0.739
2070.000 0.741
2071.000 0.752
2072.000 0.755
2073.000 0.757
2074.000 0.758
2075.000 0.777
2076.000 0.774
2077.000 0.785
2078.000 0.785
2079.000 0.782
2080.000 0.794
2081.000 0.802
2082.000 0.790
2083.000 0.814
2084.000 0.819
2085.000 0.820
2086.000 0.828
2087.000 0.833
2088.000 0.831
2089.000 0.843
2090.000 0.854
2091.000 0.878
2092.000 0.866
2093.000 0.846
2094.000 0.887
2095.000 0.879
2096.000 0.899
2097.000 0.892
2098.000 0.896
2099.000 0.931
2100.000 0.920
2101.000 0.928
2102.000 0.953
2103.000 0.952
2104.000 0.968
2105.000 0.986
2106.000 0.983
2107.000 0.957
2108.000 1.024
2109.000 0.992
2110.000 1.007
2111.000 1.044
2112.000 1.048
2113.000 1.062
2114.000 1.070
2115.000 1.096
2116.000 1.114
2117.000 1.110
2118.000 1.132
2119.000 1.153
2120.000 1.165
2121.000 1.189
2122.000 1.198
2123.000 1.231
2124.000 1.254
2125.000 1.264
2126.000 1.305
2127.000 1.314
2128.000 1.339
2129.000 1.349
2130.000 1.401
2131.000 1.436
2132.000 1.446
2133.000 1.458
2134.000 1.507
2135.000 1.559
2136.000 1.605
2137.000 1.637
2138.000 1.657
2139.000 1.660
2140.000 1.749
2141.000 1.870
2142.000 1.847
2143.000 1.965
2144.000 2.009
2145.000 2.040
2146.000 2.066
2147.000 2.171
2148.000 2.250
2149.000 2.384
2150.000 2.451
2151.000 2.576
2152.000 2.635
2153.000 2.781
2154.000 3.000
2155.000 3.156
2156.000 3.393
2157.000 3.560
2158.000 3.767
2159.000 4.098
2160.000 4.332
2161.000 4.668
2162.000 5.042
2163.000 5.314
2164.000 5.467
2165.000 5.750
2166.000 6.029
2167.000 6.101
2168.000 6.136
2169.000 5.927
2170.000 5.537
2171.000 5.091
2172.000 4.641
2173.000 4.193
2174.000 3.820
2175.000 3.302
2176.000 3.070
2177.000 2.912
2178.000 2.680
2179.000 2.470
2180.000 2.240
2181.000 2.084
2182.000 1.911
2183.000 1.800
2184.000 1.672
2185.000 1.554
2186.000 1.438
2187.000 1.361
2188.000 1.290
2189.000 1.247
2190.000 1.176
2191.000 1.071
2192.000 1.006
2193.000 0.926
2194.000 0.934
2195.000 0.826
2196.000 0.786
2197.000 0.738
2198.000 0.716
2199.000 0.667
2200.000 0.640
2201.000 0.612
2202.000 0.554
2203.000 0.555
2204.000 0.476
2205.000 0.459
2206.000 0.446
2207.000 0.394
2208.000 0.375
2209.000 0.336
2210.000 0.341
2211.000 0.293
2212.000 0.285
2213.000 0.263
2214.000 0.234
2215.000 0.212
2216.000 0.244
2217.000 0.431
2218.000 0.291
2219.000 0.171
2220.000 0.268
2221.000 0.211
2222.000 0.179
2223.000 0.097
2224.000 0.107
2225.000 0.078
2226.000 0.098
2227.000 0.214
2228.000 0.114
2229.000 0.162
2230.000 0.111
2231.000 0.318
2232.000 0.176
2233.000 0.192
2234.000 0.320
2235.000 0.452
2236.000 0.240
2237.000 0.269
2238.000 0.294
2239.000 0.360
2240.000 0.318
2241.000 0.389
2242.000 0.409
2243.000 0.442
2244.000 0.404
2245.000 0.644
2246.000 0.501
2247.000 0.528
2248.000 0.508
2249.000 0.579
2250.000 0.606
2251.000 0.682
2252.000 0.715
2253.000 0.786
2254.000 0.798
2255.000 0.887
2256.000 0.901
2257.000 1.049
2258.000 0.946
2259.000 1.138
2260.000 1.181
2261.000 1.277
2262.000 1.318
2263.000 1.594
2264.000 1.556
2265.000 1.647
2266.000 1.783
2267.000 1.968
2268.000 2.165
2269.000 2.308
2270.000 2.679
2271.000 2.912
2272.000 3.239
2273.000 3.517
2274.000 3.773
2275.000 4.200
2276.000 4.640
2277.000 5.036
2278.000 5.361
2279.000 5.494
2280.000 5.366
2281.000 5.029
2282.000 4.517
2283.000 4.055
2284.000 3.613
2285.000 3.434
2286.000 3.159
2287.000 2.800
2288.000 2.546
2289.000 2.351
2290.000 2.267
2291.000 2.333
2292.000 1.960
2293.000 1.808
2294.000 1.715
2295.000 1.643
2296.000 1.515
2297.000 1.495
2298.000 1.425
2299.000 1.354
2300.000 1.308
2301.000 1.248
2302.000 1.215
2303.000 1.154
2304.000 1.191
2305.000 1.145
2306.000 1.072
2307.000 1.037
2308.000 1.011
2309.000 0.953
2310.000 0.930
2311.000 0.923
2312.000 0.850
2313.000 0.842
2314.000 0.853
2315.000 0.817
2316.000 0.702
2317.000 0.762
2318.000 0.739
2319.000 0.727
2320.000 0.698
2321.000 0.727
2322.000 0.696
2323.000 0.686
2324.000 0.674
2325.000 0.673
2326.000 0.646
2327.000 0.628
2328.000 0.605
2329.000 0.592
2330.000 0.578
2331.000 0.574
2332.000 0.564
2333.000 0.561
2334.000 0.567
2335.000 0.542
2336.000 0.541
2337.000 0.517
2338.000 0.538
2339.000 0.484
2340.000 0.507
2341.000 0.503
2342.000 0.493
2343.000 0.468
2344.000 0.467
2345.000 0.493
2346.000 0.472
2347.000 0.457
2348.000 0.444
2349.000 0.472
2350.000 0.433
2351.000 0.438
2352.000 0.428
2353.000 0.416
2354.000 0.409
2355.000 0.484
2356.000 0.410
2357.000 0.398
2358.000 0.410
2359.000 0.389
2360.000 0.406
2361.000 0.377
2362.000 0.388
2363.000 0.378
2364.000 0.379
2365.000 0.374
2366.000 0.365
2367.000 0.353
2368.000 0.360
2369.000 0.355
2370.000 0.343
2371.000 0.356
2372.000 0.347
2373.000 0.338
2374.000 0.338
2375.000 0.325
2376.000 0.329
2377.000 0.349
2378.000 0.324
2379.000 0.324
2380.000 0.307
2381.000 0.318
2382.000 0.313
2383.000 0.325
2384.000 0.296
2385.000 0.286
2386.000 0.305
2387.000 0.284
2388.000 0.286
2389.000 0.298
2390.000 0.290
2391.000 0.288
2392.000 0.292
2393.000 0.294
2394.000 0.277
2395.000 0.274
2396.000 0.271
2397.000 0.268
2398.000 0.280
2399.000 0.260
2400.000 0.267
2401.000 0.265
2402.000 0.263
2403.000 0.253
2404.000 0.259
2405.000 0.251
2406.000 0.276
2407.000 0.256
2408.000 0.244
2409.000 0.253
2410.000 0.243
2411.000 0.247
2412.000 0.256
2413.000 0.244
2414.000 0.237
2415.000 0.240
2416.000 0.236
2417.000 0.227
2418.000 0.240
2419.000 0.233
2420.000 0.229
2421.000 0.231
2422.000 0.228
2423.000 0.229
2424.000 0.223
2425.000 0.225
2426.000 0.224
2427.000 0.222
2428.000 0.222
2429.000 0.220
2430.000 0.214
2431.000 0.216
2432.000 0.208
2433.000 0.209
2434.000 0.212
2435.000 0.204
2436.000 0.208
2437.000 0.209
2438.000 0.204
2439.000 0.206
2440.000 0.233
2441.000 0.212
2442.000 0.196
2443.000 0.202
2444.000 0.201
2445.000 0.198
2446.000 0.205
2447.000 0.199
2448.000 0.196
2449.000 0.196
2450.000 0.187
2451.000 0.204
2452.000 0.192
2453.000 0.194
2454.000 0.224
2455.000 0.193
2456.000 0.188
2457.000 0.190
2458.000 0.188
2459.000 0.180
2460.000 0.183
2461.000 0.192
2462.000 0.180
2463.000 0.188
2464.000 0.182
2465.000 0.186
2466.000 0.181
2467.000 0.181
2468.000 0.205
2469.000 0.184
2470.000 0.177
2471.000 0.174
2472.000 0.174
2473.000 0.180
2474.000 0.176
2475.000 0.170
2476.000 0.180
2477.000 0.173
2478.000 0.182
2479.000 0.177
2480.000 0.177
2481.000 0.175
2482.000 0.173
2483.000 0.175
2484.000 0.174
2485.000 0.172
2486.000 0.165
2487.000 0.172
2488.000 0.176
2489.000 0.172
2490.000 0.173
2491.000 0.179
2492.000 0.171
2493.000 0.175
2494.000 0.181
2495.000 0.173
2496.000 0.171
2497.000 0.167
2498.000 0.171
2499.000 0.181
2500.000 0.173
2501.000 0.168
2502.000 0.170
2503.000 0.168
2504.000 0.174
2505.000 0.168
2506.000 0.167
2507.000 0.165
2508.000 0.168
2509.000 0.165
2510.000 0.163
2511.000 0.171
2512.000 0.164
2513.000 0.159
2514.000 0.180
2515.000 0.166
2516.000 0.164
2517.000 0.165
2518.000 0.168
2519.000 0.170
2520.000 0.163
2521.000 0.164
2522.000 0.168
2523.000 0.168
2524.000 0.163
2525.000 0.164
2526.000 0.172
2527.000 0.161
2528.000 0.166
2529.000 0.166
2530.000 0.167
2531.000 0.157
2532.000 0.165
2533.000 0.166
2534.000 0.164
2535.000 0.166
2536.000 0.171
2537.000 0.170
2538.000 0.170
2539.000 0.172
2540.000 0.170
2541.000 0.172
2542.000 0.164
2543.000 0.161
2544.000 0.168
2545.000 0.175
2546.000 0.170
2547.000 0.167
2548.000 0.170
2549.000 0.166
2550.000 0.173
2551.000 0.166
2552.000 0.168
2553.000 0.178
2554.000 0.174
2555.000 0.180
2556.000 0.172
2557.000 0.173
2558.000 0.176
2559.000 0.177
2560.000 0.174
2561.000 0.172
2562.000 0.161
2563.000 0.176
2564.000 0.163
2565.000 0.174
2566.000 0.180
2567.000 0.176
2568.000 0.175
2569.000 0.175
2570.000 0.175
2571.000 0.177
2572.000 0.176
2573.000 0.178
2574.000 0.178
2575.000 0.174
2576.000 0.182
2577.000 0.179
2578.000 0.177
2579.000 0.185
2580.000 0.187
2581.000 0.184
2582.000 0.181
2583.000 0.180
2584.000 0.181
2585.000 0.183
2586.000 0.184
2587.000 0.179
2588.000 0.186
2589.000 0.184
2590.000 0.186
2591.000 0.183
2592.000 0.181
2593.000 0.189
2594.000 0.192
2595.000 0.194
2596.000 0.187
2597.000 0.186
2598.000 0.189
2599.000 0.186
2600.000 0.193
