105.000 0.114
110.000 0.106
115.000 0.089
120.000 0.088
125.000 0.098
130.000 0.117
135.000 0.089
140.000 0.088
145.000 0.085
150.000 0.107
155.000 0.100
160.000 0.103
165.000 0.121
170.000 0.120
175.000 0.098
180.000 0.146
185.000 0.158
190.000 0.127
195.000 0.139
200.000 0.145
205.000 0.138
210.000 0.142
215.000 0.125
220.000 0.149
225.000 0.137
230.000 0.158
235.000 0.156
240.000 0.144
245.000 0.161
250.000 0.150
255.000 0.172
260.000 0.151
265.000 0.174
270.000 0.196
275.000 0.184
280.000 0.187
285.000 0.195
290.000 0.185
295.000 0.201
300.000 0.219
305.000 0.222
310.000 0.232
315.000 0.240
320.000 0.230
325.000 0.255
330.000 0.253
335.000 0.278
340.000 0.282
345.000 0.307
350.000 0.303
355.000 0.329
360.000 0.356
365.000 0.357
370.000 0.375
375.000 0.412
380.000 0.420
385.000 0.441
390.000 0.481
395.000 0.481
400.000 0.484
405.000 0.508
410.000 0.512
415.000 0.504
420.000 0.495
425.000 0.478
430.000 0.481
435.000 0.439
440.000 0.438
445.000 0.407
450.000 0.380
455.000 0.350
460.000 0.338
465.000 0.307
470.000 0.288
475.000 0.262
480.000 0.245
485.000 0.250
490.000 0.225
495.000 0.217
500.000 0.211
505.000 0.200
510.000 0.181
515.000 0.171
520.000 0.164
525.000 0.158
530.000 0.141
535.000 0.150
540.000 0.139
545.000 0.131
550.000 0.129
555.000 0.126
560.000 0.114
565.000 0.112
570.000 0.103
575.000 0.103
580.000 0.101
585.000 0.100
590.000 0.093
595.000 0.087
600.000 0.097
605.000 0.083
610.000 0.083
615.000 0.085
620.000 0.078
625.000 0.079
630.000 0.063
635.000 0.071
640.000 0.064
645.000 0.058
650.000 0.066
655.000 0.059
660.000 0.065
665.000 0.062
670.000 0.066
675.000 0.057
680.000 0.050
685.000 0.056
690.000 0.040
695.000 0.041
700.000 0.043
705.000 0.041
710.000 0.045
715.000 0.047
720.000 0.043
725.000 0.052
730.000 0.036
735.000 0.035
740.000 0.038
745.000 0.035
750.000 0.040
755.000 0.043
760.000 0.038
765.000 0.027
770.000 0.033
775.000 0.032
780.000 0.026
785.000 0.027
790.000 0.031
795.000 0.034
800.000 0.027
805.000 0.036
810.000 0.028
815.000 0.027
820.000 0.033
825.000 0.028
830.000 0.027
835.000 0.026
840.000 0.027
845.000 0.020
850.000 0.025
855.000 0.028
860.000 0.023
865.000 0.013
870.000 0.016
875.000 0.015
880.000 0.023
885.000 0.025
890.000 0.023
895.000 0.015
900.000 0.024
905.000 0.019
910.000 0.017
915.000 0.023
920.000 0.014
925.000 0.010
930.000 0.014
935.000 0.016
940.000 0.020
945.000 0.010
950.000 0.017
955.000 0.014
960.000 0.014
965.000 0.011
970.000 0.019
975.000 0.007
980.000 0.012
985.000 0.010
990.000 0.016
995.000 0.011
1000.000 0.015
1005.000 0.013
1010.000 0.014
1015.000 0.015
1020.000 0.013
1025.000 0.016
1030.000 0.012
1035.000 0.012
1040.000 0.013
1045.000 0.012
1050.000 0.015
1055.000 0.016
1060.000 0.013
1065.000 0.016
1070.000 0.012
1075.000 0.017
1080.000 0.008
1085.000 0.014
1090.000 0.018
1095.000 0.011
1100.000 0.014
1105.000 0.010
1110.000 0.016
1115.000 0.009
1120.000 0.013
1125.000 0.017
1130.000 0.018
1135.000 0.020
1140.000 0.011
1145.000 0.015
1150.000 0.015
1155.000 0.017
1160.000 0.009
1165.000 0.015
1170.000 0.012
1175.000 0.015
1180.000 0.017
1185.000 0.014
1190.000 0.016
1195.000 0.022
1200.000 0.016
1205.000 0.019
1210.000 0.023
1215.000 0.016
1220.000 0.017
1225.000 0.023
1230.000 0.023
1235.000 0.026
1240.000 0.020
1245.000 0.021
1250.000 0.027
1255.000 0.025
1260.000 0.032
1265.000 0.023
1270.000 0.020
1275.000 0.028
1280.000 0.030
1285.000 0.023
1290.000 0.024
1295.000 0.028
1300.000 0.031
1305.000 0.027
1310.000 0.033
1315.000 0.022
1320.000 0.030
1325.000 0.031
1330.000 0.029
1335.000 0.032
1340.000 0.032
1345.000 0.029
1350.000 0.034
1355.000 0.035
1360.000 0.035
1365.000 0.040
1370.000 0.035
1375.000 0.034
1380.000 0.037
1385.000 0.039
1390.000 0.034
1395.000 0.036
1400.000 0.034
1405.000 0.032
1410.000 0.039
1415.000 0.036
1420.000 0.036
1425.000 0.036
1430.000 0.040
1435.000 0.047
1440.000 0.048
1445.000 0.042
1450.000 0.037
1455.000 0.048
1460.000 0.050
1465.000 0.052
1470.000 0.054
1475.000 0.057
1480.000 0.061
1485.000 0.064
1490.000 0.064
1495.000 0.064
1500.000 0.070
1505.000 0.070
1510.000 0.064
1515.000 0.068
1520.000 0.075
1525.000 0.077
1530.000 0.080
1535.000 0.079
1540.000 0.078
1545.000 0.078
1550.000 0.090
1555.000 0.088
1560.000 0.089
1565.000 0.091
1570.000 0.096
1575.000 0.097
1580.000 0.100
1585.000 0.099
1590.000 0.102
1595.000 0.106
1600.000 0.114
1605.000 0.118
1610.000 0.114
1615.000 0.118
1620.000 0.120
1625.000 0.121
1630.000 0.132
1635.000 0.127
1640.000 0.136
1645.000 0.132
1650.000 0.141
1655.000 0.141
1660.000 0.148
1665.000 0.159
1670.000 0.153
1675.000 0.158
1680.000 0.169
1685.000 0.173
1690.000 0.177
1695.000 0.176
1700.000 0.189
1705.000 0.191
1710.000 0.197
1715.000 0.199
1720.000 0.200
1725.000 0.210
1730.000 0.213
1735.000 0.223
1740.000 0.235
1745.000 0.238
1750.000 0.242
1755.000 0.248
1760.000 0.249
1765.000 0.254
1770.000 0.262
1775.000 0.274
1780.000 0.284
1785.000 0.289
1790.000 0.299
1795.000 0.307
1800.000 0.305
1805.000 0.318
1810.000 0.323
1815.000 0.334
1820.000 0.340
1825.000 0.344
1830.000 0.350
1835.000 0.368
1840.000 0.368
1845.000 0.372
1850.000 0.372
1855.000 0.381
1860.000 0.381
1865.000 0.397
1870.000 0.406
1875.000 0.399
1880.000 0.403
1885.000 0.415
1890.000 0.401
1895.000 0.402
1900.000 0.405
1905.000 0.429
1910.000 0.414
1915.000 0.418
1920.000 0.428
1925.000 0.432
1930.000 0.420
1935.000 0.415
1940.000 0.418
1945.000 0.400
1950.000 0.409
1955.000 0.394
1960.000 0.419
1965.000 0.413
1970.000 0.419
1975.000 0.411
1980.000 0.428
1985.000 0.393
1990.000 0.421
1995.000 0.399
2000.000 0.409
2005.000 0.413
2010.000 0.398
2015.000 0.412
2020.000 0.415
2025.000 0.405
2030.000 0.401
2035.000 0.399
2040.000 0.402
2045.000 0.400
2050.000 0.410
2055.000 0.408
2060.000 0.408
2065.000 0.412
2070.000 0.415
2075.000 0.414
2080.000 0.425
2085.000 0.417
2090.000 0.424
2095.000 0.431
2100.000 0.429
2105.000 0.438
2110.000 0.437
2115.000 0.444
2120.000 0.453
2125.000 0.463
2130.000 0.461
2135.000 0.468
2140.000 0.482
2145.000 0.483
2150.000 0.494
2155.000 0.500
2160.000 0.509
2165.000 0.519
2170.000 0.537
2175.000 0.548
2180.000 0.559
2185.000 0.579
2190.000 0.595
2195.000 0.605
2200.000 0.632
2205.000 0.643
2210.000 0.659
2215.000 0.697
2220.000 0.714
2225.000 0.749
2230.000 0.798
2235.000 0.850
2240.000 0.906
2245.000 0.964
2250.000 1.048
2255.000 1.142
2260.000 1.153
2265.000 1.301
2270.000 1.427
2275.000 1.670
2280.000 1.926
2285.000 2.285
2290.000 2.914
2295.000 3.791
2300.000 5.109
2305.000 6.412
2310.000 6.512
2315.000 6.038
2320.000 4.150
2325.000 2.850
2330.000 2.173
2335.000 1.703
2340.000 1.431
2345.000 1.213
2350.000 1.065
2355.000 0.970
2360.000 0.824
2365.000 0.763
2370.000 0.686
2375.000 0.648
2380.000 0.599
2385.000 0.564
2390.000 0.531
2395.000 0.502
2400.000 0.458
2405.000 0.430
2410.000 0.414
2415.000 0.388
2420.000 0.367
2425.000 0.357
2430.000 0.334
2435.000 0.326
2440.000 0.312
2445.000 0.313
2450.000 0.287
2455.000 0.283
2460.000 0.274
2465.000 0.271
2470.000 0.259
2475.000 0.250
2480.000 0.251
2485.000 0.239
2490.000 0.235
2495.000 0.238
2500.000 0.232
2505.000 0.225
2510.000 0.222
2515.000 0.213
2520.000 0.224
2525.000 0.213
2530.000 0.220
2535.000 0.218
2540.000 0.219
2545.000 0.218
2550.000 0.214
2555.000 0.216
2560.000 0.220
2565.000 0.222
2570.000 0.218
2575.000 0.223
2580.000 0.222
2585.000 0.224
2590.000 0.225
2595.000 0.223
2600.000 0.229
2605.000 0.233
2610.000 0.236
2615.000 0.235
2620.000 0.242
2625.000 0.241
2630.000 0.243
2635.000 0.252
2640.000 0.250
2645.000 0.250
2650.000 0.264
2655.000 0.262
2660.000 0.266
2665.000 0.275
2670.000 0.275
2675.000 0.281
2680.000 0.282
2685.000 0.284
2690.000 0.291
2695.000 0.291
2700.000 0.295
2705.000 0.306
2710.000 0.307
2715.000 0.307
2720.000 0.317
2725.000 0.329
2730.000 0.324
2735.000 0.333
2740.000 0.339
2745.000 0.338
2750.000 0.342
2755.000 0.354
2760.000 0.354
2765.000 0.363
2770.000 0.363
2775.000 0.380
2780.000 0.382
2785.000 0.389
2790.000 0.387
2795.000 0.392
2800.000 0.404
2805.000 0.406
2810.000 0.423
2815.000 0.419
2820.000 0.429
2825.000 0.431
2830.000 0.433
2835.000 0.440
2840.000 0.445
2845.000 0.452
2850.000 0.457
2855.000 0.455
2860.000 0.465
2865.000 0.471
2870.000 0.471
2875.000 0.476
2880.000 0.481
2885.000 0.486
2890.000 0.489
2895.000 0.490
2900.000 0.496
2905.000 0.494
2910.000 0.498
2915.000 0.503
2920.000 0.505
2925.000 0.507
2930.000 0.511
2935.000 0.512
2940.000 0.511
2945.000 0.511
2950.000 0.511
2955.000 0.516
2960.000 0.510
2965.000 0.517
2970.000 0.515
2975.000 0.520
2980.000 0.513
2985.000 0.516
2990.000 0.516
2995.000 0.513
3000.000 0.509
3005.000 0.512
3010.000 0.507
3015.000 0.512
3020.000 0.510
3025.000 0.510
3030.000 0.505
3035.000 0.505
3040.000 0.507
3045.000 0.506
3050.000 0.505
3055.000 0.504
3060.000 0.507
3065.000 0.496
3070.000 0.495
3075.000 0.501
3080.000 0.492
3085.000 0.493
3090.000 0.498
3095.000 0.493
3100.000 0.492
3105.000 0.489
3110.000 0.485
3115.000 0.488
3120.000 0.481
3125.000 0.486
3130.000 0.484
3135.000 0.487
3140.000 0.486
3145.000 0.486
3150.000 0.486
3155.000 0.485
3160.000 0.486
3165.000 0.482
3170.000 0.483
3175.000 0.482
3180.000 0.483
3185.000 0.483
3190.000 0.483
3195.000 0.478
3200.000 0.480
3205.000 0.486
3210.000 0.483
3215.000 0.481
3220.000 0.485
3225.000 0.488
3230.000 0.488
3235.000 0.485
3240.000 0.485
3245.000 0.485
3250.000 0.489
3255.000 0.490
3260.000 0.496
3265.000 0.497
3270.000 0.496
3275.000 0.501
3280.000 0.505
3285.000 0.509
3290.000 0.504
3295.000 0.508
3300.000 0.507
3305.000 0.512
3310.000 0.514
3315.000 0.518
3320.000 0.521
3325.000 0.524
3330.000 0.528
3335.000 0.532
3340.000 0.541
3345.000 0.542
3350.000 0.548
3355.000 0.554
3360.000 0.553
3365.000 0.557
3370.000 0.561
3375.000 0.568
3380.000 0.574
3385.000 0.582
3390.000 0.585
3395.000 0.590
3400.000 0.601
3405.000 0.604
3410.000 0.621
3415.000 0.622
3420.000 0.628
3425.000 0.633
3430.000 0.640
3435.000 0.655
3440.000 0.660
3445.000 0.669
3450.000 0.679
3455.000 0.694
3460.000 0.701
3465.000 0.712
3470.000 0.731
3475.000 0.740
3480.000 0.745
3485.000 0.761
3490.000 0.782
3495.000 0.794
3500.000 0.813
3505.000 0.832
3510.000 0.848
3515.000 0.871
3520.000 0.889
3525.000 0.919
3530.000 0.943
3535.000 0.962
3540.000 0.990
3545.000 1.009
3550.000 1.036
3555.000 1.078
3560.000 1.108
3565.000 1.150
3570.000 1.192
3575.000 1.244
3580.000 1.289
3585.000 1.345
3590.000 1.404
3595.000 1.472
3600.000 1.504
3605.000 1.586
3610.000 1.673
3615.000 1.765
3620.000 1.877
3625.000 1.996
3630.000 2.147
3635.000 2.306
3640.000 2.495
3645.000 2.709
3650.000 2.987
3655.000 3.312
3660.000 3.498
3665.000 3.958
3670.000 4.569
3675.000 5.384
3680.000 6.540
3685.000 8.234
3690.000 10.698
3695.000 14.427
3700.000 18.633
3705.000 20.154
3710.000 13.551
3715.000 9.300
3720.000 6.841
3725.000 6.137
3730.000 5.053
3735.000 4.295
3740.000 3.726
3745.000 3.303
3750.000 2.960
3755.000 2.678
3760.000 2.435
3765.000 2.337
3770.000 2.076
3775.000 1.936
3780.000 1.809
3785.000 1.756
3790.000 1.645
3795.000 1.587
3800.000 1.475
3805.000 1.397
3810.000 1.335
3815.000 1.272
3820.000 1.214
3825.000 1.162
3830.000 1.121
3835.000 1.078
3840.000 1.055
3845.000 1.022
3850.000 0.982
3855.000 0.955
3860.000 0.920
3865.000 0.887
3870.000 0.866
3875.000 0.835
3880.000 0.820
3885.000 0.797
3890.000 0.773
3895.000 0.751
3900.000 0.738
3905.000 0.727
3910.000 0.705
3915.000 0.691
3920.000 0.677
3925.000 0.662
3930.000 0.652
3935.000 0.640
3940.000 0.625
3945.000 0.608
3950.000 0.595
3955.000 0.597
3960.000 0.575
3965.000 0.573
3970.000 0.563
3975.000 0.553
3980.000 0.544
3985.000 0.536
3990.000 0.521
3995.000 0.518
4000.000 0.513
4005.000 0.506
4010.000 0.496
4015.000 0.493
4020.000 0.488
4025.000 0.479
4030.000 0.476
4035.000 0.470
4040.000 0.461
4045.000 0.463
4050.000 0.458
4055.000 0.448
4060.000 0.438
4065.000 0.437
4070.000 0.436
4075.000 0.431
4080.000 0.425
4085.000 0.426
4090.000 0.420
4095.000 0.413
4100.000 0.415
4105.000 0.406
4110.000 0.401
4115.000 0.405
4120.000 0.396
4125.000 0.392
4130.000 0.390
4135.000 0.380
4140.000 0.383
4145.000 0.371
4150.000 0.368
4155.000 0.367
4160.000 0.369
4165.000 0.355
4170.000 0.351
4175.000 0.348
4180.000 0.349
4185.000 0.343
4190.000 0.340
4195.000 0.328
4200.000 0.330
4205.000 0.324
4210.000 0.320
4215.000 0.320
4220.000 0.311
4225.000 0.311
4230.000 0.303
4235.000 0.299
4240.000 0.294
4245.000 0.291
4250.000 0.286
4255.000 0.284
4260.000 0.286
4265.000 0.281
4270.000 0.282
4275.000 0.282
4280.000 0.283
4285.000 0.279
4290.000 0.276
4295.000 0.281
4300.000 0.275
4305.000 0.281
4310.000 0.282
4315.000 0.282
4320.000 0.285
4325.000 0.286
4330.000 0.284
4335.000 0.285
4340.000 0.284
4345.000 0.285
4350.000 0.290
4355.000 0.287
4360.000 0.292
4365.000 0.291
4370.000 0.291
4375.000 0.289
4380.000 0.287
4385.000 0.294
4390.000 0.292
4395.000 0.296
4400.000 0.293
4405.000 0.296
4410.000 0.301
4415.000 0.297
4420.000 0.300
4425.000 0.299
4430.000 0.294
4435.000 0.300
4440.000 0.303
4445.000 0.304
4450.000 0.302
4455.000 0.304
4460.000 0.309
4465.000 0.309
4470.000 0.310
4475.000 0.307
4480.000 0.319
4485.000 0.318
4490.000 0.312
4495.000 0.317
4500.000 0.321
4505.000 0.321
4510.000 0.322
4515.000 0.320
4520.000 0.329
4525.000 0.328
4530.000 0.326
4535.000 0.336
4540.000 0.339
4545.000 0.338
4550.000 0.338
4555.000 0.343
4560.000 0.343
4565.000 0.344
4570.000 0.345
4575.000 0.351
4580.000 0.355
4585.000 0.353
4590.000 0.360
4595.000 0.362
4600.000 0.370
4605.000 0.367
4610.000 0.374
4615.000 0.376
4620.000 0.384
4625.000 0.385
4630.000 0.390
4635.000 0.393
4640.000 0.394
4645.000 0.399
4650.000 0.409
4655.000 0.409
4660.000 0.417
4665.000 0.426
4670.000 0.425
4675.000 0.438
4680.000 0.439
4685.000 0.449
4690.000 0.454
4695.000 0.460
4700.000 0.465
4705.000 0.477
4710.000 0.482
4715.000 0.492
4720.000 0.505
4725.000 0.514
4730.000 0.523
4735.000 0.533
4740.000 0.544
4745.000 0.552
4750.000 0.565
4755.000 0.584
4760.000 0.592
4765.000 0.599
4770.000 0.613
4775.000 0.630
4780.000 0.645
4785.000 0.663
4790.000 0.679
4795.000 0.698
4800.000 0.716
4805.000 0.731
4810.000 0.749
4815.000 0.772
4820.000 0.794
4825.000 0.823
4830.000 0.853
4835.000 0.881
4840.000 0.903
4845.000 0.944
4850.000 0.974
4855.000 1.009
4860.000 1.054
4865.000 1.072
4870.000 1.142
4875.000 1.165
4880.000 1.219
4885.000 1.276
4890.000 1.338
4895.000 1.405
4900.000 1.485
4905.000 1.566
4910.000 1.675
4915.000 1.785
4920.000 1.919
4925.000 2.064
4930.000 2.245
4935.000 2.453
4940.000 2.565
4945.000 2.839
4950.000 3.153
4955.000 3.526
4960.000 3.921
4965.000 4.256
4970.000 5.645
4975.000 11.771
4980.000 11.621
4985.000 15.842
4990.000 16.695
4995.000 13.889
5000.000 9.095
5005.000 7.834
5010.000 6.166
5015.000 5.050
5020.000 4.309
5025.000 3.735
5030.000 3.356
5035.000 3.004
5040.000 2.735
5045.000 2.514
5050.000 2.328
5055.000 2.247
5060.000 2.087
5065.000 1.960
5070.000 1.854
5075.000 1.765
5080.000 1.672
5085.000 1.609
5090.000 1.534
5095.000 1.476
5100.000 1.422
5105.000 1.378
5110.000 1.337
5115.000 1.302
5120.000 1.283
5125.000 1.247
5130.000 1.216
5135.000 1.192
5140.000 1.164
5145.000 1.144
5150.000 1.119
5155.000 1.097
5160.000 1.083
5165.000 1.075
5170.000 1.058
5175.000 1.031
5180.000 1.022
5185.000 1.016
5190.000 0.999
5195.000 0.996
5200.000 0.983
5205.000 0.971
5210.000 0.962
5215.000 0.955
5220.000 0.948
5225.000 0.944
5230.000 0.936
5235.000 0.929
5240.000 0.926
5245.000 0.918
5250.000 0.918
5255.000 0.911
5260.000 0.909
5265.000 0.901
5270.000 0.898
5275.000 0.896
5280.000 0.895
5285.000 0.885
5290.000 0.881
5295.000 0.882
5300.000 0.878
5305.000 0.878
5310.000 0.876
5315.000 0.871
5320.000 0.865
5325.000 0.864
5330.000 0.861
5335.000 0.854
5340.000 0.854
5345.000 0.850
5350.000 0.848
5355.000 0.843
5360.000 0.840
5365.000 0.840
5370.000 0.833
5375.000 0.831
5380.000 0.828
5385.000 0.827
5390.000 0.828
5395.000 0.818
5400.000 0.815
5405.000 0.811
5410.000 0.818
5415.000 0.810
5420.000 0.805
5425.000 0.801
5430.000 0.799
5435.000 0.792
5440.000 0.788
5445.000 0.784
5450.000 0.788
5455.000 0.777
5460.000 0.778
5465.000 0.775
5470.000 0.772
5475.000 0.766
5480.000 0.763
5485.000 0.756
5490.000 0.755
5495.000 0.759
5500.000 0.753
5505.000 0.750
5510.000 0.749
5515.000 0.741
5520.000 0.740
5525.000 0.737
5530.000 0.738
5535.000 0.739
5540.000 0.733
5545.000 0.731
5550.000 0.727
5555.000 0.727
5560.000 0.721
5565.000 0.724
5570.000 0.718
5575.000 0.718
5580.000 0.714
5585.000 0.714
5590.000 0.715
5595.000 0.716
5600.000 0.711
5605.000 0.713
5610.000 0.709
5615.000 0.713
5620.000 0.711
5625.000 0.708
5630.000 0.710
5635.000 0.712
5640.000 0.713
5645.000 0.710
5650.000 0.707
5655.000 0.712
5660.000 0.708
5665.000 0.710
5670.000 0.716
5675.000 0.714
5680.000 0.714
5685.000 0.713
5690.000 0.718
5695.000 0.720
5700.000 0.717
5705.000 0.715
5710.000 0.718
5715.000 0.724
5720.000 0.722
5725.000 0.727
5730.000 0.730
5735.000 0.729
5740.000 0.732
5745.000 0.736
5750.000 0.735
5755.000 0.742
5760.000 0.742
5765.000 0.747
5770.000 0.751
5775.000 0.752
5780.000 0.758
5785.000 0.763
5790.000 0.765
5795.000 0.771
5800.000 0.771
5805.000 0.782
5810.000 0.787
5815.000 0.791
5820.000 0.793
5825.000 0.803
5830.000 0.805
5835.000 0.806
5840.000 0.815
5845.000 0.818
5850.000 0.829
5855.000 0.838
5860.000 0.839
5865.000 0.856
5870.000 0.859
5875.000 0.868
5880.000 0.880
5885.000 0.889
5890.000 0.900
5895.000 0.905
5900.000 0.922
5905.000 0.927
5910.000 0.943
5915.000 0.950
5920.000 0.957
5925.000 0.971
5930.000 0.983
5935.000 0.996
5940.000 1.011
5945.000 1.028
5950.000 1.046
5955.000 1.047
5960.000 1.072
5965.000 1.092
5970.000 1.105
5975.000 1.121
5980.000 1.131
5985.000 1.156
5990.000 1.171
5995.000 1.195
6000.000 1.220
6005.000 1.243
6010.000 1.274
6015.000 1.303
6020.000 1.331
6025.000 1.358
6030.000 1.389
6035.000 1.417
6040.000 1.435
6045.000 1.466
6050.000 1.504
6055.000 1.545
6060.000 1.589
6065.000 1.634
6070.000 1.683
6075.000 1.741
6080.000 1.793
6085.000 1.852
6090.000 1.911
6095.000 1.941
6100.000 2.018
6105.000 2.095
6110.000 2.184
6115.000 2.278
6120.000 2.378
6125.000 2.478
6130.000 2.609
6135.000 2.747
6140.000 2.905
6145.000 2.980
6150.000 3.151
6155.000 3.338
6160.000 3.560
6165.000 3.829
6170.000 4.137
6175.000 4.492
6180.000 4.908
6185.000 5.424
6190.000 6.044
6195.000 6.846
6200.000 7.902
6205.000 9.244
6210.000 10.981
6215.000 13.841
6220.000 15.397
6225.000 19.272
6230.000 23.217
6235.000 24.156
6240.000 19.734
6245.000 15.238
6250.000 11.779
6255.000 9.567
6260.000 8.027
6265.000 6.923
6270.000 6.487
6275.000 5.823
6280.000 5.322
6285.000 4.946
6290.000 4.602
6295.000 4.322
6300.000 4.044
6305.000 3.822
6310.000 3.610
6315.000 3.416
6320.000 3.253
6325.000 3.083
6330.000 2.946
6335.000 2.877
6340.000 2.752
6345.000 2.641
6350.000 2.539
6355.000 2.449
6360.000 2.363
6365.000 2.293
6370.000 2.216
6375.000 2.157
6380.000 2.094
6385.000 2.029
6390.000 1.981
6395.000 1.927
6400.000 1.908
6405.000 1.868
6410.000 1.831
6415.000 1.783
6420.000 1.751
6425.000 1.729
6430.000 1.696
6435.000 1.672
6440.000 1.660
6445.000 1.630
6450.000 1.614
6455.000 1.593
6460.000 1.595
6465.000 1.589
6470.000 1.578
6475.000 1.574
6480.000 1.574
6485.000 1.574
6490.000 1.573
6495.000 1.591
6500.000 1.607
6505.000 1.623
6510.000 1.672
6515.000 1.708
6520.000 1.767
6525.000 1.799
6530.000 1.894
6535.000 2.000
6540.000 2.163
6545.000 2.420
6550.000 2.789
6555.000 3.422
6560.000 3.934
6565.000 6.936
6570.000 9.877
6575.000 7.652
6580.000 3.291
6585.000 1.247
6590.000 0.520
6595.000 0.567
6600.000 0.263
6605.000 0.133
6610.000 0.018
6615.000 0.079
6620.000 0.107
6625.000 0.192
6630.000 0.234
6635.000 0.277
6640.000 0.288
6645.000 0.319
6650.000 0.340
6655.000 0.358
6660.000 0.379
6665.000 0.401
6670.000 0.405
6675.000 0.419
6680.000 0.433
6685.000 0.441
6690.000 0.447
6695.000 0.456
6700.000 0.460
6705.000 0.460
6710.000 0.472
6715.000 0.476
6720.000 0.480
6725.000 0.486
6730.000 0.488
6735.000 0.493
6740.000 0.497
6745.000 0.499
6750.000 0.505
6755.000 0.506
6760.000 0.508
6765.000 0.515
6770.000 0.514
6775.000 0.518
6780.000 0.522
6785.000 0.516
6790.000 0.521
6795.000 0.526
6800.000 0.525
6805.000 0.528
6810.000 0.534
6815.000 0.532
6820.000 0.535
6825.000 0.537
6830.000 0.538
6835.000 0.550
6840.000 0.545
6845.000 0.550
6850.000 0.553
6855.000 0.552
6860.000 0.556
6865.000 0.556
6870.000 0.560
6875.000 0.568
6880.000 0.560
6885.000 0.570
6890.000 0.568
6895.000 0.571
6900.000 0.580
6905.000 0.583
6910.000 0.587
6915.000 0.588
6920.000 0.589
6925.000 0.593
6930.000 0.595
6935.000 0.605
6940.000 0.609
6945.000 0.611
6950.000 0.611
6955.000 0.620
6960.000 0.620
6965.000 0.625
6970.000 0.635
6975.000 0.635
6980.000 0.645
6985.000 0.646
6990.000 0.647
6995.000 0.658
7000.000 0.662
7005.000 0.664
7010.000 0.670
7015.000 0.679
7020.000 0.684
7025.000 0.690
7030.000 0.692
7035.000 0.700
7040.000 0.712
7045.000 0.717
7050.000 0.729
7055.000 0.732
7060.000 0.740
7065.000 0.744
7070.000 0.752
7075.000 0.764
7080.000 0.777
7085.000 0.784
7090.000 0.794
7095.000 0.802
7100.000 0.809
7105.000 0.822
7110.000 0.828
7115.000 0.850
7120.000 0.863
7125.000 0.871
7130.000 0.883
7135.000 0.890
7140.000 0.903
7145.000 0.919
7150.000 0.936
7155.000 0.950
7160.000 0.970
7165.000 0.979
7170.000 0.999
7175.000 1.021
7180.000 1.038
7185.000 1.050
7190.000 1.066
7195.000 1.090
7200.000 1.115
7205.000 1.139
7210.000 1.160
7215.000 1.185
7220.000 1.211
7225.000 1.237
7230.000 1.267
7235.000 1.296
7240.000 1.313
7245.000 1.352
7250.000 1.404
7255.000 1.420
7260.000 1.460
7265.000 1.503
7270.000 1.550
7275.000 1.595
7280.000 1.651
7285.000 1.700
7290.000 1.738
7295.000 1.791
7300.000 1.885
7305.000 1.954
7310.000 1.985
7315.000 2.069
7320.000 2.153
7325.000 2.251
7330.000 2.347
7335.000 2.461
7340.000 2.584
7345.000 2.718
7350.000 2.867
7355.000 3.032
7360.000 3.121
7365.000 3.428
7370.000 3.539
7375.000 3.797
7380.000 4.090
7385.000 4.421
7390.000 4.851
7395.000 5.347
7400.000 5.930
7405.000 6.636
7410.000 7.481
7415.000 8.620
7420.000 9.290
7425.000 11.653
7430.000 13.910
7435.000 15.299
7440.000 18.379
7445.000 20.999
7450.000 21.409
7455.000 18.825
7460.000 15.218
7465.000 12.406
7470.000 10.342
7475.000 8.750
7480.000 7.678
7485.000 7.181
7490.000 6.407
7495.000 5.781
7500.000 5.272
7505.000 4.869
7510.000 4.508
7515.000 4.195
7520.000 3.919
7525.000 3.678
7530.000 3.476
7535.000 3.284
7540.000 3.107
7545.000 2.963
7550.000 2.829
7555.000 2.763
7560.000 2.633
7565.000 2.533
7570.000 2.435
7575.000 2.351
7580.000 2.266
7585.000 2.190
7590.000 2.124
7595.000 2.056
7600.000 2.013
7605.000 1.951
7610.000 1.924
7615.000 1.875
7620.000 1.828
7625.000 1.781
7630.000 1.742
7635.000 1.703
7640.000 1.667
7645.000 1.621
7650.000 1.596
7655.000 1.563
7660.000 1.548
7665.000 1.508
7670.000 1.493
7675.000 1.457
7680.000 1.443
7685.000 1.423
7690.000 1.401
7695.000 1.384
7700.000 1.358
7705.000 1.348
7710.000 1.324
7715.000 1.309
7720.000 1.294
7725.000 1.285
7730.000 1.273
7735.000 1.254
7740.000 1.245
7745.000 1.234
7750.000 1.222
7755.000 1.210
7760.000 1.199
7765.000 1.192
7770.000 1.179
7775.000 1.170
7780.000 1.168
7785.000 1.163
7790.000 1.146
7795.000 1.145
7800.000 1.145
7805.000 1.135
7810.000 1.136
7815.000 1.130
7820.000 1.123
7825.000 1.117
7830.000 1.122
7835.000 1.117
7840.000 1.112
7845.000 1.118
7850.000 1.112
7855.000 1.113
7860.000 1.112
7865.000 1.107
7870.000 1.115
7875.000 1.118
7880.000 1.122
7885.000 1.123
7890.000 1.133
7895.000 1.133
7900.000 1.138
7905.000 1.142
7910.000 1.153
7915.000 1.164
7920.000 1.172
7925.000 1.179
7930.000 1.190
7935.000 1.204
7940.000 1.226
7945.000 1.240
7950.000 1.256
7955.000 1.278
7960.000 1.303
7965.000 1.333
7970.000 1.346
7975.000 1.400
7980.000 1.446
7985.000 1.473
7990.000 1.526
7995.000 1.588
8000.000 1.665
8005.000 1.744
8010.000 1.849
8015.000 1.994
8020.000 2.144
8025.000 2.370
8030.000 2.698
8035.000 3.159
8040.000 3.476
8045.000 4.418
8050.000 6.054
8055.000 8.856
8060.000 11.565
8065.000 7.698
8070.000 3.869
8075.000 2.370
8080.000 1.215
8085.000 1.047
8090.000 0.879
8095.000 0.541
8100.000 0.478
8105.000 0.341
8110.000 0.225
8115.000 0.135
8120.000 0.063
8125.000 0.032
8130.000 0.068
8135.000 0.120
8140.000 0.160
8145.000 0.203
8150.000 0.230
8155.000 0.268
8160.000 0.295
8165.000 0.312
8170.000 0.333
8175.000 0.359
8180.000 0.379
8185.000 0.402
8190.000 0.421
8195.000 0.444
8200.000 0.466
8205.000 0.475
8210.000 0.492
8215.000 0.516
8220.000 0.524
8225.000 0.537
8230.000 0.551
8235.000 0.570
8240.000 0.581
8245.000 0.595
8250.000 0.611
8255.000 0.626
8260.000 0.644
8265.000 0.655
8270.000 0.670
8275.000 0.681
8280.000 0.694
8285.000 0.707
8290.000 0.722
8295.000 0.743
8300.000 0.750
8305.000 0.768
8310.000 0.783
8315.000 0.798
8320.000 0.810
8325.000 0.831
8330.000 0.845
8335.000 0.866
8340.000 0.870
8345.000 0.889
8350.000 0.907
8355.000 0.931
8360.000 0.950
8365.000 0.971
8370.000 0.993
8375.000 1.017
8380.000 1.039
8385.000 1.065
8390.000 1.076
8395.000 1.103
8400.000 1.148
8405.000 1.158
8410.000 1.186
8415.000 1.210
8420.000 1.243
8425.000 1.278
8430.000 1.312
8435.000 1.349
8440.000 1.390
8445.000 1.432
8450.000 1.481
8455.000 1.506
8460.000 1.560
8465.000 1.644
8470.000 1.672
8475.000 1.738
8480.000 1.812
8485.000 1.877
8490.000 1.960
8495.000 2.059
8500.000 2.164
8505.000 2.293
8510.000 2.440
8515.000 2.633
8520.000 2.748
8525.000 3.230
8530.000 3.518
8535.000 4.280
8540.000 5.290
8545.000 4.511
8550.000 2.004
8555.000 1.225
8560.000 2.192
8565.000 2.873
8570.000 3.024
8575.000 3.480
8580.000 3.827
8585.000 4.245
8590.000 4.474
8595.000 4.991
8600.000 5.490
8605.000 6.202
8610.000 7.056
8615.000 8.073
8620.000 9.363
8625.000 10.917
8630.000 12.735
8635.000 13.631
8640.000 15.662
8645.000 15.676
8650.000 15.168
8655.000 13.453
8660.000 11.570
8665.000 9.912
8670.000 8.400
8675.000 7.306
8680.000 6.458
8685.000 5.828
8690.000 5.342
8695.000 4.990
8700.000 4.622
8705.000 4.453
8710.000 4.160
8715.000 3.905
8720.000 3.677
8725.000 3.475
8730.000 3.300
8735.000 3.134
8740.000 2.991
8745.000 2.865
8750.000 2.749
8755.000 2.639
8760.000 2.584
8765.000 2.448
8770.000 2.367
8775.000 2.321
8780.000 2.243
8785.000 2.176
8790.000 2.116
8795.000 2.052
8800.000 2.003
8805.000 1.946
8810.000 1.901
8815.000 1.849
8820.000 1.827
8825.000 1.763
8830.000 1.742
8835.000 1.706
8840.000 1.669
8845.000 1.646
8850.000 1.611
8855.000 1.578
8860.000 1.550
8865.000 1.526
8870.000 1.495
8875.000 1.473
8880.000 1.452
8885.000 1.425
8890.000 1.412
8895.000 1.395
8900.000 1.368
8905.000 1.357
8910.000 1.331
8915.000 1.321
8920.000 1.297
8925.000 1.282
8930.000 1.268
8935.000 1.249
8940.000 1.234
8945.000 1.226
8950.000 1.210
8955.000 1.203
8960.000 1.192
8965.000 1.180
8970.000 1.168
8975.000 1.157
8980.000 1.150
8985.000 1.141
8990.000 1.127
8995.000 1.118
9000.000 1.115
9005.000 1.100
9010.000 1.093
9015.000 1.086
9020.000 1.083
9025.000 1.075
9030.000 1.067
9035.000 1.064
9040.000 1.058
9045.000 1.047
9050.000 1.045
9055.000 1.037
9060.000 1.033
9065.000 1.030
9070.000 1.028
9075.000 1.020
9080.000 1.019
9085.000 1.013
9090.000 1.014
9095.000 1.009
9100.000 1.003
9105.000 1.003
9110.000 0.996
9115.000 0.994
9120.000 0.999
9125.000 0.998
9130.000 0.997
9135.000 0.997
9140.000 0.993
9145.000 0.990
9150.000 0.993
9155.000 0.990
9160.000 0.993
9165.000 0.993
9170.000 0.990
9175.000 0.995
9180.000 0.996
9185.000 0.998
9190.000 0.999
9195.000 1.002
9200.000 0.999
9205.000 1.004
9210.000 1.009
9215.000 1.009
9220.000 1.017
9225.000 1.022
9230.000 1.022
9235.000 1.026
9240.000 1.035
9245.000 1.038
9250.000 1.043
9255.000 1.053
9260.000 1.054
9265.000 1.059
9270.000 1.073
9275.000 1.075
9280.000 1.087
9285.000 1.099
9290.000 1.107
9295.000 1.113
9300.000 1.121
9305.000 1.142
9310.000 1.156
9315.000 1.161
9320.000 1.176
9325.000 1.189
9330.000 1.209
9335.000 1.224
9340.000 1.243
9345.000 1.264
9350.000 1.288
9355.000 1.307
9360.000 1.323
9365.000 1.364
9370.000 1.398
9375.000 1.436
9380.000 1.451
9385.000 1.492
9390.000 1.537
9395.000 1.577
9400.000 1.635
9405.000 1.697
9410.000 1.765
9415.000 1.849
9420.000 1.940
9425.000 2.054
9430.000 2.193
9435.000 2.340
9440.000 2.573
9445.000 2.698
9450.000 2.983
9455.000 3.425
9460.000 4.021
9465.000 4.955
9470.000 6.455
9475.000 8.912
9480.000 11.978
9485.000 11.671
9490.000 4.794
9495.000 3.928
9500.000 2.620
9505.000 1.839
9510.000 1.344
9515.000 0.985
9520.000 0.711
9525.000 0.468
9530.000 0.320
9535.000 0.187
9540.000 0.081
9545.000 0.075
9550.000 0.139
9555.000 0.210
9560.000 0.243
9565.000 0.308
9570.000 0.370
9575.000 0.427
9580.000 0.485
9585.000 0.540
9590.000 0.589
9595.000 0.644
9600.000 0.686
9605.000 0.736
9610.000 0.785
9615.000 0.832
9620.000 0.881
9625.000 0.897
9630.000 0.947
9635.000 0.997
9640.000 1.050
9645.000 1.098
9650.000 1.149
9655.000 1.206
9660.000 1.273
9665.000 1.333
9670.000 1.394
9675.000 1.460
9680.000 1.534
9685.000 1.572
9690.000 1.635
9695.000 1.715
9700.000 1.802
9705.000 1.896
9710.000 1.995
9715.000 2.112
9720.000 2.239
9725.000 2.363
9730.000 2.433
9735.000 2.590
9740.000 2.848
9745.000 3.052
9750.000 3.168
9755.000 3.410
9760.000 3.694
9765.000 4.042
9770.000 4.445
9775.000 4.962
9780.000 5.567
9785.000 6.207
9790.000 6.602
9795.000 8.042
9800.000 9.159
9805.000 9.707
9810.000 10.968
9815.000 12.140
9820.000 12.861
9825.000 12.680
9830.000 11.663
9835.000 10.276
9840.000 8.898
9845.000 7.783
9850.000 7.309
9855.000 6.070
9860.000 5.422
9865.000 5.171
9870.000 4.698
9875.000 4.305
9880.000 3.983
9885.000 3.715
9890.000 3.508
9895.000 3.310
9900.000 3.112
9905.000 2.934
9910.000 2.854
9915.000 2.632
9920.000 2.578
9925.000 2.386
9930.000 2.330
9935.000 2.227
9940.000 2.135
9945.000 2.052
9950.000 1.986
9955.000 1.922
9960.000 1.852
9965.000 1.788
9970.000 1.759
9975.000 1.683
9980.000 1.651
9985.000 1.607
9990.000 1.556
9995.000 1.516
10000.000 1.472
10005.000 1.430
10010.000 1.395
10015.000 1.362
10020.000 1.323
10025.000 1.295
10030.000 1.261
10035.000 1.232
10040.000 1.205
10045.000 1.195
10050.000 1.167
10055.000 1.139
10060.000 1.113
10065.000 1.089
10070.000 1.065
10075.000 1.044
10080.000 1.022
10085.000 0.995
10090.000 0.970
10095.000 0.946
10100.000 0.926
10105.000 0.899
10110.000 0.890
10115.000 0.863
10120.000 0.839
10125.000 0.809
10130.000 0.782
10135.000 0.744
10140.000 0.690
10145.000 0.631
10150.000 0.558
10155.000 0.455
10160.000 0.323
10165.000 0.319
10170.000 0.541
10175.000 1.550
10180.000 2.749
10185.000 2.170
10190.000 2.094
10195.000 1.642
10200.000 1.390
10205.000 1.224
10210.000 1.182
10215.000 1.138
10220.000 1.106
10225.000 1.074
10230.000 1.050
10235.000 1.043
10240.000 1.022
10245.000 1.003
10250.000 0.986
10255.000 0.972
10260.000 0.961
10265.000 0.945
10270.000 0.944
10275.000 0.927
10280.000 0.921
10285.000 0.914
10290.000 0.908
10295.000 0.902
10300.000 0.896
10305.000 0.882
10310.000 0.882
10315.000 0.879
10320.000 0.875
10325.000 0.869
10330.000 0.861
10335.000 0.860
10340.000 0.864
10345.000 0.851
10350.000 0.853
10355.000 0.847
10360.000 0.848
10365.000 0.847
10370.000 0.847
10375.000 0.841
10380.000 0.836
10385.000 0.844
10390.000 0.838
10395.000 0.832
10400.000 0.835
10405.000 0.836
10410.000 0.837
10415.000 0.837
10420.000 0.839
10425.000 0.837
10430.000 0.840
10435.000 0.841
10440.000 0.843
10445.000 0.842
10450.000 0.844
10455.000 0.844
10460.000 0.848
10465.000 0.845
10470.000 0.853
10475.000 0.852
10480.000 0.861
10485.000 0.860
10490.000 0.861
10495.000 0.868
10500.000 0.868
10505.000 0.877
10510.000 0.878
10515.000 0.886
10520.000 0.885
10525.000 0.892
10530.000 0.899
10535.000 0.905
10540.000 0.909
10545.000 0.919
10550.000 0.925
10555.000 0.926
10560.000 0.939
10565.000 0.943
10570.000 0.952
10575.000 0.961
10580.000 0.969
10585.000 0.971
10590.000 0.987
10595.000 0.990
10600.000 1.003
10605.000 1.017
10610.000 1.031
10615.000 1.043
10620.000 1.057
10625.000 1.062
10630.000 1.077
10635.000 1.093
10640.000 1.109
10645.000 1.122
10650.000 1.139
10655.000 1.156
10660.000 1.174
10665.000 1.186
10670.000 1.207
10675.000 1.223
10680.000 1.256
10685.000 1.276
10690.000 1.303
10695.000 1.335
10700.000 1.349
10705.000 1.394
10710.000 1.431
10715.000 1.461
10720.000 1.482
10725.000 1.520
10730.000 1.561
10735.000 1.608
10740.000 1.651
10745.000 1.706
10750.000 1.762
10755.000 1.830
10760.000 1.894
10765.000 1.934
10770.000 2.062
10775.000 2.116
10780.000 2.230
10785.000 2.348
10790.000 2.484
10795.000 2.630
10800.000 2.823
10805.000 3.030
10810.000 3.282
10815.000 3.609
10820.000 4.003
10825.000 4.515
10830.000 5.070
10835.000 5.912
10840.000 6.443
10845.000 7.681
10850.000 9.046
10855.000 9.789
10860.000 8.757
10865.000 6.335
10870.000 4.420
10875.000 3.068
10880.000 2.246
10885.000 1.663
10890.000 1.188
10895.000 0.799
10900.000 0.642
10905.000 0.375
10910.000 0.234
10915.000 0.342
10920.000 0.529
10925.000 0.760
10930.000 1.011
10935.000 1.272
10940.000 1.563
10945.000 1.875
10950.000 2.047
10955.000 2.428
10960.000 3.094
10965.000 3.382
10970.000 4.064
10975.000 4.777
10980.000 5.547
10985.000 6.317
10990.000 6.940
10995.000 7.213
11000.000 7.062
11005.000 6.546
11010.000 6.236
11015.000 5.717
11020.000 5.129
11025.000 4.604
11030.000 4.165
11035.000 3.816
11040.000 3.453
11045.000 3.195
11050.000 2.981
11055.000 2.787
11060.000 2.616
11065.000 2.472
11070.000 2.322
11075.000 2.198
11080.000 2.144
11085.000 2.044
11090.000 1.964
11095.000 1.880
11100.000 1.812
11105.000 1.742
11110.000 1.678
11115.000 1.614
11120.000 1.563
11125.000 1.541
11130.000 1.473
11135.000 1.427
11140.000 1.405
11145.000 1.362
11150.000 1.327
11155.000 1.295
11160.000 1.263
11165.000 1.236
11170.000 1.200
11175.000 1.174
11180.000 1.155
11185.000 1.135
11190.000 1.126
11195.000 1.093
11200.000 1.085
11205.000 1.056
11210.000 1.045
11215.000 1.030
11220.000 1.013
11225.000 0.992
11230.000 0.977
11235.000 0.962
11240.000 0.951
11245.000 0.937
11250.000 0.935
11255.000 0.915
11260.000 0.905
11265.000 0.899
11270.000 0.893
11275.000 0.875
11280.000 0.873
11285.000 0.856
11290.000 0.850
11295.000 0.843
11300.000 0.835
11305.000 0.823
11310.000 0.820
11315.000 0.811
11320.000 0.806
11325.000 0.803
11330.000 0.789
11335.000 0.784
11340.000 0.726
11345.000 0.773
11350.000 0.768
11355.000 0.764
11360.000 0.749
11365.000 0.751
11370.000 0.753
11375.000 0.748
11380.000 0.741
11385.000 0.736
11390.000 0.730
11395.000 0.724
11400.000 0.725
11405.000 0.718
11410.000 0.712
11415.000 0.711
11420.000 0.705
11425.000 0.701
11430.000 0.702
11435.000 0.695
11440.000 0.693
11445.000 0.689
11450.000 0.690
11455.000 0.680
11460.000 0.684
11465.000 0.679
11470.000 0.674
11475.000 0.671
11480.000 0.665
11485.000 0.666
11490.000 0.662
11495.000 0.663
11500.000 0.657
11505.000 0.655
11510.000 0.654
11515.000 0.651
11520.000 0.652
11525.000 0.649
11530.000 0.641
11535.000 0.643
11540.000 0.643
11545.000 0.639
11550.000 0.636
11555.000 0.634
11560.000 0.627
11565.000 0.632
11570.000 0.631
11575.000 0.628
11580.000 0.623
11585.000 0.620
11590.000 0.618
11595.000 0.614
11600.000 0.615
11605.000 0.605
11610.000 0.608
11615.000 0.601
11620.000 0.598
11625.000 0.590
11630.000 0.586
11635.000 0.578
11640.000 0.569
11645.000 0.570
11650.000 0.558
11655.000 0.547
11660.000 0.533
11665.000 0.517
11670.000 0.502
11675.000 0.486
11680.000 0.461
11685.000 0.425
11690.000 0.383
11695.000 0.320
11700.000 0.241
11705.000 0.144
11710.000 0.233
11715.000 0.627
11720.000 1.364
11725.000 2.468
11730.000 2.796
11735.000 2.010
11740.000 1.738
11745.000 1.492
11750.000 1.345
11755.000 1.258
11760.000 1.206
11765.000 1.163
11770.000 1.133
11775.000 1.107
11780.000 1.097
11785.000 1.089
11790.000 1.080
11795.000 1.074
11800.000 1.068
11805.000 1.064
11810.000 1.066
11815.000 1.069
11820.000 1.074
11825.000 1.080
11830.000 1.086
11835.000 1.089
11840.000 1.098
11845.000 1.108
11850.000 1.110
11855.000 1.122
11860.000 1.131
11865.000 1.145
11870.000 1.165
11875.000 1.174
11880.000 1.191
11885.000 1.207
11890.000 1.226
11895.000 1.248
11900.000 1.265
11905.000 1.291
11910.000 1.302
11915.000 1.328
11920.000 1.357
11925.000 1.377
11930.000 1.408
11935.000 1.438
11940.000 1.469
11945.000 1.505
11950.000 1.538
11955.000 1.578
11960.000 1.620
11965.000 1.665
11970.000 1.717
11975.000 1.743
11980.000 1.802
11985.000 1.867
11990.000 1.940
11995.000 2.011
12000.000 2.089
