1   2000    100 0.508   0.001   990.9   0.1
2   523 1   0.515   0.001   990.7   0.1
3   233.2   0.1 0.518   0.001   990.6   0.1
4   133.3   0.1 0.525   0.001   990.6   0.1
5   86.5    0.1 0.532   0.001   990.5   0.1
6   60.7    0.1 0.540   0.001   990.5   0.1
7   45.5    0.1 0.550   0.001   990.6   0.1
8   36.0    0.1 0.564   0.001   990.5   0.1
9   29.1    0.1 0.577   0.001   990.5   0.1
10  24.1    0.1 0.592   0.001   990.6   0.1
20  8.46    0.01    0.827   0.001   990.7   0.1
100 3.41    0.01    7.022   0.001   991.7   0.1
