-15 0.016   0.001
-14 0.032   0.001
-13 0.063   0.001
-12 0.133   0.001
-11 0.23    0.01
-10 0.38    0.01
-9  0.54    0.01
-8  0.73    0.01
-7  0.89    0.01
-6  0.89    0.01
-5  0.96    0.01
-4  0.65    0.01
-3  0.42    0.01
-2  0.18    0.01
-1  0.039   0.001
0   0.028   0.001
1   0.20    0.01
2   0.41    0.01
3   0.69    0.01
4   0.99    0.01
5   1.25    0.01
6   1.50    0.1
7   1.70    0.1
8   1.50    0.1
9   1.40    0.1
10  1.30    0.1
11  1.02    0.01
12  0.78    0.01
13  0.48    0.01
14  0.30    0.01
15  0.165   0.001
