105.000 0.200
110.000 0.564
115.000 0.771
120.000 0.956
125.000 0.899
130.000 1.014
135.000 1.126
140.000 1.381
145.000 1.425
150.000 1.254
155.000 1.485
160.000 1.485
165.000 1.370
170.000 1.591
175.000 1.591
180.000 1.629
185.000 1.458
190.000 1.751
195.000 1.583
200.000 1.917
205.000 1.928
210.000 1.805
215.000 1.976
220.000 1.731
225.000 2.118
230.000 2.090
235.000 2.030
240.000 2.066
245.000 2.194
250.000 2.268
255.000 2.245
260.000 2.300
265.000 2.323
270.000 2.363
275.000 2.385
280.000 2.381
285.000 2.381
290.000 2.418
295.000 2.536
300.000 2.581
305.000 2.582
310.000 2.581
315.000 2.581
320.000 2.708
325.000 2.784
330.000 2.893
335.000 2.882
340.000 2.832
345.000 3.151
350.000 3.015
355.000 3.046
360.000 3.110
365.000 3.182
370.000 3.496
375.000 3.494
380.000 3.658
385.000 3.623
390.000 3.718
395.000 3.865
400.000 4.204
405.000 4.146
410.000 4.146
415.000 4.459
420.000 4.459
425.000 4.869
430.000 5.239
435.000 5.239
440.000 5.314
445.000 5.449
450.000 5.419
455.000 5.555
460.000 5.664
465.000 5.755
470.000 5.953
475.000 5.857
480.000 5.862
485.000 5.829
490.000 5.691
495.000 5.571
500.000 5.420
505.000 5.260
510.000 5.046
515.000 4.856
520.000 4.661
525.000 4.661
530.000 4.503
535.000 4.300
540.000 4.003
545.000 4.003
550.000 3.827
555.000 3.700
560.000 3.539
565.000 3.373
570.000 3.251
575.000 3.078
580.000 2.925
585.000 2.799
590.000 2.665
595.000 2.559
600.000 2.439
605.000 2.345
610.000 2.243
615.000 2.133
620.000 2.056
625.000 1.999
630.000 1.902
635.000 1.808
640.000 1.748
645.000 1.748
650.000 1.677
655.000 1.628
660.000 1.546
665.000 1.478
670.000 1.394
675.000 1.394
680.000 1.334
685.000 1.295
690.000 1.256
695.000 1.180
700.000 1.165
705.000 1.116
710.000 1.080
715.000 1.027
720.000 1.018
725.000 0.995
730.000 0.937
735.000 0.917
740.000 0.885
745.000 0.866
750.000 0.836
755.000 0.798
760.000 0.788
765.000 0.766
770.000 0.726
775.000 0.726
780.000 0.712
785.000 0.689
790.000 0.671
795.000 0.671
800.000 0.641
805.000 0.592
810.000 0.592
815.000 0.579
820.000 0.574
825.000 0.536
830.000 0.527
835.000 0.519
840.000 0.502
845.000 0.482
850.000 0.459
855.000 0.448
860.000 0.450
865.000 0.425
870.000 0.409
875.000 0.397
880.000 0.381
885.000 0.369
890.000 0.355
895.000 0.355
900.000 0.342
905.000 0.329
910.000 0.311
915.000 0.313
920.000 0.296
925.000 0.284
930.000 0.275
935.000 0.261
940.000 0.244
945.000 0.257
950.000 0.263
955.000 0.260
960.000 0.249
965.000 0.242
970.000 0.234
975.000 0.233
980.000 0.243
985.000 0.229
990.000 0.225
995.000 0.216
1000.000 0.214
1005.000 0.204
1010.000 0.210
1015.000 0.209
1020.000 0.192
1025.000 0.203
1030.000 0.200
1035.000 0.196
1040.000 0.192
1045.000 0.189
1050.000 0.194
1055.000 0.185
1060.000 0.193
1065.000 0.185
1070.000 0.188
1075.000 0.183
1080.000 0.189
1085.000 0.190
1090.000 0.182
1095.000 0.185
1100.000 0.184
1105.000 0.199
1110.000 0.194
1115.000 0.191
1120.000 0.189
1125.000 0.200
1130.000 0.200
1135.000 0.203
1140.000 0.202
1145.000 0.202
1150.000 0.205
1155.000 0.217
1160.000 0.216
1165.000 0.210
1170.000 0.224
1175.000 0.227
1180.000 0.220
1185.000 0.239
1190.000 0.227
1195.000 0.238
1200.000 0.245
1205.000 0.257
1210.000 0.253
1215.000 0.260
1220.000 0.259
1225.000 0.252
1230.000 0.266
1235.000 0.270
1240.000 0.281
1245.000 0.277
1250.000 0.286
1255.000 0.293
1260.000 0.293
1265.000 0.293
1270.000 0.293
1275.000 0.326
1280.000 0.298
1285.000 0.317
1290.000 0.317
1295.000 0.314
1300.000 0.335
1305.000 0.333
1310.000 0.343
1315.000 0.328
1320.000 0.338
1325.000 0.343
1330.000 0.367
1335.000 0.377
1340.000 0.367
1345.000 0.367
1350.000 0.385
1355.000 0.380
1360.000 0.383
1365.000 0.412
1370.000 0.390
1375.000 0.414
1380.000 0.426
1385.000 0.426
1390.000 0.436
1395.000 0.429
1400.000 0.429
1405.000 0.444
1410.000 0.460
1415.000 0.446
1420.000 0.463
1425.000 0.463
1430.000 0.467
1435.000 0.472
1440.000 0.473
1445.000 0.491
1450.000 0.496
1455.000 0.504
1460.000 0.499
1465.000 0.516
1470.000 0.515
1475.000 0.529
1480.000 0.537
1485.000 0.540
1490.000 0.544
1495.000 0.548
1500.000 0.564
1505.000 0.564
1510.000 0.565
1515.000 0.582
1520.000 0.585
1525.000 0.590
1530.000 0.590
1535.000 0.603
1540.000 0.605
1545.000 0.614
1550.000 0.614
1555.000 0.625
1560.000 0.631
1565.000 0.635
1570.000 0.639
1575.000 0.646
1580.000 0.654
1585.000 0.666
1590.000 0.671
1595.000 0.671
1600.000 0.671
1605.000 0.680
1610.000 0.691
1615.000 0.686
1620.000 0.690
1625.000 0.690
1630.000 0.696
1635.000 0.700
1640.000 0.700
1645.000 0.705
1650.000 0.704
1655.000 0.699
1660.000 0.709
1665.000 0.700
1670.000 0.702
1675.000 0.694
1680.000 0.685
1685.000 0.680
1690.000 0.673
1695.000 0.657
1700.000 0.649
1705.000 0.639
1710.000 0.622
1715.000 0.595
1720.000 0.596
1725.000 0.575
1730.000 0.562
1735.000 0.562
1740.000 0.559
1745.000 0.559
1750.000 0.566
1755.000 0.587
1760.000 0.605
1765.000 0.663
1770.000 0.707
1775.000 0.707
1780.000 0.753
1785.000 0.794
1790.000 0.846
1795.000 0.890
1800.000 0.936
1805.000 0.979
1810.000 1.025
1815.000 1.065
1820.000 1.110
1825.000 1.142
1830.000 1.177
1835.000 1.216
1840.000 1.246
1845.000 1.285
1850.000 1.319
1855.000 1.342
1860.000 1.375
1865.000 1.406
1870.000 1.428
1875.000 1.428
1880.000 1.448
1885.000 1.497
1890.000 1.496
1895.000 1.548
1900.000 1.548
1905.000 1.581
1910.000 1.607
1915.000 1.609
1920.000 1.653
1925.000 1.663
1930.000 1.669
1935.000 1.698
1940.000 1.715
1945.000 1.739
1950.000 1.762
1955.000 1.764
1960.000 1.778
1965.000 1.801
1970.000 1.820
1975.000 1.822
1980.000 1.843
1985.000 1.852
1990.000 1.870
1995.000 1.870
2000.000 1.879
2005.000 1.907
2010.000 1.907
2015.000 1.923
2020.000 1.926
2025.000 1.944
2030.000 1.940
2035.000 1.954
2040.000 1.966
2045.000 1.970
2050.000 1.979
2055.000 1.977
2060.000 1.983
2065.000 1.986
2070.000 1.990
2075.000 1.987
2080.000 1.996
2085.000 1.993
2090.000 1.996
2095.000 1.989
2100.000 1.994
2105.000 1.989
2110.000 1.989
2115.000 1.985
2120.000 1.978
2125.000 1.969
2130.000 1.969
2135.000 1.974
2140.000 1.961
2145.000 1.957
2150.000 1.948
2155.000 1.943
2160.000 1.931
2165.000 1.933
2170.000 1.915
2175.000 1.908
2180.000 1.900
2185.000 1.886
2190.000 1.887
2195.000 1.873
2200.000 1.862
2205.000 1.854
2210.000 1.844
2215.000 1.837
2220.000 1.822
2225.000 1.815
2230.000 1.815
2235.000 1.796
2240.000 1.796
2245.000 1.773
2250.000 1.773
2255.000 1.767
2260.000 1.753
2265.000 1.743
2270.000 1.741
2275.000 1.723
2280.000 1.715
2285.000 1.702
2290.000 1.698
2295.000 1.681
2300.000 1.674
2305.000 1.669
2310.000 1.656
2315.000 1.646
2320.000 1.635
2325.000 1.626
2330.000 1.618
2335.000 1.607
2340.000 1.599
2345.000 1.591
2350.000 1.585
2355.000 1.585
2360.000 1.569
2365.000 1.555
2370.000 1.555
2375.000 1.547
2380.000 1.533
2385.000 1.533
2390.000 1.525
2395.000 1.514
2400.000 1.512
2405.000 1.505
2410.000 1.497
2415.000 1.487
2420.000 1.482
2425.000 1.476
2430.000 1.472
2435.000 1.460
2440.000 1.455
2445.000 1.454
2450.000 1.447
2455.000 1.440
2460.000 1.439
2465.000 1.428
2470.000 1.419
2475.000 1.411
2480.000 1.413
2485.000 1.405
2490.000 1.405
2495.000 1.401
2500.000 1.393
2505.000 1.388
2510.000 1.379
2515.000 1.377
2520.000 1.375
2525.000 1.366
2530.000 1.364
2535.000 1.364
2540.000 1.366
2545.000 1.355
2550.000 1.354
2555.000 1.350
2560.000 1.351
2565.000 1.339
2570.000 1.341
2575.000 1.336
2580.000 1.334
2585.000 1.336
2590.000 1.327
2595.000 1.327
2600.000 1.327
2605.000 1.324
2610.000 1.321
2615.000 1.321
2620.000 1.316
2625.000 1.315
2630.000 1.308
2635.000 1.313
2640.000 1.303
2645.000 1.305
2650.000 1.312
2655.000 1.307
2660.000 1.301
2665.000 1.299
2670.000 1.300
2675.000 1.304
2680.000 1.302
2685.000 1.297
2690.000 1.301
2695.000 1.302
2700.000 1.297
2705.000 1.304
2710.000 1.296
2715.000 1.296
2720.000 1.299
2725.000 1.297
2730.000 1.302
2735.000 1.302
2740.000 1.300
2745.000 1.302
2750.000 1.303
2755.000 1.304
2760.000 1.301
2765.000 1.304
2770.000 1.307
2775.000 1.303
2780.000 1.310
2785.000 1.314
2790.000 1.314
2795.000 1.313
2800.000 1.319
2805.000 1.318
2810.000 1.322
2815.000 1.326
2820.000 1.324
2825.000 1.328
2830.000 1.330
2835.000 1.335
2840.000 1.335
2845.000 1.333
2850.000 1.342
2855.000 1.342
2860.000 1.348
2865.000 1.350
2870.000 1.353
2875.000 1.359
2880.000 1.362
2885.000 1.365
2890.000 1.371
2895.000 1.375
2900.000 1.380
2905.000 1.386
2910.000 1.392
2915.000 1.398
2920.000 1.402
2925.000 1.408
2930.000 1.410
2935.000 1.420
2940.000 1.425
2945.000 1.436
2950.000 1.435
2955.000 1.447
2960.000 1.451
2965.000 1.461
2970.000 1.468
2975.000 1.477
2980.000 1.477
2985.000 1.485
2990.000 1.494
2995.000 1.503
3000.000 1.508
3005.000 1.513
3010.000 1.533
3015.000 1.540
3020.000 1.546
3025.000 1.558
3030.000 1.567
3035.000 1.578
3040.000 1.586
3045.000 1.603
3050.000 1.609
3055.000 1.623
3060.000 1.637
3065.000 1.646
3070.000 1.665
3075.000 1.665
3080.000 1.689
3085.000 1.703
3090.000 1.703
3095.000 1.716
3100.000 1.734
3105.000 1.746
3110.000 1.764
3115.000 1.778
3120.000 1.798
3125.000 1.813
3130.000 1.833
3135.000 1.850
3140.000 1.873
3145.000 1.893
3150.000 1.915
3155.000 1.939
3160.000 1.961
3165.000 1.984
3170.000 2.007
3175.000 2.033
3180.000 2.059
3185.000 2.087
3190.000 2.116
3195.000 2.142
3200.000 2.142
3205.000 2.178
3210.000 2.205
3215.000 2.238
3220.000 2.308
3225.000 2.347
3230.000 2.347
3235.000 2.386
3240.000 2.430
3245.000 2.470
3250.000 2.507
3255.000 2.556
3260.000 2.604
3265.000 2.653
3270.000 2.708
3275.000 2.756
3280.000 2.818
3285.000 2.879
3290.000 2.941
3295.000 3.005
3300.000 3.084
3305.000 3.153
3310.000 3.240
3315.000 3.322
3320.000 3.408
3325.000 3.503
3330.000 3.503
3335.000 3.611
3340.000 3.716
3345.000 3.959
3350.000 4.085
3355.000 4.239
3360.000 4.239
3365.000 4.386
3370.000 4.550
3375.000 4.735
3380.000 4.921
3385.000 5.130
3390.000 5.355
3395.000 5.604
3400.000 5.873
3405.000 6.185
3410.000 6.520
3415.000 6.890
3420.000 7.291
3425.000 7.749
3430.000 8.269
3435.000 8.850
3440.000 9.513
3445.000 10.254
3450.000 11.110
3455.000 11.110
3460.000 12.036
3465.000 13.067
3470.000 14.176
3475.000 15.324
3480.000 16.392
3485.000 17.359
3490.000 17.848
3495.000 17.848
3500.000 17.328
3505.000 16.367
3510.000 15.133
3515.000 13.877
3520.000 12.668
3525.000 11.556
3530.000 10.552
3535.000 9.688
3540.000 8.935
3545.000 8.269
3550.000 7.671
3555.000 7.158
3560.000 6.703
3565.000 6.294
3570.000 6.294
3575.000 5.924
3580.000 5.606
3585.000 5.308
3590.000 5.038
3595.000 4.574
3600.000 4.574
3605.000 4.368
3610.000 4.179
3615.000 4.003
3620.000 3.840
3625.000 3.695
3630.000 3.548
3635.000 3.420
3640.000 3.296
3645.000 3.183
3650.000 3.072
3655.000 2.975
3660.000 2.875
3665.000 2.788
3670.000 2.707
3675.000 2.617
3680.000 2.542
3685.000 2.473
3690.000 2.473
3695.000 2.403
3700.000 2.274
3705.000 2.274
3710.000 2.217
3715.000 2.164
3720.000 2.108
3725.000 2.057
3730.000 2.010
3735.000 1.960
3740.000 1.913
3745.000 1.870
3750.000 1.831
3755.000 1.792
3760.000 1.754
3765.000 1.720
3770.000 1.681
3775.000 1.645
3780.000 1.613
3785.000 1.582
3790.000 1.550
3795.000 1.524
3800.000 1.491
3805.000 1.465
3810.000 1.439
3815.000 1.439
3820.000 1.408
3825.000 1.358
3830.000 1.341
3835.000 1.341
3840.000 1.289
3845.000 1.273
3850.000 1.252
3855.000 1.252
3860.000 1.230
3865.000 1.211
3870.000 1.190
3875.000 1.173
3880.000 1.153
3885.000 1.133
3890.000 1.117
3895.000 1.103
3900.000 1.080
3905.000 1.074
3910.000 1.053
3915.000 1.037
3920.000 1.023
3925.000 1.012
3930.000 0.993
3935.000 0.979
3940.000 0.979
3945.000 0.968
3950.000 0.943
3955.000 0.943
3960.000 0.929
3965.000 0.916
3970.000 0.908
3975.000 0.883
3980.000 0.883
3985.000 0.871
3990.000 0.863
3995.000 0.847
4000.000 0.839
4005.000 0.828
4010.000 0.818
4015.000 0.809
4020.000 0.800
4025.000 0.791
4030.000 0.782
4035.000 0.774
4040.000 0.763
4045.000 0.751
4050.000 0.751
4055.000 0.748
4060.000 0.730
4065.000 0.730
4070.000 0.718
4075.000 0.717
4080.000 0.707
4085.000 0.701
4090.000 0.691
4095.000 0.682
4100.000 0.677
4105.000 0.669
4110.000 0.663
4115.000 0.655
4120.000 0.653
4125.000 0.644
4130.000 0.637
4135.000 0.631
4140.000 0.622
4145.000 0.618
4150.000 0.616
4155.000 0.608
4160.000 0.599
4165.000 0.595
4170.000 0.589
4175.000 0.589
4180.000 0.585
4185.000 0.575
4190.000 0.569
4195.000 0.569
4200.000 0.561
4205.000 0.560
4210.000 0.554
4215.000 0.549
4220.000 0.548
4225.000 0.541
4230.000 0.536
4235.000 0.533
4240.000 0.526
4245.000 0.525
4250.000 0.521
4255.000 0.515
4260.000 0.510
4265.000 0.508
4270.000 0.504
4275.000 0.501
4280.000 0.489
4285.000 0.489
4290.000 0.488
4295.000 0.479
4300.000 0.479
4305.000 0.472
4310.000 0.465
4315.000 0.451
4320.000 0.451
4325.000 0.441
4330.000 0.435
4335.000 0.429
4340.000 0.418
4345.000 0.412
4350.000 0.406
4355.000 0.398
4360.000 0.392
4365.000 0.392
4370.000 0.391
4375.000 0.386
4380.000 0.386
4385.000 0.383
4390.000 0.383
4395.000 0.381
4400.000 0.378
4405.000 0.375
4410.000 0.373
4415.000 0.374
4420.000 0.371
4425.000 0.371
4430.000 0.373
4435.000 0.368
4440.000 0.368
4445.000 0.367
4450.000 0.366
4455.000 0.362
4460.000 0.364
4465.000 0.364
4470.000 0.362
4475.000 0.361
4480.000 0.360
4485.000 0.359
4490.000 0.358
4495.000 0.355
4500.000 0.357
4505.000 0.358
4510.000 0.357
4515.000 0.359
4520.000 0.360
4525.000 0.359
4530.000 0.357
4535.000 0.357
4540.000 0.355
4545.000 0.359
4550.000 0.357
4555.000 0.357
4560.000 0.359
4565.000 0.365
4570.000 0.365
4575.000 0.362
4580.000 0.367
4585.000 0.368
4590.000 0.368
4595.000 0.370
4600.000 0.373
4605.000 0.373
4610.000 0.377
4615.000 0.378
4620.000 0.385
4625.000 0.385
4630.000 0.387
4635.000 0.390
4640.000 0.394
4645.000 0.397
4650.000 0.403
4655.000 0.404
4660.000 0.404
4665.000 0.415
4670.000 0.420
4675.000 0.419
4680.000 0.419
4685.000 0.428
4690.000 0.433
4695.000 0.433
4700.000 0.438
4705.000 0.442
4710.000 0.440
4715.000 0.443
4720.000 0.446
4725.000 0.449
4730.000 0.449
4735.000 0.447
4740.000 0.452
4745.000 0.450
4750.000 0.448
4755.000 0.444
4760.000 0.441
4765.000 0.434
4770.000 0.433
4775.000 0.428
4780.000 0.417
4785.000 0.413
4790.000 0.402
4795.000 0.402
4800.000 0.393
4805.000 0.377
4810.000 0.366
4815.000 0.366
4820.000 0.358
4825.000 0.349
4830.000 0.339
4835.000 0.331
4840.000 0.327
4845.000 0.320
4850.000 0.315
4855.000 0.310
4860.000 0.308
4865.000 0.304
4870.000 0.306
4875.000 0.310
4880.000 0.313
4885.000 0.315
4890.000 0.323
4895.000 0.328
4900.000 0.336
4905.000 0.344
4910.000 0.344
4915.000 0.354
4920.000 0.368
4925.000 0.375
4930.000 0.390
4935.000 0.402
4940.000 0.417
4945.000 0.435
4950.000 0.453
4955.000 0.466
4960.000 0.484
4965.000 0.500
4970.000 0.522
4975.000 0.541
4980.000 0.560
4985.000 0.577
4990.000 0.600
4995.000 0.619
5000.000 0.642
5005.000 0.663
5010.000 0.686
5015.000 0.706
5020.000 0.733
5025.000 0.754
5030.000 0.754
5035.000 0.777
5040.000 0.800
5045.000 0.822
5050.000 0.843
5055.000 0.867
5060.000 0.892
5065.000 0.911
5070.000 0.934
5075.000 0.958
5080.000 0.980
5085.000 0.995
5090.000 1.019
5095.000 1.037
5100.000 1.059
5105.000 1.074
5110.000 1.092
5115.000 1.101
5120.000 1.117
5125.000 1.135
5130.000 1.145
5135.000 1.158
5140.000 1.165
5145.000 1.171
5150.000 1.171
5155.000 1.184
5160.000 1.191
5165.000 1.195
5170.000 1.195
5175.000 1.195
5180.000 1.196
5185.000 1.193
5190.000 1.193
5195.000 1.190
5200.000 1.187
5205.000 1.179
5210.000 1.176
5215.000 1.169
5220.000 1.160
5225.000 1.149
5230.000 1.139
5235.000 1.125
5240.000 1.109
5245.000 1.092
5250.000 1.071
5255.000 1.050
5260.000 1.023
5265.000 0.995
5270.000 0.977
5275.000 0.977
5280.000 0.983
5285.000 0.983
5290.000 1.021
5295.000 1.021
5300.000 1.041
5305.000 1.057
5310.000 1.071
5315.000 1.082
5320.000 1.090
5325.000 1.098
5330.000 1.107
5335.000 1.110
5340.000 1.113
5345.000 1.115
5350.000 1.114
5355.000 1.116
5360.000 1.112
5365.000 1.114
5370.000 1.112
5375.000 1.105
5380.000 1.100
5385.000 1.097
5390.000 1.090
5395.000 1.090
5400.000 1.090
5405.000 1.084
5410.000 1.075
5415.000 1.072
5420.000 1.060
5425.000 1.060
5430.000 1.047
5435.000 1.039
5440.000 1.039
5445.000 1.036
5450.000 1.031
5455.000 1.025
5460.000 1.016
5465.000 1.007
5470.000 1.000
5475.000 0.997
5480.000 0.994
5485.000 0.986
5490.000 0.986
5495.000 0.980
5500.000 0.970
5505.000 0.970
5510.000 0.970
5515.000 0.962
5520.000 0.962
5525.000 0.954
5530.000 0.947
5535.000 0.941
5540.000 0.941
5545.000 0.934
5550.000 0.936
5555.000 0.933
5560.000 0.928
5565.000 0.924
5570.000 0.920
5575.000 0.920
5580.000 0.914
5585.000 0.911
5590.000 0.910
5595.000 0.903
5600.000 0.908
5605.000 0.904
5610.000 0.899
5615.000 0.898
5620.000 0.897
5625.000 0.892
5630.000 0.894
5635.000 0.894
5640.000 0.888
5645.000 0.888
5650.000 0.889
5655.000 0.885
5660.000 0.885
5665.000 0.885
5670.000 0.880
5675.000 0.881
5680.000 0.880
5685.000 0.874
5690.000 0.872
5695.000 0.872
5700.000 0.872
5705.000 0.869
5710.000 0.869
5715.000 0.867
5720.000 0.868
5725.000 0.863
5730.000 0.866
5735.000 0.864
5740.000 0.862
5745.000 0.862
5750.000 0.861
5755.000 0.861
5760.000 0.861
5765.000 0.858
5770.000 0.862
5775.000 0.862
5780.000 0.859
5785.000 0.859
5790.000 0.859
5795.000 0.862
5800.000 0.856
5805.000 0.859
5810.000 0.860
5815.000 0.862
5820.000 0.861
5825.000 0.858
5830.000 0.858
5835.000 0.862
5840.000 0.864
5845.000 0.864
5850.000 0.864
5855.000 0.863
5860.000 0.865
5865.000 0.866
5870.000 0.866
5875.000 0.868
5880.000 0.870
5885.000 0.872
5890.000 0.869
5895.000 0.873
5900.000 0.872
5905.000 0.875
5910.000 0.875
5915.000 0.879
5920.000 0.881
5925.000 0.881
5930.000 0.884
5935.000 0.884
5940.000 0.884
5945.000 0.888
5950.000 0.887
5955.000 0.890
5960.000 0.896
5965.000 0.895
5970.000 0.897
5975.000 0.899
5980.000 0.901
5985.000 0.903
5990.000 0.906
5995.000 0.906
6000.000 0.908
6005.000 0.908
6010.000 0.910
6015.000 0.911
6020.000 0.919
6025.000 0.919
6030.000 0.923
6035.000 0.923
6040.000 0.927
6045.000 0.930
6050.000 0.929
6055.000 0.934
6060.000 0.939
6065.000 0.937
6070.000 0.943
6075.000 0.944
6080.000 0.950
6085.000 0.951
6090.000 0.959
6095.000 0.957
6100.000 0.964
6105.000 0.968
6110.000 0.970
6115.000 0.975
6120.000 0.981
6125.000 0.981
6130.000 0.988
6135.000 0.988
6140.000 0.993
6145.000 1.000
6150.000 1.000
6155.000 1.005
6160.000 1.011
6165.000 1.014
6170.000 1.019
6175.000 1.024
6180.000 1.031
6185.000 1.034
6190.000 1.037
6195.000 1.043
6200.000 1.050
6205.000 1.052
6210.000 1.056
6215.000 1.060
6220.000 1.066
6225.000 1.076
6230.000 1.083
6235.000 1.087
6240.000 1.090
6245.000 1.100
6250.000 1.100
6255.000 1.107
6260.000 1.115
6265.000 1.115
6270.000 1.122
6275.000 1.131
6280.000 1.139
6285.000 1.150
6290.000 1.153
6295.000 1.161
6300.000 1.169
6305.000 1.178
6310.000 1.182
6315.000 1.190
6320.000 1.203
6325.000 1.209
6330.000 1.219
6335.000 1.229
6340.000 1.234
6345.000 1.243
6350.000 1.256
6355.000 1.262
6360.000 1.271
6365.000 1.281
6370.000 1.281
6375.000 1.303
6380.000 1.303
6385.000 1.316
6390.000 1.325
6395.000 1.346
6400.000 1.346
6405.000 1.368
6410.000 1.368
6415.000 1.381
6420.000 1.392
6425.000 1.405
6430.000 1.418
6435.000 1.432
6440.000 1.443
6445.000 1.456
6450.000 1.467
6455.000 1.485
6460.000 1.499
6465.000 1.515
6470.000 1.527
6475.000 1.546
6480.000 1.546
6485.000 1.575
6490.000 1.593
6495.000 1.611
6500.000 1.626
6505.000 1.626
6510.000 1.649
6515.000 1.662
6520.000 1.685
6525.000 1.703
6530.000 1.723
6535.000 1.745
6540.000 1.765
6545.000 1.786
6550.000 1.811
6555.000 1.833
6560.000 1.859
6565.000 1.883
6570.000 1.909
6575.000 1.938
6580.000 1.962
6585.000 1.990
6590.000 2.021
6595.000 2.049
6600.000 2.079
6605.000 2.079
6610.000 2.147
6615.000 2.147
6620.000 2.184
6625.000 2.217
6630.000 2.259
6635.000 2.341
6640.000 2.341
6645.000 2.386
6650.000 2.427
6655.000 2.477
6660.000 2.523
6665.000 2.576
6670.000 2.632
6675.000 2.687
6680.000 2.749
6685.000 2.813
6690.000 2.874
6695.000 2.943
6700.000 3.017
6705.000 3.088
6710.000 3.181
6715.000 3.261
6720.000 3.348
6725.000 3.444
6730.000 3.444
6735.000 3.541
6740.000 3.650
6745.000 3.759
6750.000 3.878
6755.000 4.001
6760.000 4.140
6765.000 4.284
6770.000 4.439
6775.000 4.596
6780.000 4.766
6785.000 4.946
6790.000 5.164
6795.000 5.400
6800.000 5.656
6805.000 5.942
6810.000 6.229
6815.000 6.566
6820.000 6.942
6825.000 7.348
6830.000 7.802
6835.000 8.319
6840.000 8.900
6845.000 9.557
6850.000 10.322
6855.000 10.322
6860.000 11.184
6865.000 12.160
6870.000 14.633
6875.000 14.633
6880.000 16.146
6885.000 17.933
6890.000 19.717
6895.000 22.997
6900.000 22.997
6905.000 23.940
6910.000 24.020
6915.000 23.107
6920.000 21.415
6925.000 19.415
6930.000 17.488
6935.000 15.672
6940.000 14.137
6945.000 12.805
6950.000 11.579
6955.000 10.622
6960.000 9.815
6965.000 9.084
6970.000 9.084
6975.000 8.455
6980.000 7.965
6985.000 7.021
6990.000 7.021
6995.000 6.624
7000.000 6.276
7005.000 5.949
7010.000 5.669
7015.000 5.412
7020.000 5.169
7025.000 4.949
7030.000 4.745
7035.000 4.558
7040.000 4.381
7045.000 4.222
7050.000 4.062
7055.000 3.922
7060.000 3.772
7065.000 3.649
7070.000 3.529
7075.000 3.418
7080.000 3.309
7085.000 3.213
7090.000 3.119
7095.000 3.119
7100.000 3.031
7105.000 2.947
7110.000 2.868
7115.000 2.721
7120.000 2.650
7125.000 2.650
7130.000 2.527
7135.000 2.527
7140.000 2.478
7145.000 2.421
7150.000 2.369
7155.000 2.320
7160.000 2.269
7165.000 2.222
7170.000 2.181
7175.000 2.136
7180.000 2.095
7185.000 2.053
7190.000 2.014
7195.000 1.976
7200.000 1.939
7205.000 1.902
7210.000 1.869
7215.000 1.836
7220.000 1.836
7225.000 1.775
7230.000 1.775
7235.000 1.748
7240.000 1.719
7245.000 1.695
7250.000 1.666
7255.000 1.615
7260.000 1.615
7265.000 1.594
7270.000 1.569
7275.000 1.548
7280.000 1.526
7285.000 1.504
7290.000 1.487
7295.000 1.464
7300.000 1.442
7305.000 1.422
7310.000 1.404
7315.000 1.387
7320.000 1.373
7325.000 1.352
7330.000 1.340
7335.000 1.322
7340.000 1.303
7345.000 1.303
7350.000 1.293
7355.000 1.274
7360.000 1.260
7365.000 1.244
7370.000 1.214
7375.000 1.214
7380.000 1.201
7385.000 1.185
7390.000 1.170
7395.000 1.162
7400.000 1.147
7405.000 1.131
7410.000 1.121
7415.000 1.101
7420.000 1.091
7425.000 1.080
7430.000 1.062
7435.000 1.049
7440.000 1.031
7445.000 1.016
7450.000 0.999
7455.000 0.999
7460.000 0.982
7465.000 0.970
7470.000 0.983
7475.000 1.018
7480.000 1.018
7485.000 1.050
7490.000 1.073
7495.000 1.079
7500.000 1.075
7505.000 1.063
7510.000 1.054
7515.000 1.043
7520.000 1.030
7525.000 1.016
7530.000 1.004
7535.000 0.991
7540.000 0.982
7545.000 0.969
7550.000 0.959
7555.000 0.950
7560.000 0.939
7565.000 0.935
7570.000 0.922
7575.000 0.915
7580.000 0.906
7585.000 0.897
7590.000 0.897
7595.000 0.891
7600.000 0.881
7605.000 0.873
7610.000 0.868
7615.000 0.859
7620.000 0.852
7625.000 0.844
7630.000 0.838
7635.000 0.827
7640.000 0.821
7645.000 0.819
7650.000 0.813
7655.000 0.808
7660.000 0.802
7665.000 0.793
7670.000 0.788
7675.000 0.783
7680.000 0.774
7685.000 0.770
7690.000 0.768
7695.000 0.762
7700.000 0.756
7705.000 0.753
7710.000 0.753
7715.000 0.748
7720.000 0.737
7725.000 0.737
7730.000 0.726
7735.000 0.724
7740.000 0.718
7745.000 0.718
7750.000 0.712
7755.000 0.710
7760.000 0.704
7765.000 0.703
7770.000 0.696
7775.000 0.690
7780.000 0.688
7785.000 0.681
7790.000 0.678
7795.000 0.676
7800.000 0.677
7805.000 0.669
7810.000 0.666
7815.000 0.662
7820.000 0.659
7825.000 0.654
7830.000 0.650
7835.000 0.650
7840.000 0.648
7845.000 0.649
7850.000 0.645
7855.000 0.640
7860.000 0.632
7865.000 0.628
7870.000 0.628
7875.000 0.630
7880.000 0.627
7885.000 0.624
7890.000 0.620
7895.000 0.620
7900.000 0.617
7905.000 0.611
7910.000 0.610
7915.000 0.606
7920.000 0.606
7925.000 0.602
7930.000 0.597
7935.000 0.600
7940.000 0.598
7945.000 0.598
7950.000 0.595
7955.000 0.589
7960.000 0.588
7965.000 0.590
7970.000 0.588
7975.000 0.588
7980.000 0.586
7985.000 0.581
7990.000 0.581
7995.000 0.574
8000.000 0.570
8005.000 0.569
8010.000 0.565
8015.000 0.561
8020.000 0.562
8025.000 0.557
8030.000 0.560
8035.000 0.553
8040.000 0.555
8045.000 0.553
8050.000 0.549
8055.000 0.548
8060.000 0.545
8065.000 0.545
8070.000 0.544
8075.000 0.539
8080.000 0.539
8085.000 0.535
8090.000 0.535
8095.000 0.535
8100.000 0.533
8105.000 0.532
8110.000 0.531
8115.000 0.531
8120.000 0.527
8125.000 0.527
8130.000 0.527
8135.000 0.522
8140.000 0.520
8145.000 0.521
8150.000 0.521
8155.000 0.519
8160.000 0.514
8165.000 0.518
8170.000 0.514
8175.000 0.514
8180.000 0.508
8185.000 0.510
8190.000 0.510
8195.000 0.508
8200.000 0.510
8205.000 0.504
8210.000 0.502
8215.000 0.500
8220.000 0.504
8225.000 0.501
8230.000 0.504
8235.000 0.500
8240.000 0.497
8245.000 0.497
8250.000 0.496
8255.000 0.495
8260.000 0.494
8265.000 0.495
8270.000 0.489
8275.000 0.492
8280.000 0.488
8285.000 0.488
8290.000 0.490
8295.000 0.484
8300.000 0.489
8305.000 0.485
8310.000 0.482
8315.000 0.482
8320.000 0.483
8325.000 0.483
8330.000 0.481
8335.000 0.481
8340.000 0.481
8345.000 0.479
8350.000 0.478
8355.000 0.475
8360.000 0.474
8365.000 0.476
8370.000 0.473
8375.000 0.472
8380.000 0.472
8385.000 0.471
8390.000 0.470
8395.000 0.470
8400.000 0.469
8405.000 0.469
8410.000 0.467
8415.000 0.464
8420.000 0.467
8425.000 0.464
8430.000 0.463
8435.000 0.466
8440.000 0.465
8445.000 0.463
8450.000 0.461
8455.000 0.458
8460.000 0.458
8465.000 0.464
8470.000 0.460
8475.000 0.459
8480.000 0.462
8485.000 0.457
8490.000 0.458
8495.000 0.458
8500.000 0.457
8505.000 0.457
8510.000 0.454
8515.000 0.456
8520.000 0.453
8525.000 0.456
8530.000 0.453
8535.000 0.452
8540.000 0.456
8545.000 0.452
8550.000 0.457
8555.000 0.451
8560.000 0.451
8565.000 0.451
8570.000 0.448
8575.000 0.449
8580.000 0.449
8585.000 0.449
8590.000 0.447
8595.000 0.449
8600.000 0.447
8605.000 0.447
8610.000 0.448
8615.000 0.444
8620.000 0.446
8625.000 0.445
8630.000 0.444
8635.000 0.443
8640.000 0.442
8645.000 0.442
8650.000 0.443
8655.000 0.442
8660.000 0.440
8665.000 0.440
8670.000 0.438
8675.000 0.438
8680.000 0.438
8685.000 0.438
8690.000 0.434
8695.000 0.434
8700.000 0.432
8705.000 0.432
8710.000 0.432
8715.000 0.433
8720.000 0.432
8725.000 0.432
8730.000 0.436
8735.000 0.439
8740.000 0.442
8745.000 0.440
8750.000 0.443
8755.000 0.443
8760.000 0.443
8765.000 0.443
8770.000 0.444
8775.000 0.444
8780.000 0.443
8785.000 0.441
8790.000 0.441
8795.000 0.445
8800.000 0.441
8805.000 0.441
8810.000 0.441
8815.000 0.442
8820.000 0.442
8825.000 0.442
8830.000 0.442
8835.000 0.440
8840.000 0.439
8845.000 0.439
8850.000 0.446
8855.000 0.443
8860.000 0.443
8865.000 0.445
8870.000 0.442
8875.000 0.439
8880.000 0.439
8885.000 0.442
8890.000 0.442
8895.000 0.442
8900.000 0.441
8905.000 0.444
8910.000 0.442
8915.000 0.443
8920.000 0.439
8925.000 0.444
8930.000 0.444
8935.000 0.445
8940.000 0.439
8945.000 0.444
8950.000 0.443
8955.000 0.443
8960.000 0.444
8965.000 0.443
8970.000 0.445
8975.000 0.446
8980.000 0.446
8985.000 0.444
8990.000 0.444
8995.000 0.445
9000.000 0.448
9005.000 0.445
9010.000 0.446
9015.000 0.449
9020.000 0.448
9025.000 0.447
9030.000 0.446
9035.000 0.446
9040.000 0.446
9045.000 0.450
9050.000 0.449
9055.000 0.449
9060.000 0.448
9065.000 0.449
9070.000 0.449
9075.000 0.449
9080.000 0.448
9085.000 0.452
9090.000 0.449
9095.000 0.455
9100.000 0.451
9105.000 0.452
9110.000 0.454
9115.000 0.454
9120.000 0.451
9125.000 0.451
9130.000 0.452
9135.000 0.454
9140.000 0.454
9145.000 0.456
9150.000 0.458
9155.000 0.455
9160.000 0.458
9165.000 0.458
9170.000 0.455
9175.000 0.461
9180.000 0.458
9185.000 0.458
9190.000 0.459
9195.000 0.457
9200.000 0.461
9205.000 0.462
9210.000 0.460
9215.000 0.458
9220.000 0.464
9225.000 0.463
9230.000 0.462
9235.000 0.465
9240.000 0.464
9245.000 0.467
9250.000 0.463
9255.000 0.467
9260.000 0.466
9265.000 0.467
9270.000 0.471
9275.000 0.471
9280.000 0.472
9285.000 0.473
9290.000 0.475
9295.000 0.476
9300.000 0.476
9305.000 0.475
9310.000 0.476
9315.000 0.480
9320.000 0.479
9325.000 0.482
9330.000 0.482
9335.000 0.482
9340.000 0.486
9345.000 0.486
9350.000 0.487
9355.000 0.488
9360.000 0.487
9365.000 0.490
9370.000 0.487
9375.000 0.491
9380.000 0.496
9385.000 0.493
9390.000 0.496
9395.000 0.497
9400.000 0.499
9405.000 0.502
9410.000 0.500
9415.000 0.500
9420.000 0.499
9425.000 0.501
9430.000 0.505
9435.000 0.506
9440.000 0.508
9445.000 0.509
9450.000 0.510
9455.000 0.516
9460.000 0.513
9465.000 0.519
9470.000 0.517
9475.000 0.519
9480.000 0.521
9485.000 0.523
9490.000 0.522
9495.000 0.526
9500.000 0.527
9505.000 0.529
9510.000 0.532
9515.000 0.532
9520.000 0.535
9525.000 0.535
9530.000 0.539
9535.000 0.539
9540.000 0.542
9545.000 0.546
9550.000 0.550
9555.000 0.550
9560.000 0.552
9565.000 0.554
9570.000 0.554
9575.000 0.557
9580.000 0.561
9585.000 0.561
9590.000 0.565
9595.000 0.563
9600.000 0.571
9605.000 0.569
9610.000 0.575
9615.000 0.575
9620.000 0.582
9625.000 0.579
9630.000 0.582
9635.000 0.585
9640.000 0.592
9645.000 0.592
9650.000 0.592
9655.000 0.595
9660.000 0.596
9665.000 0.604
9670.000 0.607
9675.000 0.607
9680.000 0.611
9685.000 0.615
9690.000 0.619
9695.000 0.624
9700.000 0.625
9705.000 0.632
9710.000 0.630
9715.000 0.638
9720.000 0.643
9725.000 0.645
9730.000 0.649
9735.000 0.655
9740.000 0.659
9745.000 0.660
9750.000 0.664
9755.000 0.670
9760.000 0.674
9765.000 0.678
9770.000 0.686
9775.000 0.687
9780.000 0.687
9785.000 0.693
9790.000 0.700
9795.000 0.702
9800.000 0.716
9805.000 0.716
9810.000 0.721
9815.000 0.721
9820.000 0.729
9825.000 0.735
9830.000 0.740
9835.000 0.747
9840.000 0.751
9845.000 0.761
9850.000 0.765
9855.000 0.774
9860.000 0.777
9865.000 0.788
9870.000 0.793
9875.000 0.802
9880.000 0.808
9885.000 0.815
9890.000 0.822
9895.000 0.831
9900.000 0.831
9905.000 0.847
9910.000 0.847
9915.000 0.863
9920.000 0.863
9925.000 0.876
9930.000 0.884
9935.000 0.896
9940.000 0.904
9945.000 0.916
9950.000 0.927
9955.000 0.941
9960.000 0.951
9965.000 0.960
9970.000 0.974
9975.000 0.982
9980.000 0.996
9985.000 1.010
9990.000 1.024
9995.000 1.039
10000.000 1.050
10005.000 1.067
10010.000 1.082
10015.000 1.082
10020.000 1.113
10025.000 1.128
10030.000 1.128
10035.000 1.148
10040.000 1.162
10045.000 1.183
10050.000 1.201
10055.000 1.221
10060.000 1.237
10065.000 1.259
10070.000 1.280
10075.000 1.306
10080.000 1.329
10085.000 1.355
10090.000 1.381
10095.000 1.406
10100.000 1.438
10105.000 1.467
10110.000 1.503
10115.000 1.538
10120.000 1.575
10125.000 1.613
10130.000 1.656
10135.000 1.656
10140.000 1.700
10145.000 1.746
10150.000 1.800
10155.000 1.852
10160.000 1.978
10165.000 1.978
10170.000 2.046
10175.000 2.118
10180.000 2.190
10185.000 2.266
10190.000 2.346
10195.000 2.436
10200.000 2.525
10205.000 2.620
10210.000 2.719
10215.000 2.828
10220.000 2.949
10225.000 3.081
10230.000 3.223
10235.000 3.370
10240.000 3.543
10245.000 3.719
10250.000 3.918
10255.000 4.146
10260.000 4.146
10265.000 4.412
10270.000 4.948
10275.000 4.948
10280.000 5.303
10285.000 5.693
10290.000 6.124
10295.000 7.107
10300.000 7.107
10305.000 7.661
10310.000 8.227
10315.000 8.740
10320.000 9.168
10325.000 9.435
10330.000 9.501
10335.000 9.282
10340.000 8.871
10345.000 8.319
10350.000 7.695
10355.000 7.094
10360.000 6.535
10365.000 6.015
10370.000 5.558
10375.000 5.129
10380.000 4.766
10385.000 4.766
10390.000 4.436
10395.000 3.887
10400.000 3.887
10405.000 3.442
10410.000 3.250
10415.000 3.250
10420.000 3.071
10425.000 2.912
10430.000 2.779
10435.000 2.649
10440.000 2.551
10445.000 2.443
10450.000 2.338
10455.000 2.242
10460.000 2.158
10465.000 2.079
10470.000 2.001
10475.000 1.931
10480.000 1.866
10485.000 1.802
10490.000 1.745
10495.000 1.686
10500.000 1.686
10505.000 1.633
10510.000 1.579
10515.000 1.534
10520.000 1.493
10525.000 1.453
10530.000 1.380
10535.000 1.345
10540.000 1.345
10545.000 1.311
10550.000 1.281
10555.000 1.259
10560.000 1.234
10565.000 1.213
10570.000 1.198
10575.000 1.182
10580.000 1.169
10585.000 1.154
10590.000 1.134
10595.000 1.117
10600.000 1.096
10605.000 1.076
10610.000 1.050
10615.000 1.031
10620.000 1.015
10625.000 1.000
10630.000 1.000
10635.000 0.979
10640.000 0.966
10645.000 0.950
10650.000 0.932
10655.000 0.918
10660.000 0.903
10665.000 0.889
10670.000 0.875
10675.000 0.857
10680.000 0.847
10685.000 0.832
10690.000 0.825
10695.000 0.806
10700.000 0.794
10705.000 0.784
10710.000 0.772
10715.000 0.763
10720.000 0.751
10725.000 0.737
10730.000 0.729
10735.000 0.720
10740.000 0.707
10745.000 0.699
10750.000 0.690
10755.000 0.690
10760.000 0.679
10765.000 0.670
10770.000 0.663
10775.000 0.653
10780.000 0.637
10785.000 0.626
10790.000 0.626
10795.000 0.619
10800.000 0.617
10805.000 0.605
10810.000 0.601
10815.000 0.592
10820.000 0.586
10825.000 0.579
10830.000 0.575
10835.000 0.567
10840.000 0.558
10845.000 0.557
10850.000 0.551
10855.000 0.541
10860.000 0.536
10865.000 0.531
10870.000 0.527
10875.000 0.521
10880.000 0.521
10885.000 0.515
10890.000 0.513
10895.000 0.505
10900.000 0.495
10905.000 0.495
10910.000 0.491
10915.000 0.482
10920.000 0.481
10925.000 0.476
10930.000 0.470
10935.000 0.467
10940.000 0.462
10945.000 0.458
10950.000 0.453
10955.000 0.449
10960.000 0.448
10965.000 0.445
10970.000 0.440
10975.000 0.435
10980.000 0.430
10985.000 0.430
10990.000 0.423
10995.000 0.423
11000.000 0.423
11005.000 0.417
11010.000 0.415
11015.000 0.410
11020.000 0.402
11025.000 0.402
11030.000 0.400
11035.000 0.399
11040.000 0.397
11045.000 0.392
11050.000 0.388
11055.000 0.386
11060.000 0.380
11065.000 0.381
11070.000 0.378
11075.000 0.376
11080.000 0.373
11085.000 0.370
11090.000 0.367
11095.000 0.364
11100.000 0.362
11105.000 0.360
11110.000 0.360
11115.000 0.354
11120.000 0.351
11125.000 0.351
11130.000 0.351
11135.000 0.344
11140.000 0.342
11145.000 0.341
11150.000 0.341
11155.000 0.339
11160.000 0.336
11165.000 0.331
11170.000 0.333
11175.000 0.330
11180.000 0.328
11185.000 0.326
11190.000 0.324
11195.000 0.322
11200.000 0.319
11205.000 0.319
11210.000 0.317
11215.000 0.315
11220.000 0.312
11225.000 0.312
11230.000 0.308
11235.000 0.308
11240.000 0.308
11245.000 0.305
11250.000 0.305
11255.000 0.303
11260.000 0.299
11265.000 0.301
11270.000 0.296
11275.000 0.292
11280.000 0.295
11285.000 0.293
11290.000 0.289
11295.000 0.289
11300.000 0.287
11305.000 0.286
11310.000 0.283
11315.000 0.284
11320.000 0.283
11325.000 0.278
11330.000 0.277
11335.000 0.279
11340.000 0.277
11345.000 0.275
11350.000 0.275
11355.000 0.273
11360.000 0.272
11365.000 0.271
11370.000 0.271
11375.000 0.271
11380.000 0.267
11385.000 0.267
11390.000 0.267
11395.000 0.264
11400.000 0.263
11405.000 0.262
11410.000 0.258
11415.000 0.260
11420.000 0.258
11425.000 0.257
11430.000 0.255
11435.000 0.256
11440.000 0.254
11445.000 0.252
11450.000 0.252
11455.000 0.250
11460.000 0.247
11465.000 0.248
11470.000 0.248
11475.000 0.247
11480.000 0.244
11485.000 0.245
11490.000 0.245
11495.000 0.244
11500.000 0.243
11505.000 0.242
11510.000 0.238
11515.000 0.241
11520.000 0.238
11525.000 0.240
11530.000 0.239
11535.000 0.239
11540.000 0.237
11545.000 0.232
11550.000 0.235
11555.000 0.234
11560.000 0.232
11565.000 0.231
11570.000 0.231
11575.000 0.231
11580.000 0.229
11585.000 0.230
11590.000 0.228
11595.000 0.228
11600.000 0.227
11605.000 0.227
11610.000 0.223
11615.000 0.223
11620.000 0.225
11625.000 0.222
11630.000 0.223
11635.000 0.222
11640.000 0.222
11645.000 0.219
11650.000 0.219
11655.000 0.218
11660.000 0.218
11665.000 0.217
11670.000 0.214
11675.000 0.217
11680.000 0.219
11685.000 0.215
11690.000 0.215
11695.000 0.215
11700.000 0.215
11705.000 0.211
11710.000 0.213
11715.000 0.213
11720.000 0.211
11725.000 0.211
11730.000 0.208
11735.000 0.208
11740.000 0.209
11745.000 0.210
11750.000 0.207
11755.000 0.207
11760.000 0.207
11765.000 0.204
11770.000 0.207
11775.000 0.208
11780.000 0.204
11785.000 0.206
11790.000 0.202
11795.000 0.205
11800.000 0.206
11805.000 0.203
11810.000 0.204
11815.000 0.202
11820.000 0.202
11825.000 0.201
11830.000 0.202
11835.000 0.200
11840.000 0.201
11845.000 0.200
11850.000 0.200
11855.000 0.199
11860.000 0.199
11865.000 0.197
11870.000 0.198
11875.000 0.198
11880.000 0.197
11885.000 0.195
11890.000 0.196
11895.000 0.196
11900.000 0.196
11905.000 0.195
11910.000 0.195
11915.000 0.194
11920.000 0.194
11925.000 0.196
11930.000 0.193
11935.000 0.194
11940.000 0.194
11945.000 0.196
11950.000 0.191
11955.000 0.191
11960.000 0.192
11965.000 0.191
11970.000 0.193
11975.000 0.191
11980.000 0.190
11985.000 0.190
11990.000 0.192
11995.000 0.188
12000.000 0.189
