105.000 0.103
110.000 0.154
115.000 0.097
120.000 0.121
125.000 0.151
130.000 0.162
135.000 0.269
140.000 0.387
145.000 0.281
150.000 0.281
155.000 0.220
160.000 0.324
165.000 0.305
170.000 1.162
175.000 0.196
180.000 0.278
185.000 0.242
190.000 0.266
195.000 0.312
200.000 0.296
205.000 0.349
210.000 0.300
215.000 0.342
220.000 0.361
225.000 0.422
230.000 0.423
235.000 0.444
240.000 0.460
245.000 0.482
250.000 0.513
255.000 0.652
260.000 0.600
265.000 0.723
270.000 0.797
275.000 0.797
280.000 0.921
285.000 0.879
290.000 0.960
295.000 1.269
300.000 1.248
305.000 1.318
310.000 1.529
315.000 1.498
320.000 2.310
325.000 2.669
330.000 3.239
335.000 3.858
340.000 5.148
345.000 6.608
350.000 8.542
355.000 10.584
360.000 11.313
365.000 9.447
370.000 7.025
375.000 5.191
380.000 4.757
385.000 4.350
390.000 3.963
395.000 3.763
400.000 3.763
405.000 3.267
410.000 3.216
415.000 2.948
420.000 3.194
425.000 3.464
430.000 3.249
435.000 2.978
440.000 3.047
445.000 2.938
450.000 3.003
455.000 2.984
460.000 2.874
465.000 2.750
470.000 2.718
475.000 2.594
480.000 2.513
485.000 2.433
490.000 2.359
495.000 2.251
500.000 2.179
505.000 2.086
510.000 2.021
515.000 2.021
520.000 1.933
525.000 1.882
530.000 1.819
535.000 1.765
540.000 1.714
545.000 1.678
550.000 1.669
555.000 1.617
560.000 1.578
565.000 1.540
570.000 1.475
575.000 1.484
580.000 1.451
585.000 1.428
590.000 1.405
595.000 1.407
600.000 1.397
605.000 1.420
610.000 1.435
615.000 1.469
620.000 1.468
625.000 1.540
630.000 1.552
635.000 1.610
640.000 1.610
645.000 1.702
650.000 1.811
655.000 1.928
660.000 2.099
665.000 2.306
670.000 2.564
675.000 2.938
680.000 3.399
685.000 4.157
690.000 5.212
695.000 6.659
700.000 8.436
705.000 9.529
710.000 8.104
715.000 4.245
720.000 3.054
725.000 2.366
730.000 1.937
735.000 1.641
740.000 1.403
745.000 1.236
750.000 1.085
755.000 0.994
760.000 0.887
765.000 0.887
770.000 0.809
775.000 0.729
780.000 0.680
785.000 0.625
790.000 0.585
795.000 0.557
800.000 0.518
805.000 0.479
810.000 0.454
815.000 0.447
820.000 0.428
825.000 0.400
830.000 0.390
835.000 0.367
840.000 0.350
845.000 0.338
850.000 0.324
855.000 0.310
860.000 0.298
865.000 0.286
870.000 0.281
875.000 0.271
880.000 0.266
885.000 0.251
890.000 0.251
895.000 0.254
900.000 0.252
905.000 0.234
910.000 0.242
915.000 0.226
920.000 0.231
925.000 0.235
930.000 0.252
935.000 0.231
940.000 0.255
945.000 0.255
950.000 0.257
955.000 0.275
960.000 0.281
965.000 0.274
970.000 0.295
975.000 0.300
980.000 0.319
985.000 0.341
990.000 0.368
995.000 0.407
1000.000 0.407
1005.000 0.436
1010.000 0.483
1015.000 0.534
1020.000 0.630
1025.000 0.754
1030.000 0.903
1035.000 1.147
1040.000 1.474
1045.000 1.841
1050.000 2.027
1055.000 1.720
1060.000 0.986
1065.000 0.762
1070.000 0.589
1075.000 0.491
1080.000 0.436
1085.000 0.402
1090.000 0.333
1095.000 0.320
1100.000 0.295
1105.000 0.288
1110.000 0.252
1115.000 0.260
1120.000 0.254
1125.000 0.254
1130.000 0.235
1135.000 0.227
1140.000 0.227
1145.000 0.225
1150.000 0.213
1155.000 0.206
1160.000 0.206
1165.000 0.209
1170.000 0.206
1175.000 0.211
1180.000 0.204
1185.000 0.201
1190.000 0.209
1195.000 0.213
1200.000 0.207
1205.000 0.219
1210.000 0.220
1215.000 0.226
1220.000 0.231
1225.000 0.233
1230.000 0.237
1235.000 0.249
1240.000 0.258
1245.000 0.271
1250.000 0.271
1255.000 0.271
1260.000 0.279
1265.000 0.292
1270.000 0.310
1275.000 0.316
1280.000 0.326
1285.000 0.366
1290.000 0.382
1295.000 0.400
1300.000 0.400
1305.000 0.450
1310.000 0.465
1315.000 0.521
1320.000 0.561
1325.000 0.604
1330.000 0.633
1335.000 0.737
1340.000 0.787
1345.000 0.928
1350.000 1.067
1355.000 1.239
1360.000 1.412
1365.000 1.747
1370.000 2.173
1375.000 2.173
1380.000 2.802
1385.000 3.591
1390.000 4.449
1395.000 4.937
1400.000 4.291
1405.000 2.732
1410.000 2.102
1415.000 1.711
1420.000 1.502
1425.000 1.284
1430.000 1.143
1435.000 1.063
1440.000 0.977
1445.000 0.928
1450.000 0.865
1455.000 0.819
1460.000 0.791
1465.000 0.744
1470.000 0.731
1475.000 0.706
1480.000 0.688
1485.000 0.688
1490.000 0.665
1495.000 0.656
1500.000 0.639
1505.000 0.642
1510.000 0.629
1515.000 0.618
1520.000 0.622
1525.000 0.606
1530.000 0.612
1535.000 0.612
1540.000 0.615
1545.000 0.623
1550.000 0.618
1555.000 0.624
1560.000 0.639
1565.000 0.636
1570.000 0.646
1575.000 0.665
1580.000 0.671
1585.000 0.685
1590.000 0.703
1595.000 0.712
1600.000 0.743
1605.000 0.760
1610.000 0.760
1615.000 0.775
1620.000 0.794
1625.000 0.827
1630.000 0.864
1635.000 0.896
1640.000 0.924
1645.000 0.966
1650.000 1.019
1655.000 1.072
1660.000 1.183
1665.000 1.159
1670.000 1.220
1675.000 1.349
1680.000 1.438
1685.000 1.544
1690.000 1.657
1695.000 1.795
1700.000 1.979
1705.000 2.233
1710.000 2.518
1715.000 2.853
1720.000 3.337
1725.000 3.871
1730.000 4.405
1735.000 4.405
1740.000 4.756
1745.000 4.609
1750.000 3.950
1755.000 3.244
1760.000 2.778
1765.000 2.494
1770.000 2.274
1775.000 2.125
1780.000 2.003
1785.000 1.912
1790.000 1.845
1795.000 1.783
1800.000 1.744
1805.000 1.702
1810.000 1.656
1815.000 1.627
1820.000 1.601
1825.000 1.588
1830.000 1.561
1835.000 1.542
1840.000 1.531
1845.000 1.511
1850.000 1.508
1855.000 1.501
1860.000 1.501
1865.000 1.498
1870.000 1.493
1875.000 1.496
1880.000 1.503
1885.000 1.515
1890.000 1.529
1895.000 1.532
1900.000 1.539
1905.000 1.559
1910.000 1.584
1915.000 1.601
1920.000 1.626
1925.000 1.653
1930.000 1.692
1935.000 1.714
1940.000 1.748
1945.000 1.792
1950.000 1.837
1955.000 1.895
1960.000 1.953
1965.000 2.023
1970.000 2.023
1975.000 2.084
1980.000 2.158
1985.000 2.254
1990.000 2.346
1995.000 2.449
2000.000 2.572
2005.000 2.707
2010.000 2.876
2015.000 3.038
2020.000 3.240
2025.000 3.458
2030.000 3.715
2035.000 4.011
2040.000 4.369
2045.000 4.756
2050.000 5.238
2055.000 5.787
2060.000 6.423
2065.000 7.137
2070.000 7.895
2075.000 8.626
2080.000 9.195
2085.000 9.435
2090.000 9.238
2095.000 9.238
2100.000 8.619
2105.000 7.773
2110.000 6.921
2115.000 6.151
2120.000 5.491
2125.000 4.939
2130.000 4.475
2135.000 4.089
2140.000 3.757
2145.000 3.475
2150.000 3.241
2155.000 3.025
2160.000 2.845
2165.000 2.688
2170.000 2.549
2175.000 2.427
2180.000 2.311
2185.000 2.216
2190.000 2.128
2195.000 2.050
2200.000 1.983
2205.000 1.920
2210.000 1.860
2215.000 1.811
2220.000 1.811
2225.000 1.765
2230.000 1.724
2235.000 1.688
2240.000 1.660
2245.000 1.636
2250.000 1.608
2255.000 1.593
2260.000 1.573
2265.000 1.564
2270.000 1.552
2275.000 1.547
2280.000 1.541
2285.000 1.540
2290.000 1.541
2295.000 1.547
2300.000 1.559
2305.000 1.577
2310.000 1.596
2315.000 1.613
2320.000 1.646
2325.000 1.678
2330.000 1.717
2335.000 1.759
2340.000 1.811
2345.000 1.874
2350.000 1.874
2355.000 1.946
2360.000 2.023
2365.000 2.114
2370.000 2.226
2375.000 2.349
2380.000 2.501
2385.000 2.679
2390.000 2.890
2395.000 3.159
2400.000 3.469
2405.000 3.865
2410.000 4.360
2415.000 4.995
2420.000 5.771
2425.000 6.782
2430.000 7.865
2435.000 8.856
2440.000 9.318
2445.000 8.663
2450.000 7.165
2455.000 5.746
2460.000 5.746
2465.000 4.751
2470.000 4.022
2475.000 3.487
2480.000 3.069
2485.000 2.744
2490.000 2.477
2495.000 2.253
2500.000 2.078
2505.000 1.927
2510.000 1.797
2515.000 1.685
2520.000 1.588
2525.000 1.499
2530.000 1.427
2535.000 1.365
2540.000 1.306
2545.000 1.257
2550.000 1.213
2555.000 1.176
2560.000 1.138
2565.000 1.109
2570.000 1.081
2575.000 1.051
2580.000 1.039
2585.000 1.039
2590.000 1.018
2595.000 0.998
2600.000 0.984
2605.000 0.981
2610.000 0.973
2615.000 0.969
2620.000 0.960
2625.000 0.962
2630.000 0.961
2635.000 0.964
2640.000 0.972
2645.000 0.979
2650.000 0.990
2655.000 1.006
2660.000 1.016
2665.000 1.038
2670.000 1.057
2675.000 1.083
2680.000 1.111
2685.000 1.151
2690.000 1.186
2695.000 1.239
2700.000 1.294
2705.000 1.350
2710.000 1.350
2715.000 1.435
2720.000 1.518
2725.000 1.616
2730.000 1.738
2735.000 1.883
2740.000 2.067
2745.000 2.292
2750.000 2.572
2755.000 2.934
2760.000 3.403
2765.000 4.030
2770.000 4.839
2775.000 5.845
2780.000 6.943
2785.000 7.691
2790.000 7.400
2795.000 5.879
2800.000 4.347
2805.000 3.490
2810.000 2.908
2815.000 2.484
2820.000 2.170
2825.000 1.934
2830.000 1.735
2835.000 1.735
2840.000 1.586
2845.000 1.453
2850.000 1.342
2855.000 1.257
2860.000 1.178
2865.000 1.113
2870.000 1.055
2875.000 0.998
2880.000 0.958
2885.000 0.916
2890.000 0.884
2895.000 0.854
2900.000 0.827
2905.000 0.801
2910.000 0.783
2915.000 0.766
2920.000 0.748
2925.000 0.737
2930.000 0.719
2935.000 0.713
2940.000 0.702
2945.000 0.702
2950.000 0.695
2955.000 0.692
2960.000 0.688
2965.000 0.688
2970.000 0.688
2975.000 0.691
2980.000 0.691
2985.000 0.697
2990.000 0.703
2995.000 0.713
3000.000 0.723
3005.000 0.738
3010.000 0.751
3015.000 0.770
3020.000 0.786
3025.000 0.809
3030.000 0.840
3035.000 0.866
3040.000 0.903
3045.000 0.942
3050.000 0.988
3055.000 1.046
3060.000 1.111
3065.000 1.186
3070.000 1.186
3075.000 1.276
3080.000 1.388
3085.000 1.519
3090.000 1.680
3095.000 1.887
3100.000 2.153
3105.000 2.499
3110.000 2.965
3115.000 3.584
3120.000 4.379
3125.000 5.305
3130.000 6.072
3135.000 6.123
3140.000 5.012
3145.000 3.574
3150.000 2.812
3155.000 2.317
3160.000 1.974
3165.000 1.713
3170.000 1.520
3175.000 1.368
3180.000 1.244
3185.000 1.137
3190.000 1.059
3195.000 1.059
3200.000 0.982
3205.000 0.923
3210.000 0.869
3215.000 0.824
3220.000 0.787
3225.000 0.750
3230.000 0.717
3235.000 0.694
3240.000 0.671
3245.000 0.647
3250.000 0.627
3255.000 0.615
3260.000 0.600
3265.000 0.590
3270.000 0.579
3275.000 0.571
3280.000 0.563
3285.000 0.557
3290.000 0.556
3295.000 0.545
3300.000 0.545
3305.000 0.544
3310.000 0.549
3315.000 0.546
3320.000 0.546
3325.000 0.547
3330.000 0.554
3335.000 0.560
3340.000 0.569
3345.000 0.579
3350.000 0.586
3355.000 0.595
3360.000 0.611
3365.000 0.627
3370.000 0.643
3375.000 0.672
3380.000 0.696
3385.000 0.719
3390.000 0.755
3395.000 0.796
3400.000 0.837
3405.000 0.887
3410.000 0.941
3415.000 1.018
3420.000 1.106
3425.000 1.200
3430.000 1.339
3435.000 1.499
3440.000 1.520
3445.000 1.729
3450.000 2.009
3455.000 2.378
3460.000 2.853
3465.000 3.496
3470.000 4.235
3475.000 4.896
3480.000 5.026
3485.000 4.234
3490.000 3.053
3495.000 2.371
3500.000 1.953
3505.000 1.656
3510.000 1.440
3515.000 1.275
3520.000 1.147
3525.000 1.045
3530.000 0.958
3535.000 0.888
3540.000 0.827
3545.000 0.773
3550.000 0.733
3555.000 0.733
3560.000 0.697
3565.000 0.659
3570.000 0.632
3575.000 0.609
3580.000 0.589
3585.000 0.563
3590.000 0.549
3595.000 0.535
3600.000 0.520
3605.000 0.502
3610.000 0.494
3615.000 0.490
3620.000 0.483
3625.000 0.474
3630.000 0.470
3635.000 0.464
3640.000 0.463
3645.000 0.461
3650.000 0.463
3655.000 0.461
3660.000 0.461
3665.000 0.461
3670.000 0.463
3675.000 0.472
3680.000 0.472
3685.000 0.474
3690.000 0.487
3695.000 0.493
3700.000 0.500
3705.000 0.511
3710.000 0.525
3715.000 0.537
3720.000 0.557
3725.000 0.576
3730.000 0.599
3735.000 0.622
3740.000 0.655
3745.000 0.688
3750.000 0.728
3755.000 0.770
3760.000 0.831
3765.000 0.892
3770.000 0.968
3775.000 1.071
3780.000 1.183
3785.000 1.339
3790.000 1.534
3795.000 1.788
3800.000 2.129
3805.000 2.129
3810.000 2.588
3815.000 3.173
3820.000 3.826
3825.000 4.297
3830.000 4.153
3835.000 3.242
3840.000 2.328
3845.000 1.865
3850.000 1.549
3855.000 1.326
3860.000 1.161
3865.000 1.036
3870.000 0.934
3875.000 0.848
3880.000 0.781
3885.000 0.728
3890.000 0.676
3895.000 0.638
3900.000 0.601
3905.000 0.569
3910.000 0.544
3915.000 0.519
3920.000 0.501
3925.000 0.485
3930.000 0.485
3935.000 0.468
3940.000 0.450
3945.000 0.433
3950.000 0.427
3955.000 0.418
3960.000 0.411
3965.000 0.403
3970.000 0.398
3975.000 0.395
3980.000 0.391
3985.000 0.391
3990.000 0.388
3995.000 0.383
4000.000 0.383
4005.000 0.383
4010.000 0.387
4015.000 0.390
4020.000 0.390
4025.000 0.395
4030.000 0.398
4035.000 0.407
4040.000 0.413
4045.000 0.413
4050.000 0.419
4055.000 0.432
4060.000 0.441
4065.000 0.456
4070.000 0.470
4075.000 0.490
4080.000 0.510
4085.000 0.535
4090.000 0.558
4095.000 0.595
4100.000 0.630
4105.000 0.674
4110.000 0.722
4115.000 0.782
4120.000 0.860
4125.000 0.945
4130.000 1.066
4135.000 1.213
4140.000 1.410
4145.000 1.662
4150.000 2.011
4155.000 2.449
4160.000 2.965
4165.000 3.419
4170.000 3.419
4175.000 3.502
4180.000 2.950
4185.000 2.128
4190.000 1.663
4195.000 1.365
4200.000 1.161
4205.000 1.010
4210.000 0.897
4215.000 0.804
4220.000 0.730
4225.000 0.671
4230.000 0.619
4235.000 0.577
4240.000 0.544
4245.000 0.514
4250.000 0.486
4255.000 0.462
4260.000 0.446
4265.000 0.423
4270.000 0.407
4275.000 0.396
4280.000 0.383
4285.000 0.374
4290.000 0.362
4295.000 0.362
4300.000 0.350
4305.000 0.339
4310.000 0.329
4315.000 0.327
4320.000 0.313
4325.000 0.310
4330.000 0.302
4335.000 0.298
4340.000 0.298
4345.000 0.287
4350.000 0.290
4355.000 0.286
4360.000 0.288
4365.000 0.294
4370.000 0.295
4375.000 0.299
4380.000 0.302
4385.000 0.312
4390.000 0.318
4395.000 0.323
4400.000 0.334
4405.000 0.346
4410.000 0.357
4415.000 0.374
4420.000 0.374
4425.000 0.386
4430.000 0.408
4435.000 0.428
4440.000 0.452
4445.000 0.483
4450.000 0.516
4455.000 0.559
4460.000 0.602
4465.000 0.659
4470.000 0.735
4475.000 0.822
4480.000 0.931
4485.000 1.074
4490.000 1.264
4495.000 1.515
4500.000 1.848
4505.000 2.251
4510.000 2.650
4515.000 2.848
4520.000 2.579
4525.000 1.964
4530.000 1.964
4535.000 1.497
4540.000 1.229
4545.000 1.046
4550.000 0.912
4555.000 0.807
4560.000 0.732
4565.000 0.664
4570.000 0.616
4575.000 0.573
4580.000 0.534
4585.000 0.509
4590.000 0.482
4595.000 0.467
4600.000 0.449
4605.000 0.428
4610.000 0.417
4615.000 0.411
4620.000 0.399
4625.000 0.390
4630.000 0.380
4635.000 0.378
4640.000 0.374
4645.000 0.364
4650.000 0.368
4655.000 0.368
4660.000 0.367
4665.000 0.372
4670.000 0.367
4675.000 0.373
4680.000 0.371
4685.000 0.373
4690.000 0.380
4695.000 0.387
4700.000 0.390
4705.000 0.398
4710.000 0.402
4715.000 0.410
4720.000 0.416
4725.000 0.425
4730.000 0.434
4735.000 0.444
4740.000 0.454
4745.000 0.465
4750.000 0.475
4755.000 0.485
4760.000 0.503
4765.000 0.515
4770.000 0.535
4775.000 0.552
4780.000 0.552
4785.000 0.572
4790.000 0.590
4795.000 0.621
4800.000 0.650
4805.000 0.691
4810.000 0.728
4815.000 0.786
4820.000 0.857
4825.000 0.945
4830.000 1.065
4835.000 1.212
4840.000 1.417
4845.000 1.688
4850.000 2.023
4855.000 2.386
4860.000 2.655
4865.000 2.598
4870.000 2.143
4875.000 1.632
4880.000 1.339
4885.000 1.146
4890.000 1.011
4895.000 0.911
4900.000 0.839
4905.000 0.839
4910.000 0.788
4915.000 0.741
4920.000 0.708
4925.000 0.677
4930.000 0.661
4935.000 0.646
4940.000 0.635
4945.000 0.622
4950.000 0.617
4955.000 0.617
4960.000 0.619
4965.000 0.619
4970.000 0.622
4975.000 0.629
4980.000 0.633
4985.000 0.643
4990.000 0.649
4995.000 0.665
5000.000 0.671
5005.000 0.689
5010.000 0.711
5015.000 0.711
5020.000 0.727
5025.000 0.744
5030.000 0.765
5035.000 0.785
5040.000 0.811
5045.000 0.835
5050.000 0.864
5055.000 0.898
5060.000 0.925
5065.000 0.957
5070.000 0.997
5075.000 1.037
5080.000 1.081
5085.000 1.125
5090.000 1.179
5095.000 1.234
5100.000 1.296
5105.000 1.362
5110.000 1.427
5115.000 1.511
5120.000 1.593
5125.000 1.698
5130.000 1.806
5135.000 1.933
5140.000 1.933
5145.000 2.079
5150.000 2.239
5155.000 2.441
5160.000 2.665
5165.000 2.945
5170.000 3.283
5175.000 3.705
5180.000 4.233
5185.000 4.914
5190.000 5.772
5195.000 6.849
5200.000 8.168
5205.000 9.426
5210.000 10.098
5215.000 9.468
5220.000 7.582
5225.000 5.771
5230.000 4.634
5235.000 3.828
5240.000 3.224
5245.000 2.759
5250.000 2.392
5255.000 2.169
5260.000 2.035
5265.000 2.035
5270.000 1.923
5275.000 1.830
5280.000 1.743
5285.000 1.671
5290.000 1.605
5295.000 1.546
5300.000 1.492
5305.000 1.435
5310.000 1.390
5315.000 1.345
5320.000 1.306
5325.000 1.275
5330.000 1.242
5335.000 1.215
5340.000 1.186
5345.000 1.168
5350.000 1.145
5355.000 1.128
5360.000 1.115
5365.000 1.101
5370.000 1.093
5375.000 1.080
5380.000 1.075
5385.000 1.072
5390.000 1.072
5395.000 1.068
5400.000 1.069
5405.000 1.074
5410.000 1.074
5415.000 1.085
5420.000 1.096
5425.000 1.107
5430.000 1.123
5435.000 1.143
5440.000 1.164
5445.000 1.193
5450.000 1.223
5455.000 1.259
5460.000 1.302
5465.000 1.351
5470.000 1.406
5475.000 1.472
5480.000 1.548
5485.000 1.631
5490.000 1.742
5495.000 1.868
5500.000 1.868
5505.000 2.016
5510.000 2.203
5515.000 2.429
5520.000 2.699
5525.000 3.072
5530.000 3.530
5535.000 4.140
5540.000 4.917
5545.000 5.869
5550.000 6.934
5555.000 7.771
5560.000 7.792
5565.000 6.615
5570.000 5.012
5575.000 3.968
5580.000 3.302
5585.000 2.809
5590.000 2.423
5595.000 2.148
5600.000 1.933
5605.000 1.758
5610.000 1.612
5615.000 1.490
5620.000 1.386
5625.000 1.386
5630.000 1.298
5635.000 1.226
5640.000 1.165
5645.000 1.103
5650.000 1.055
5655.000 1.013
5660.000 0.976
5665.000 0.940
5670.000 0.912
5675.000 0.882
5680.000 0.862
5685.000 0.843
5690.000 0.825
5695.000 0.810
5700.000 0.797
5705.000 0.784
5710.000 0.779
5715.000 0.769
5720.000 0.764
5725.000 0.763
5730.000 0.759
5735.000 0.760
5740.000 0.762
5745.000 0.765
5750.000 0.765
5755.000 0.769
5760.000 0.777
5765.000 0.783
5770.000 0.796
5775.000 0.809
5780.000 0.825
5785.000 0.841
5790.000 0.861
5795.000 0.886
5800.000 0.916
5805.000 0.949
5810.000 0.985
5815.000 1.028
5820.000 1.075
5825.000 1.134
5830.000 1.196
5835.000 1.275
5840.000 1.363
5845.000 1.475
5850.000 1.609
5855.000 1.771
5860.000 1.966
5865.000 2.215
5870.000 2.526
5875.000 2.946
5880.000 2.946
5885.000 3.481
5890.000 4.152
5895.000 4.951
5900.000 5.716
5905.000 6.102
5910.000 5.679
5915.000 4.363
5920.000 3.399
5925.000 2.800
5930.000 2.367
5935.000 2.051
5940.000 1.810
5945.000 1.619
5950.000 1.467
5955.000 1.347
5960.000 1.242
5965.000 1.154
5970.000 1.085
5975.000 1.021
5980.000 0.964
5985.000 0.919
5990.000 0.919
5995.000 0.880
6000.000 0.842
6005.000 0.810
6010.000 0.782
6015.000 0.764
6020.000 0.741
6025.000 0.718
6030.000 0.702
6035.000 0.687
6040.000 0.677
6045.000 0.665
6050.000 0.657
6055.000 0.652
6060.000 0.646
6065.000 0.642
6070.000 0.639
6075.000 0.640
6080.000 0.643
6085.000 0.641
6090.000 0.649
6095.000 0.651
6100.000 0.657
6105.000 0.667
6110.000 0.673
6115.000 0.673
6120.000 0.688
6125.000 0.700
6130.000 0.717
6135.000 0.736
6140.000 0.756
6145.000 0.779
6150.000 0.810
6155.000 0.839
6160.000 0.880
6165.000 0.921
6170.000 0.966
6175.000 1.027
6180.000 1.090
6185.000 1.165
6190.000 1.255
6195.000 1.363
6200.000 1.496
6205.000 1.657
6210.000 1.854
6215.000 2.116
6220.000 2.452
6225.000 2.868
6230.000 3.409
6235.000 4.074
6240.000 4.074
6245.000 4.781
6250.000 5.317
6255.000 5.281
6260.000 4.491
6265.000 3.453
6270.000 2.784
6275.000 2.317
6280.000 1.987
6285.000 1.741
6290.000 1.552
6295.000 1.403
6300.000 1.276
6305.000 1.164
6310.000 1.085
6315.000 1.015
6320.000 0.958
6325.000 0.904
6330.000 0.856
6335.000 0.818
6340.000 0.784
6345.000 0.756
6350.000 0.732
6355.000 0.705
6360.000 0.688
6365.000 0.688
6370.000 0.674
6375.000 0.653
6380.000 0.645
6385.000 0.630
6390.000 0.618
6395.000 0.612
6400.000 0.605
6405.000 0.597
6410.000 0.593
6415.000 0.592
6420.000 0.593
6425.000 0.589
6430.000 0.591
6435.000 0.595
6440.000 0.600
6445.000 0.607
6450.000 0.607
6455.000 0.618
6460.000 0.630
6465.000 0.645
6470.000 0.658
6475.000 0.658
6480.000 0.674
6485.000 0.690
6490.000 0.712
6495.000 0.732
6500.000 0.762
6505.000 0.795
6510.000 0.833
6515.000 0.872
6520.000 0.921
6525.000 0.978
6530.000 1.044
6535.000 1.121
6540.000 1.215
6545.000 1.328
6550.000 1.461
6555.000 1.629
6560.000 1.840
6565.000 2.107
6570.000 2.449
6575.000 2.898
6580.000 3.457
6585.000 4.105
6590.000 4.692
6595.000 4.921
6600.000 4.921
6605.000 4.500
6610.000 3.612
6615.000 2.851
6620.000 2.344
6625.000 2.000
6630.000 1.735
6635.000 1.541
6640.000 1.383
6645.000 1.255
6650.000 1.150
6655.000 1.066
6660.000 0.993
6665.000 0.933
6670.000 0.879
6675.000 0.834
6680.000 0.793
6685.000 0.764
6690.000 0.733
6695.000 0.707
6700.000 0.680
6705.000 0.662
6710.000 0.645
6715.000 0.629
6720.000 0.621
6725.000 0.621
6730.000 0.605
6735.000 0.599
6740.000 0.588
6745.000 0.579
6750.000 0.578
6755.000 0.571
6760.000 0.571
6765.000 0.569
6770.000 0.568
6775.000 0.569
6780.000 0.575
6785.000 0.575
6790.000 0.583
6795.000 0.587
6800.000 0.598
6805.000 0.608
6810.000 0.615
6815.000 0.628
6820.000 0.646
6825.000 0.662
6830.000 0.681
6835.000 0.707
6840.000 0.730
6845.000 0.760
6850.000 0.760
6855.000 0.795
6860.000 0.835
6865.000 0.879
6870.000 0.930
6875.000 0.994
6880.000 1.066
6885.000 1.150
6890.000 1.250
6895.000 1.374
6900.000 1.527
6905.000 1.737
6910.000 1.981
6915.000 2.291
6920.000 2.697
6925.000 3.182
6930.000 3.747
6935.000 4.278
6940.000 4.524
6945.000 4.242
6950.000 3.491
6955.000 2.779
6960.000 2.779
6965.000 2.275
6970.000 1.939
6975.000 1.695
6980.000 1.490
6985.000 1.338
6990.000 1.213
6995.000 1.116
7000.000 1.028
7005.000 0.963
7010.000 0.900
7015.000 0.848
7020.000 0.804
7025.000 0.765
7030.000 0.733
7035.000 0.700
7040.000 0.675
7045.000 0.656
7050.000 0.634
7055.000 0.617
7060.000 0.603
7065.000 0.591
7070.000 0.576
7075.000 0.572
7080.000 0.560
7085.000 0.560
7090.000 0.552
7095.000 0.549
7100.000 0.542
7105.000 0.542
7110.000 0.537
7115.000 0.539
7120.000 0.536
7125.000 0.541
7130.000 0.545
7135.000 0.544
7140.000 0.551
7145.000 0.561
7150.000 0.565
7155.000 0.576
7160.000 0.587
7165.000 0.599
7170.000 0.612
7175.000 0.629
7180.000 0.651
7185.000 0.672
7190.000 0.703
7195.000 0.730
7200.000 0.761
7205.000 0.799
7210.000 0.799
7215.000 0.847
7220.000 0.896
7225.000 0.952
7230.000 1.025
7235.000 1.102
7240.000 1.203
7245.000 1.327
7250.000 1.469
7255.000 1.656
7260.000 1.894
7265.000 2.191
7270.000 2.566
7275.000 3.034
7280.000 3.544
7285.000 4.018
7290.000 4.208
7295.000 3.876
7300.000 3.144
7305.000 2.508
7310.000 2.080
7315.000 1.771
7320.000 1.537
7325.000 1.358
7330.000 1.224
7335.000 1.224
7340.000 1.105
7345.000 1.013
7350.000 0.937
7355.000 0.873
7360.000 0.818
7365.000 0.771
7370.000 0.730
7375.000 0.696
7380.000 0.664
7385.000 0.636
7390.000 0.615
7395.000 0.591
7400.000 0.572
7405.000 0.552
7410.000 0.540
7415.000 0.528
7420.000 0.514
7425.000 0.504
7430.000 0.499
7435.000 0.486
7440.000 0.477
7445.000 0.477
7450.000 0.471
7455.000 0.469
7460.000 0.464
7465.000 0.467
7470.000 0.476
7475.000 0.496
7480.000 0.520
7485.000 0.548
7490.000 0.563
7495.000 0.571
7500.000 0.583
7505.000 0.589
7510.000 0.600
7515.000 0.609
7520.000 0.625
7525.000 0.639
7530.000 0.654
7535.000 0.677
7540.000 0.705
7545.000 0.734
7550.000 0.764
7555.000 0.806
7560.000 0.849
7565.000 0.903
7570.000 0.903
7575.000 0.964
7580.000 1.039
7585.000 1.145
7590.000 1.256
7595.000 1.388
7600.000 1.557
7605.000 1.762
7610.000 2.040
7615.000 2.375
7620.000 2.798
7625.000 3.282
7630.000 3.766
7635.000 4.032
7640.000 3.906
7645.000 3.335
7650.000 2.681
7655.000 2.188
7660.000 1.840
7665.000 1.592
7670.000 1.412
7675.000 1.256
7680.000 1.139
7685.000 1.042
7690.000 0.962
7695.000 0.892
7700.000 0.892
7705.000 0.842
7710.000 0.790
7715.000 0.748
7720.000 0.713
7725.000 0.678
7730.000 0.653
7735.000 0.629
7740.000 0.606
7745.000 0.586
7750.000 0.570
7755.000 0.556
7760.000 0.546
7765.000 0.534
7770.000 0.525
7775.000 0.516
7780.000 0.512
7785.000 0.504
7790.000 0.504
7795.000 0.497
7800.000 0.495
7805.000 0.493
7810.000 0.492
7815.000 0.494
7820.000 0.498
7825.000 0.498
7830.000 0.503
7835.000 0.509
7840.000 0.518
7845.000 0.523
7850.000 0.529
7855.000 0.542
7860.000 0.558
7865.000 0.572
7870.000 0.584
7875.000 0.605
7880.000 0.626
7885.000 0.648
7890.000 0.678
7895.000 0.711
7900.000 0.751
7905.000 0.791
7910.000 0.842
7915.000 0.902
7920.000 0.974
7925.000 1.057
7930.000 1.156
7935.000 1.156
7940.000 1.281
7945.000 1.431
7950.000 1.621
7955.000 1.860
7960.000 2.161
7965.000 2.512
7970.000 2.887
7975.000 3.166
7980.000 3.241
7985.000 3.091
7990.000 2.808
7995.000 2.533
8000.000 2.266
8005.000 1.919
8010.000 1.636
8015.000 1.425
8020.000 1.269
8025.000 1.134
8030.000 1.037
8035.000 0.952
8040.000 0.883
8045.000 0.823
8050.000 0.772
8055.000 0.730
8060.000 0.730
8065.000 0.695
8070.000 0.664
8075.000 0.633
8080.000 0.607
8085.000 0.589
8090.000 0.565
8095.000 0.551
8100.000 0.539
8105.000 0.530
8110.000 0.518
8115.000 0.508
8120.000 0.501
8125.000 0.488
8130.000 0.488
8135.000 0.483
8140.000 0.480
8145.000 0.481
8150.000 0.481
8155.000 0.481
8160.000 0.481
8165.000 0.481
8170.000 0.481
8175.000 0.485
8180.000 0.489
8185.000 0.489
8190.000 0.495
8195.000 0.504
8200.000 0.511
8205.000 0.522
8210.000 0.533
8215.000 0.549
8220.000 0.569
8225.000 0.584
8230.000 0.605
8235.000 0.627
8240.000 0.659
8245.000 0.687
8250.000 0.725
8255.000 0.766
8260.000 0.820
8265.000 0.877
8270.000 0.954
8275.000 1.030
8280.000 1.130
8285.000 1.259
8290.000 1.414
8295.000 1.600
8300.000 1.836
8305.000 2.134
8310.000 2.134
8315.000 2.461
8320.000 2.801
8325.000 3.031
8330.000 2.997
8335.000 2.679
8340.000 2.331
8345.000 2.168
8350.000 2.024
8355.000 1.775
8360.000 1.520
8365.000 1.326
8370.000 1.177
8375.000 1.064
8380.000 0.969
8385.000 0.892
8390.000 0.824
8395.000 0.770
8400.000 0.723
8405.000 0.688
8410.000 0.652
8415.000 0.624
8420.000 0.624
8425.000 0.596
8430.000 0.576
8435.000 0.560
8440.000 0.535
8445.000 0.523
8450.000 0.507
8455.000 0.499
8460.000 0.495
8465.000 0.482
8470.000 0.474
8475.000 0.471
8480.000 0.466
8485.000 0.461
8490.000 0.458
8495.000 0.456
8500.000 0.454
8505.000 0.461
8510.000 0.460
8515.000 0.466
8520.000 0.466
8525.000 0.473
8530.000 0.478
8535.000 0.486
8540.000 0.496
8545.000 0.496
8550.000 0.503
8555.000 0.519
8560.000 0.535
8565.000 0.546
8570.000 0.548
8575.000 0.551
8580.000 0.558
8585.000 0.585
8590.000 0.615
8595.000 0.650
8600.000 0.687
8605.000 0.735
8610.000 0.784
8615.000 0.847
8620.000 0.918
8625.000 1.001
8630.000 1.107
8635.000 1.233
8640.000 1.390
8645.000 1.577
8650.000 1.821
8655.000 2.110
8660.000 2.460
8665.000 2.820
8670.000 2.820
8675.000 3.076
8680.000 3.082
8685.000 2.763
8690.000 2.293
8695.000 1.902
8700.000 1.654
8705.000 1.469
8710.000 1.310
8715.000 1.168
8720.000 1.054
8725.000 0.955
8730.000 0.875
8735.000 0.810
8740.000 0.753
8745.000 0.706
8750.000 0.668
8755.000 0.634
8760.000 0.603
8765.000 0.575
8770.000 0.552
8775.000 0.534
8780.000 0.518
8785.000 0.503
8790.000 0.487
8795.000 0.487
8800.000 0.476
8805.000 0.464
8810.000 0.454
8815.000 0.450
8820.000 0.439
8825.000 0.429
8830.000 0.430
8835.000 0.424
8840.000 0.419
8845.000 0.416
8850.000 0.416
8855.000 0.418
8860.000 0.419
8865.000 0.424
8870.000 0.426
8875.000 0.430
8880.000 0.434
8885.000 0.443
8890.000 0.452
8895.000 0.462
8900.000 0.467
8905.000 0.467
8910.000 0.481
8915.000 0.494
8920.000 0.512
8925.000 0.530
8930.000 0.550
8935.000 0.575
8940.000 0.603
8945.000 0.633
8950.000 0.668
8955.000 0.707
8960.000 0.758
8965.000 0.818
8970.000 0.885
8975.000 0.963
8980.000 1.060
8985.000 1.177
8990.000 1.317
8995.000 1.483
9000.000 1.691
9005.000 1.944
9010.000 2.246
9015.000 2.577
9020.000 2.810
9025.000 2.820
9030.000 2.820
9035.000 2.531
9040.000 2.097
9045.000 1.739
9050.000 1.478
9055.000 1.282
9060.000 1.133
9065.000 1.012
9070.000 0.912
9075.000 0.833
9080.000 0.773
9085.000 0.713
9090.000 0.664
9095.000 0.627
9100.000 0.597
9105.000 0.564
9110.000 0.542
9115.000 0.516
9120.000 0.499
9125.000 0.479
9130.000 0.466
9135.000 0.451
9140.000 0.442
9145.000 0.433
9150.000 0.422
9155.000 0.422
9160.000 0.414
9165.000 0.412
9170.000 0.408
9175.000 0.403
9180.000 0.400
9185.000 0.397
9190.000 0.395
9195.000 0.392
9200.000 0.393
9205.000 0.393
9210.000 0.393
9215.000 0.396
9220.000 0.402
9225.000 0.405
9230.000 0.411
9235.000 0.416
9240.000 0.426
9245.000 0.438
9250.000 0.443
9255.000 0.458
9260.000 0.473
9265.000 0.485
9270.000 0.506
9275.000 0.531
9280.000 0.531
9285.000 0.552
9290.000 0.579
9295.000 0.609
9300.000 0.646
9305.000 0.686
9310.000 0.740
9315.000 0.797
9320.000 0.867
9325.000 0.949
9330.000 1.050
9335.000 1.167
9340.000 1.297
9345.000 1.461
9350.000 1.664
9355.000 1.921
9360.000 2.219
9365.000 2.483
9370.000 2.601
9375.000 2.473
9380.000 2.085
9385.000 1.739
9390.000 1.492
9395.000 1.492
9400.000 1.280
9405.000 1.118
9410.000 0.991
9415.000 0.894
9420.000 0.815
9425.000 0.749
9430.000 0.696
9435.000 0.643
9440.000 0.599
9445.000 0.565
9450.000 0.539
9455.000 0.510
9460.000 0.490
9465.000 0.472
9470.000 0.455
9475.000 0.438
9480.000 0.425
9485.000 0.412
9490.000 0.402
9495.000 0.394
9500.000 0.384
9505.000 0.381
9510.000 0.379
9515.000 0.372
9520.000 0.372
9525.000 0.364
9530.000 0.361
9535.000 0.359
9540.000 0.358
9545.000 0.357
9550.000 0.360
9555.000 0.357
9560.000 0.358
9565.000 0.363
9570.000 0.365
9575.000 0.369
9580.000 0.373
9585.000 0.383
9590.000 0.389
9595.000 0.399
9600.000 0.405
9605.000 0.416
9610.000 0.434
9615.000 0.445
9620.000 0.465
9625.000 0.484
9630.000 0.504
9635.000 0.533
9640.000 0.565
9645.000 0.565
9650.000 0.600
9655.000 0.643
9660.000 0.692
9665.000 0.750
9670.000 0.826
9675.000 0.910
9680.000 1.022
9685.000 1.150
9690.000 1.311
9695.000 1.497
9700.000 1.693
9705.000 1.863
9710.000 1.975
9715.000 1.952
9720.000 1.879
9725.000 1.776
9730.000 1.634
9735.000 1.438
9740.000 1.243
9745.000 1.071
9750.000 0.940
9755.000 0.838
9760.000 0.760
9765.000 0.690
9770.000 0.690
9775.000 0.635
9780.000 0.593
9785.000 0.552
9790.000 0.519
9795.000 0.489
9800.000 0.467
9805.000 0.440
9810.000 0.423
9815.000 0.410
9820.000 0.393
9825.000 0.383
9830.000 0.373
9835.000 0.361
9840.000 0.356
9845.000 0.343
9850.000 0.339
9855.000 0.332
9860.000 0.331
9865.000 0.324
9870.000 0.319
9875.000 0.318
9880.000 0.318
9885.000 0.317
9890.000 0.318
9895.000 0.318
9900.000 0.319
9905.000 0.319
9910.000 0.320
9915.000 0.324
9920.000 0.328
9925.000 0.333
9930.000 0.336
9935.000 0.343
9940.000 0.352
9945.000 0.357
9950.000 0.369
9955.000 0.382
9960.000 0.392
9965.000 0.408
9970.000 0.422
9975.000 0.441
9980.000 0.464
9985.000 0.488
9990.000 0.516
9995.000 0.550
10000.000 0.590
10005.000 0.590
10010.000 0.638
10015.000 0.692
10020.000 0.759
10025.000 0.840
10030.000 0.941
10035.000 1.067
10040.000 1.214
10045.000 1.404
10050.000 1.622
10055.000 1.838
10060.000 2.006
10065.000 2.039
10070.000 1.889
10075.000 1.609
10080.000 1.347
10085.000 1.159
10090.000 1.004
10095.000 0.883
10100.000 0.787
10105.000 0.705
10110.000 0.647
10115.000 0.593
10120.000 0.550
10125.000 0.515
10130.000 0.515
10135.000 0.485
10140.000 0.462
10145.000 0.438
10150.000 0.422
10155.000 0.405
10160.000 0.389
10165.000 0.374
10170.000 0.363
10175.000 0.350
10180.000 0.341
10185.000 0.335
10190.000 0.327
10195.000 0.326
10200.000 0.314
10205.000 0.310
10210.000 0.306
10215.000 0.304
10220.000 0.303
10225.000 0.299
10230.000 0.300
10235.000 0.297
10240.000 0.302
10245.000 0.302
10250.000 0.301
10255.000 0.301
10260.000 0.305
10265.000 0.303
10270.000 0.311
10275.000 0.316
10280.000 0.321
10285.000 0.324
10290.000 0.334
10295.000 0.344
10300.000 0.352
10305.000 0.361
10310.000 0.376
10315.000 0.392
10320.000 0.407
10325.000 0.428
10330.000 0.445
10335.000 0.475
10340.000 0.503
10345.000 0.539
10350.000 0.583
10355.000 0.629
10360.000 0.693
10365.000 0.768
10370.000 0.852
10375.000 0.863
10380.000 0.973
10385.000 1.108
10390.000 1.271
10395.000 1.462
10400.000 1.639
10405.000 1.774
10410.000 1.786
10415.000 1.655
10420.000 1.423
10425.000 1.203
10430.000 1.020
10435.000 0.889
10440.000 0.780
10445.000 0.698
10450.000 0.630
10455.000 0.574
10460.000 0.530
10465.000 0.490
10470.000 0.455
10475.000 0.426
10480.000 0.406
10485.000 0.382
10490.000 0.382
10495.000 0.370
10500.000 0.352
10505.000 0.338
10510.000 0.324
10515.000 0.315
10520.000 0.304
10525.000 0.297
10530.000 0.290
10535.000 0.284
10540.000 0.279
10545.000 0.273
10550.000 0.271
10555.000 0.269
10560.000 0.263
10565.000 0.264
10570.000 0.258
10575.000 0.255
10580.000 0.255
10585.000 0.256
10590.000 0.259
10595.000 0.261
10600.000 0.263
10605.000 0.268
10610.000 0.271
10615.000 0.271
10620.000 0.273
10625.000 0.281
10630.000 0.289
10635.000 0.293
10640.000 0.300
10645.000 0.309
10650.000 0.318
10655.000 0.332
10660.000 0.342
10665.000 0.357
10670.000 0.374
10675.000 0.389
10680.000 0.411
10685.000 0.437
10690.000 0.463
10695.000 0.496
10700.000 0.530
10705.000 0.579
10710.000 0.632
10715.000 0.697
10720.000 0.785
10725.000 0.879
10730.000 0.997
10735.000 1.139
10740.000 1.139
10745.000 1.306
10750.000 1.481
10755.000 1.614
10760.000 1.652
10765.000 1.554
10770.000 1.349
10775.000 1.142
10780.000 0.975
10785.000 0.847
10790.000 0.743
10795.000 0.663
10800.000 0.596
10805.000 0.549
10810.000 0.505
10815.000 0.473
10820.000 0.440
10825.000 0.416
10830.000 0.389
10835.000 0.369
10840.000 0.351
10845.000 0.336
10850.000 0.322
10855.000 0.310
10860.000 0.301
10865.000 0.301
10870.000 0.292
10875.000 0.282
10880.000 0.273
10885.000 0.266
10890.000 0.262
10895.000 0.261
10900.000 0.254
10905.000 0.253
10910.000 0.247
10915.000 0.247
10920.000 0.247
10925.000 0.241
10930.000 0.243
10935.000 0.245
10940.000 0.246
10945.000 0.249
10950.000 0.247
10955.000 0.253
10960.000 0.254
10965.000 0.260
10970.000 0.261
10975.000 0.261
10980.000 0.269
10985.000 0.273
10990.000 0.282
10995.000 0.289
11000.000 0.298
11005.000 0.309
11010.000 0.321
11015.000 0.335
11020.000 0.347
11025.000 0.366
11030.000 0.385
11035.000 0.409
11040.000 0.436
11045.000 0.467
11050.000 0.509
11055.000 0.551
11060.000 0.612
11065.000 0.678
11070.000 0.759
11075.000 0.869
11080.000 0.988
11085.000 1.134
11090.000 1.283
11095.000 1.420
11100.000 1.420
11105.000 1.486
11110.000 1.435
11115.000 1.303
11120.000 1.119
11125.000 0.948
11130.000 0.820
11135.000 0.717
11140.000 0.632
11145.000 0.570
11150.000 0.520
11155.000 0.472
11160.000 0.440
11165.000 0.409
11170.000 0.381
11175.000 0.362
11180.000 0.342
11185.000 0.325
11190.000 0.309
11195.000 0.297
11200.000 0.288
11205.000 0.276
11210.000 0.270
11215.000 0.260
11220.000 0.254
11225.000 0.247
11230.000 0.247
11235.000 0.240
11240.000 0.236
11245.000 0.235
11250.000 0.228
11255.000 0.231
11260.000 0.225
11265.000 0.223
11270.000 0.223
11275.000 0.223
11280.000 0.223
11285.000 0.226
11290.000 0.224
11295.000 0.225
11300.000 0.227
11305.000 0.229
11310.000 0.231
11315.000 0.236
11320.000 0.240
11325.000 0.246
11330.000 0.251
11335.000 0.261
11340.000 0.266
11345.000 0.274
11350.000 0.287
11355.000 0.287
11360.000 0.295
11365.000 0.311
11370.000 0.326
11375.000 0.345
11380.000 0.365
11385.000 0.389
11390.000 0.415
11395.000 0.447
11400.000 0.487
11405.000 0.532
11410.000 0.590
11415.000 0.654
11420.000 0.745
11425.000 0.841
11430.000 0.963
11435.000 1.096
11440.000 1.222
11445.000 1.308
11450.000 1.314
11455.000 1.215
11460.000 1.052
11465.000 1.052
11470.000 0.897
11475.000 0.775
11480.000 0.673
11485.000 0.598
11490.000 0.536
11495.000 0.484
11500.000 0.439
11505.000 0.405
11510.000 0.376
11515.000 0.353
11520.000 0.331
11525.000 0.314
11530.000 0.296
11535.000 0.284
11540.000 0.272
11545.000 0.264
11550.000 0.253
11555.000 0.248
11560.000 0.241
11565.000 0.232
11570.000 0.227
11575.000 0.224
11580.000 0.217
11585.000 0.214
11590.000 0.214
11595.000 0.212
11600.000 0.209
11605.000 0.208
11610.000 0.207
11615.000 0.205
11620.000 0.206
11625.000 0.206
11630.000 0.206
11635.000 0.205
11640.000 0.206
11645.000 0.211
11650.000 0.209
11655.000 0.212
11660.000 0.218
11665.000 0.220
11670.000 0.226
11675.000 0.230
11680.000 0.235
11685.000 0.243
11690.000 0.252
11695.000 0.260
11700.000 0.272
11705.000 0.284
11710.000 0.296
11715.000 0.296
11720.000 0.313
11725.000 0.331
11730.000 0.346
11735.000 0.374
11740.000 0.401
11745.000 0.437
11750.000 0.476
11755.000 0.526
11760.000 0.580
11765.000 0.646
11770.000 0.732
11775.000 0.826
11780.000 0.927
11785.000 1.020
11790.000 1.093
11795.000 1.120
11800.000 1.079
11805.000 0.972
11810.000 0.847
11815.000 0.736
11820.000 0.642
11825.000 0.568
11830.000 0.507
11835.000 0.457
11840.000 0.457
11845.000 0.416
11850.000 0.384
11855.000 0.353
11860.000 0.331
11865.000 0.308
11870.000 0.292
11875.000 0.274
11880.000 0.263
11885.000 0.251
11890.000 0.240
11895.000 0.234
11900.000 0.225
11905.000 0.220
11910.000 0.213
11915.000 0.209
11920.000 0.203
11925.000 0.199
11930.000 0.199
11935.000 0.195
11940.000 0.191
11945.000 0.191
11950.000 0.191
11955.000 0.188
11960.000 0.191
11965.000 0.187
11970.000 0.186
11975.000 0.190
11980.000 0.187
11985.000 0.189
11990.000 0.192
11995.000 0.193
12000.000 0.195
