105.000 0.105
110.000 0.126
115.000 0.123
120.000 0.169
125.000 0.104
130.000 0.160
135.000 0.208
140.000 0.169
145.000 0.214
150.000 0.204
155.000 0.255
160.000 0.333
165.000 0.760
170.000 0.380
175.000 0.345
180.000 0.299
185.000 0.385
190.000 0.636
195.000 0.650
200.000 0.389
205.000 0.807
210.000 0.898
215.000 0.512
220.000 0.382
225.000 0.382
230.000 0.494
235.000 0.460
240.000 0.632
245.000 0.594
250.000 0.650
255.000 0.683
260.000 0.747
265.000 0.869
270.000 0.956
275.000 1.184
280.000 1.419
285.000 1.329
290.000 1.752
295.000 1.931
300.000 2.647
305.000 3.543
310.000 4.762
315.000 5.410
320.000 7.075
325.000 8.370
330.000 8.149
335.000 5.785
340.000 4.134
345.000 3.486
350.000 3.486
355.000 3.344
360.000 2.852
365.000 2.631
370.000 2.363
375.000 2.219
380.000 2.192
385.000 2.174
390.000 1.996
395.000 2.215
400.000 2.154
405.000 1.958
410.000 2.069
415.000 2.016
420.000 2.133
425.000 2.139
430.000 2.155
435.000 2.372
440.000 2.267
445.000 2.304
450.000 2.313
455.000 2.464
460.000 2.379
465.000 2.340
470.000 2.281
475.000 2.281
480.000 2.254
485.000 2.278
490.000 2.286
495.000 2.225
500.000 2.146
505.000 2.126
510.000 2.103
515.000 2.052
520.000 2.041
525.000 2.007
530.000 1.997
535.000 2.007
540.000 2.032
545.000 2.049
550.000 2.074
555.000 2.101
560.000 2.104
565.000 2.138
570.000 2.205
575.000 2.257
580.000 2.400
585.000 2.441
590.000 2.661
595.000 2.945
600.000 2.945
605.000 3.178
610.000 3.568
615.000 4.015
620.000 4.807
625.000 5.878
630.000 7.462
635.000 9.371
640.000 11.855
645.000 12.365
650.000 8.522
655.000 3.997
660.000 3.364
665.000 2.819
670.000 2.247
675.000 1.824
680.000 1.687
685.000 1.391
690.000 1.301
695.000 1.138
700.000 1.045
705.000 0.963
710.000 0.963
715.000 0.889
720.000 0.809
725.000 0.751
730.000 0.723
735.000 0.677
740.000 0.637
745.000 0.597
750.000 0.570
755.000 0.551
760.000 0.527
765.000 0.502
770.000 0.471
775.000 0.463
780.000 0.455
785.000 0.450
790.000 0.426
795.000 0.414
800.000 0.416
805.000 0.404
810.000 0.393
815.000 0.400
820.000 0.379
825.000 0.379
830.000 0.368
835.000 0.368
840.000 0.384
845.000 0.378
850.000 0.372
855.000 0.381
860.000 0.383
865.000 0.390
870.000 0.396
875.000 0.400
880.000 0.426
885.000 0.420
890.000 0.448
895.000 0.468
900.000 0.470
905.000 0.516
910.000 0.556
915.000 0.631
920.000 0.699
925.000 0.845
930.000 1.025
935.000 1.260
940.000 1.633
945.000 2.072
950.000 2.497
955.000 2.497
960.000 2.497
965.000 1.709
970.000 0.970
975.000 0.773
980.000 0.656
985.000 0.494
990.000 0.454
995.000 0.406
1000.000 0.347
1005.000 0.303
1010.000 0.267
1015.000 0.253
1020.000 0.235
1025.000 0.218
1030.000 0.214
1035.000 0.197
1040.000 0.193
1045.000 0.190
1050.000 0.172
1055.000 0.172
1060.000 0.155
1065.000 0.155
1070.000 0.152
1075.000 0.156
1080.000 0.163
1085.000 0.163
1090.000 0.154
1095.000 0.156
1100.000 0.166
1105.000 0.157
1110.000 0.166
1115.000 0.160
1120.000 0.169
1125.000 0.168
1130.000 0.170
1135.000 0.176
1140.000 0.173
1145.000 0.189
1150.000 0.197
1155.000 0.205
1160.000 0.214
1165.000 0.225
1170.000 0.264
1175.000 0.248
1180.000 0.288
1185.000 0.298
1190.000 0.323
1195.000 0.323
1200.000 0.363
1205.000 0.401
1210.000 0.374
1215.000 0.491
1220.000 0.499
1225.000 0.556
1230.000 0.664
1235.000 0.849
1240.000 0.907
1245.000 1.223
1250.000 1.451
1255.000 1.922
1260.000 2.503
1265.000 3.093
1270.000 3.289
1275.000 2.413
1280.000 1.527
1285.000 1.260
1290.000 1.065
1295.000 0.935
1300.000 0.782
1305.000 0.743
1310.000 0.621
1315.000 0.583
1320.000 0.583
1325.000 0.564
1330.000 0.517
1335.000 0.534
1340.000 0.485
1345.000 0.499
1350.000 0.473
1355.000 0.463
1360.000 0.461
1365.000 0.430
1370.000 0.429
1375.000 0.417
1380.000 0.419
1385.000 0.426
1390.000 0.425
1395.000 0.411
1400.000 0.422
1405.000 0.416
1410.000 0.418
1415.000 0.421
1420.000 0.437
1425.000 0.436
1430.000 0.444
1435.000 0.457
1440.000 0.484
1445.000 0.483
1450.000 0.501
1455.000 0.486
1460.000 0.539
1465.000 0.539
1470.000 0.567
1475.000 0.593
1480.000 0.623
1485.000 0.653
1490.000 0.700
1495.000 0.736
1500.000 0.783
1505.000 0.852
1510.000 0.912
1515.000 0.996
1520.000 1.087
1525.000 1.195
1530.000 1.337
1535.000 1.508
1540.000 1.725
1545.000 1.995
1550.000 2.353
1555.000 2.834
1560.000 3.505
1565.000 4.332
1570.000 4.332
1575.000 5.297
1580.000 6.018
1585.000 5.913
1590.000 4.671
1595.000 3.392
1600.000 2.751
1605.000 2.313
1610.000 1.964
1615.000 1.764
1620.000 1.582
1625.000 1.438
1630.000 1.316
1635.000 1.222
1640.000 1.163
1645.000 1.066
1650.000 1.009
1655.000 0.970
1660.000 0.914
1665.000 0.884
1670.000 0.834
1675.000 0.813
1680.000 0.813
1685.000 0.773
1690.000 0.740
1695.000 0.711
1700.000 0.686
1705.000 0.667
1710.000 0.640
1715.000 0.628
1720.000 0.596
1725.000 0.589
1730.000 0.577
1735.000 0.576
1740.000 0.575
1745.000 0.596
1750.000 0.619
1755.000 0.645
1760.000 0.691
1765.000 0.740
1770.000 0.795
1775.000 0.866
1780.000 0.937
1785.000 1.009
1790.000 1.097
1795.000 1.198
1800.000 1.299
1805.000 1.299
1810.000 1.417
1815.000 1.557
1820.000 1.691
1825.000 1.855
1830.000 2.041
1835.000 2.261
1840.000 2.512
1845.000 2.823
1850.000 3.179
1855.000 3.621
1860.000 4.148
1865.000 4.836
1870.000 5.701
1875.000 6.750
1880.000 7.936
1885.000 9.114
1890.000 9.937
1895.000 9.864
1900.000 8.796
1905.000 7.317
1910.000 6.186
1915.000 5.303
1920.000 4.699
1925.000 4.192
1930.000 4.192
1935.000 3.806
1940.000 3.528
1945.000 3.230
1950.000 3.038
1955.000 2.804
1960.000 2.665
1965.000 2.559
1970.000 2.418
1975.000 2.339
1980.000 2.267
1985.000 2.188
1990.000 2.121
1995.000 2.055
2000.000 2.017
2005.000 1.993
2010.000 1.942
2015.000 1.926
2020.000 1.894
2025.000 1.871
2030.000 1.852
2035.000 1.846
2040.000 1.840
2045.000 1.849
2050.000 1.836
2055.000 1.840
2060.000 1.840
2065.000 1.854
2070.000 1.862
2075.000 1.866
2080.000 1.893
2085.000 1.920
2090.000 1.947
2095.000 1.977
2100.000 2.020
2105.000 2.067
2110.000 2.128
2115.000 2.185
2120.000 2.261
2125.000 2.335
2130.000 2.421
2135.000 2.529
2140.000 2.650
2145.000 2.788
2150.000 2.949
2155.000 3.140
2160.000 3.351
2165.000 3.610
2170.000 3.610
2175.000 3.924
2180.000 4.287
2185.000 4.729
2190.000 5.281
2195.000 5.915
2200.000 6.669
2205.000 7.518
2210.000 8.341
2215.000 8.982
2220.000 9.150
2225.000 8.672
2230.000 7.692
2235.000 6.594
2240.000 5.653
2245.000 4.896
2250.000 4.295
2255.000 3.817
2260.000 3.436
2265.000 3.122
2270.000 2.857
2275.000 2.636
2280.000 2.454
2285.000 2.295
2290.000 2.152
2295.000 2.152
2300.000 2.034
2305.000 1.931
2310.000 1.837
2315.000 1.759
2320.000 1.689
2325.000 1.626
2330.000 1.573
2335.000 1.526
2340.000 1.481
2345.000 1.448
2350.000 1.419
2355.000 1.393
2360.000 1.369
2365.000 1.354
2370.000 1.329
2375.000 1.325
2380.000 1.312
2385.000 1.313
2390.000 1.310
2395.000 1.310
2400.000 1.321
2405.000 1.334
2410.000 1.344
2415.000 1.370
2420.000 1.370
2425.000 1.385
2430.000 1.424
2435.000 1.451
2440.000 1.496
2445.000 1.551
2450.000 1.599
2455.000 1.665
2460.000 1.743
2465.000 1.842
2470.000 1.956
2475.000 2.076
2480.000 2.231
2485.000 2.428
2490.000 2.672
2495.000 2.968
2500.000 3.346
2505.000 3.825
2510.000 4.420
2515.000 5.237
2520.000 6.221
2525.000 7.324
2530.000 8.227
2535.000 8.404
2540.000 7.358
2545.000 7.358
2550.000 5.674
2555.000 4.479
2560.000 3.708
2565.000 3.149
2570.000 2.751
2575.000 2.407
2580.000 2.157
2585.000 1.965
2590.000 1.795
2595.000 1.659
2600.000 1.526
2605.000 1.435
2610.000 1.352
2615.000 1.296
2620.000 1.220
2625.000 1.166
2630.000 1.124
2635.000 1.078
2640.000 1.044
2645.000 1.016
2650.000 0.990
2655.000 0.990
2660.000 0.968
2665.000 0.939
2670.000 0.938
2675.000 0.902
2680.000 0.911
2685.000 0.897
2690.000 0.886
2695.000 0.882
2700.000 0.881
2705.000 0.886
2710.000 0.887
2715.000 0.893
2720.000 0.907
2725.000 0.915
2730.000 0.927
2735.000 0.948
2740.000 0.967
2745.000 0.996
2750.000 1.029
2755.000 1.060
2760.000 1.107
2765.000 1.152
2770.000 1.205
2775.000 1.283
2780.000 1.283
2785.000 1.362
2790.000 1.448
2795.000 1.566
2800.000 1.703
2805.000 1.883
2810.000 2.094
2815.000 2.371
2820.000 2.727
2825.000 3.205
2830.000 3.831
2835.000 4.657
2840.000 5.647
2845.000 6.592
2850.000 6.951
2855.000 6.080
2860.000 4.422
2865.000 3.377
2870.000 2.757
2875.000 2.333
2880.000 2.022
2885.000 1.777
2890.000 1.592
2895.000 1.443
2900.000 1.322
2905.000 1.322
2910.000 1.225
2915.000 1.139
2920.000 1.063
2925.000 1.004
2930.000 0.949
2935.000 0.907
2940.000 0.870
2945.000 0.830
2950.000 0.805
2955.000 0.779
2960.000 0.754
2965.000 0.730
2970.000 0.721
2975.000 0.700
2980.000 0.692
2985.000 0.681
2990.000 0.673
2995.000 0.667
3000.000 0.662
3005.000 0.665
3010.000 0.662
3015.000 0.664
3020.000 0.664
3025.000 0.670
3030.000 0.670
3035.000 0.681
3040.000 0.688
3045.000 0.703
3050.000 0.716
3055.000 0.732
3060.000 0.754
3065.000 0.777
3070.000 0.800
3075.000 0.834
3080.000 0.871
3085.000 0.912
3090.000 0.963
3095.000 1.027
3100.000 1.097
3105.000 1.188
3110.000 1.293
3115.000 1.421
3120.000 1.580
3125.000 1.788
3130.000 2.054
3135.000 2.407
3140.000 2.407
3145.000 2.892
3150.000 3.523
3155.000 4.323
3160.000 5.171
3165.000 5.677
3170.000 5.245
3175.000 3.876
3180.000 2.827
3185.000 2.296
3190.000 1.918
3195.000 1.653
3200.000 1.454
3205.000 1.294
3210.000 1.177
3215.000 1.072
3220.000 0.993
3225.000 0.926
3230.000 0.860
3235.000 0.813
3240.000 0.774
3245.000 0.735
3250.000 0.704
3255.000 0.677
3260.000 0.652
3265.000 0.652
3270.000 0.630
3275.000 0.612
3280.000 0.596
3285.000 0.580
3290.000 0.568
3295.000 0.565
3300.000 0.556
3305.000 0.549
3310.000 0.548
3315.000 0.542
3320.000 0.542
3325.000 0.544
3330.000 0.541
3335.000 0.549
3340.000 0.549
3345.000 0.559
3350.000 0.565
3355.000 0.575
3360.000 0.585
3365.000 0.603
3370.000 0.620
3375.000 0.635
3380.000 0.662
3385.000 0.687
3390.000 0.687
3395.000 0.716
3400.000 0.752
3405.000 0.799
3410.000 0.845
3415.000 0.897
3420.000 0.971
3425.000 1.052
3430.000 1.156
3435.000 1.288
3440.000 1.452
3445.000 1.663
3450.000 1.940
3455.000 2.335
3460.000 2.831
3465.000 3.468
3470.000 4.169
3475.000 4.663
3480.000 4.459
3485.000 3.426
3490.000 2.477
3495.000 1.996
3500.000 1.663
3505.000 1.434
3510.000 1.257
3515.000 1.257
3520.000 1.125
3525.000 1.016
3530.000 0.928
3535.000 0.856
3540.000 0.798
3545.000 0.746
3550.000 0.698
3555.000 0.661
3560.000 0.631
3565.000 0.604
3570.000 0.580
3575.000 0.560
3580.000 0.542
3585.000 0.529
3590.000 0.509
3595.000 0.495
3600.000 0.490
3605.000 0.482
3610.000 0.474
3615.000 0.470
3620.000 0.465
3625.000 0.465
3630.000 0.465
3635.000 0.463
3640.000 0.458
3645.000 0.465
3650.000 0.466
3655.000 0.469
3660.000 0.473
3665.000 0.482
3670.000 0.487
3675.000 0.499
3680.000 0.506
3685.000 0.522
3690.000 0.537
3695.000 0.555
3700.000 0.573
3705.000 0.601
3710.000 0.630
3715.000 0.662
3720.000 0.701
3725.000 0.749
3730.000 0.805
3735.000 0.867
3740.000 0.946
3745.000 1.049
3750.000 1.170
3755.000 1.170
3760.000 1.328
3765.000 1.541
3770.000 1.825
3775.000 2.193
3780.000 2.678
3785.000 3.275
3790.000 3.854
3795.000 4.072
3800.000 3.534
3805.000 2.515
3810.000 1.918
3815.000 1.567
3820.000 1.329
3825.000 1.150
3830.000 1.014
3835.000 0.912
3840.000 0.832
3845.000 0.757
3850.000 0.703
3855.000 0.658
3860.000 0.613
3865.000 0.580
3870.000 0.551
3875.000 0.528
3880.000 0.528
3885.000 0.500
3890.000 0.486
3895.000 0.473
3900.000 0.455
3905.000 0.440
3910.000 0.432
3915.000 0.418
3920.000 0.413
3925.000 0.408
3930.000 0.401
3935.000 0.400
3940.000 0.397
3945.000 0.393
3950.000 0.392
3955.000 0.395
3960.000 0.395
3965.000 0.394
3970.000 0.402
3975.000 0.405
3980.000 0.410
3985.000 0.419
3990.000 0.427
3995.000 0.436
4000.000 0.450
4005.000 0.450
4010.000 0.463
4015.000 0.479
4020.000 0.502
4025.000 0.524
4030.000 0.548
4035.000 0.582
4040.000 0.618
4045.000 0.661
4050.000 0.708
4055.000 0.769
4060.000 0.844
4065.000 0.941
4070.000 1.062
4075.000 1.214
4080.000 1.425
4085.000 1.736
4090.000 2.121
4095.000 2.585
4100.000 3.087
4105.000 3.381
4110.000 3.136
4115.000 3.136
4120.000 2.356
4125.000 1.719
4130.000 1.405
4135.000 1.162
4140.000 1.010
4145.000 0.886
4150.000 0.795
4155.000 0.718
4160.000 0.659
4165.000 0.610
4170.000 0.563
4175.000 0.528
4180.000 0.499
4185.000 0.471
4190.000 0.446
4195.000 0.433
4200.000 0.413
4205.000 0.400
4210.000 0.386
4215.000 0.378
4220.000 0.365
4225.000 0.359
4230.000 0.356
4235.000 0.347
4240.000 0.347
4245.000 0.345
4250.000 0.339
4255.000 0.337
4260.000 0.337
4265.000 0.335
4270.000 0.334
4275.000 0.333
4280.000 0.335
4285.000 0.336
4290.000 0.341
4295.000 0.345
4300.000 0.349
4305.000 0.352
4310.000 0.362
4315.000 0.363
4320.000 0.374
4325.000 0.378
4330.000 0.392
4335.000 0.406
4340.000 0.415
4345.000 0.438
4350.000 0.461
4355.000 0.489
4360.000 0.527
4365.000 0.527
4370.000 0.570
4375.000 0.629
4380.000 0.698
4385.000 0.782
4390.000 0.898
4395.000 1.039
4400.000 1.231
4405.000 1.493
4410.000 1.829
4415.000 2.200
4420.000 2.510
4425.000 2.521
4430.000 2.072
4435.000 1.502
4440.000 1.193
4445.000 0.991
4450.000 0.855
4455.000 0.750
4460.000 0.672
4465.000 0.602
4470.000 0.551
4475.000 0.508
4480.000 0.476
4485.000 0.446
4490.000 0.446
4495.000 0.426
4500.000 0.400
4505.000 0.385
4510.000 0.366
4515.000 0.355
4520.000 0.346
4525.000 0.333
4530.000 0.330
4535.000 0.319
4540.000 0.315
4545.000 0.311
4550.000 0.309
4555.000 0.307
4560.000 0.303
4565.000 0.303
4570.000 0.302
4575.000 0.309
4580.000 0.310
4585.000 0.316
4590.000 0.321
4595.000 0.325
4600.000 0.325
4605.000 0.332
4610.000 0.342
4615.000 0.349
4620.000 0.359
4625.000 0.376
4630.000 0.383
4635.000 0.402
4640.000 0.425
4645.000 0.443
4650.000 0.467
4655.000 0.498
4660.000 0.529
4665.000 0.564
4670.000 0.610
4675.000 0.667
4680.000 0.728
4685.000 0.808
4690.000 0.894
4695.000 1.018
4700.000 1.160
4705.000 1.348
4710.000 1.595
4715.000 1.921
4720.000 2.340
4725.000 2.340
4730.000 2.837
4735.000 3.313
4740.000 3.517
4745.000 3.140
4750.000 2.352
4755.000 1.799
4760.000 1.468
4765.000 1.225
4770.000 1.051
4775.000 0.918
4780.000 0.814
4785.000 0.727
4790.000 0.658
4795.000 0.595
4800.000 0.547
4805.000 0.500
4810.000 0.462
4815.000 0.430
4820.000 0.403
4825.000 0.379
4830.000 0.359
4835.000 0.343
4840.000 0.328
4845.000 0.317
4850.000 0.317
4855.000 0.308
4860.000 0.303
4865.000 0.300
4870.000 0.294
4875.000 0.299
4880.000 0.297
4885.000 0.305
4890.000 0.311
4895.000 0.315
4900.000 0.330
4905.000 0.343
4910.000 0.356
4915.000 0.369
4920.000 0.390
4925.000 0.408
4930.000 0.436
4935.000 0.458
4940.000 0.490
4945.000 0.526
4950.000 0.563
4955.000 0.611
4960.000 0.656
4965.000 0.711
4970.000 0.776
4975.000 0.776
4980.000 0.849
4985.000 0.939
4990.000 1.041
4995.000 1.157
5000.000 1.301
5005.000 1.475
5010.000 1.694
5015.000 1.970
5020.000 2.312
5025.000 2.761
5030.000 3.335
5035.000 4.072
5040.000 5.023
5045.000 6.007
5050.000 6.720
5055.000 6.668
5060.000 5.690
5065.000 4.544
5070.000 3.792
5075.000 3.207
5080.000 2.841
5085.000 2.841
5090.000 2.573
5095.000 2.348
5100.000 2.170
5105.000 2.029
5110.000 1.903
5115.000 1.800
5120.000 1.712
5125.000 1.638
5130.000 1.572
5135.000 1.515
5140.000 1.467
5145.000 1.422
5150.000 1.381
5155.000 1.344
5160.000 1.315
5165.000 1.290
5170.000 1.262
5175.000 1.237
5180.000 1.220
5185.000 1.205
5190.000 1.188
5195.000 1.175
5200.000 1.167
5205.000 1.155
5210.000 1.155
5215.000 1.146
5220.000 1.142
5225.000 1.138
5230.000 1.131
5235.000 1.127
5240.000 1.125
5245.000 1.124
5250.000 1.112
5255.000 1.108
5260.000 1.114
5265.000 1.164
5270.000 1.234
5275.000 1.308
5280.000 1.386
5285.000 1.490
5290.000 1.585
5295.000 1.694
5300.000 1.822
5305.000 1.971
5310.000 2.136
5315.000 2.346
5320.000 2.586
5325.000 2.857
5330.000 3.221
5335.000 3.221
5340.000 3.696
5345.000 4.292
5350.000 5.082
5355.000 6.083
5360.000 7.229
5365.000 8.368
5370.000 8.901
5375.000 8.187
5380.000 6.424
5385.000 4.946
5390.000 4.047
5395.000 3.416
5400.000 2.949
5405.000 2.588
5410.000 2.306
5415.000 2.088
5420.000 1.909
5425.000 1.759
5430.000 1.629
5435.000 1.522
5440.000 1.429
5445.000 1.354
5450.000 1.280
5455.000 1.219
5460.000 1.219
5465.000 1.172
5470.000 1.123
5475.000 1.082
5480.000 1.048
5485.000 1.022
5490.000 0.994
5495.000 0.974
5500.000 0.954
5505.000 0.934
5510.000 0.920
5515.000 0.913
5520.000 0.909
5525.000 0.901
5530.000 0.901
5535.000 0.898
5540.000 0.898
5545.000 0.905
5550.000 0.911
5555.000 0.920
5560.000 0.935
5565.000 0.952
5570.000 0.974
5575.000 0.974
5580.000 1.003
5585.000 1.027
5590.000 1.062
5595.000 1.103
5600.000 1.150
5605.000 1.207
5610.000 1.265
5615.000 1.341
5620.000 1.427
5625.000 1.531
5630.000 1.661
5635.000 1.823
5640.000 2.013
5645.000 2.252
5650.000 2.567
5655.000 2.971
5660.000 3.489
5665.000 4.163
5670.000 4.975
5675.000 5.823
5680.000 6.379
5685.000 6.153
5690.000 5.033
5695.000 3.851
5700.000 3.851
5705.000 3.097
5710.000 2.604
5715.000 2.234
5720.000 1.962
5725.000 1.752
5730.000 1.581
5735.000 1.439
5740.000 1.327
5745.000 1.234
5750.000 1.152
5755.000 1.087
5760.000 1.030
5765.000 0.981
5770.000 0.935
5775.000 0.893
5780.000 0.863
5785.000 0.838
5790.000 0.811
5795.000 0.789
5800.000 0.768
5805.000 0.752
5810.000 0.743
5815.000 0.730
5820.000 0.722
5825.000 0.722
5830.000 0.717
5835.000 0.709
5840.000 0.708
5845.000 0.708
5850.000 0.706
5855.000 0.708
5860.000 0.715
5865.000 0.721
5870.000 0.732
5875.000 0.741
5880.000 0.754
5885.000 0.766
5890.000 0.792
5895.000 0.810
5900.000 0.836
5905.000 0.872
5910.000 0.909
5915.000 0.952
5920.000 1.001
5925.000 1.058
5930.000 1.127
5935.000 1.209
5940.000 1.304
5945.000 1.422
5950.000 1.422
5955.000 1.565
5960.000 1.754
5965.000 1.976
5970.000 2.266
5975.000 2.651
5980.000 3.136
5985.000 3.756
5990.000 4.474
5995.000 5.131
6000.000 5.350
6005.000 4.777
6010.000 3.714
6015.000 2.908
6020.000 2.403
6025.000 2.045
6030.000 1.775
6035.000 1.574
6040.000 1.413
6045.000 1.288
6050.000 1.189
6055.000 1.098
6060.000 1.026
6065.000 0.964
6070.000 0.959
6075.000 0.910
6080.000 0.866
6085.000 0.824
6090.000 0.789
6095.000 0.768
6100.000 0.735
6105.000 0.715
6110.000 0.696
6115.000 0.686
6120.000 0.666
6125.000 0.660
6130.000 0.649
6135.000 0.643
6140.000 0.634
6145.000 0.628
6150.000 0.632
6155.000 0.631
6160.000 0.632
6165.000 0.633
6170.000 0.636
6175.000 0.647
6180.000 0.656
6185.000 0.656
6190.000 0.668
6195.000 0.676
6200.000 0.697
6205.000 0.713
6210.000 0.734
6215.000 0.752
6220.000 0.781
6225.000 0.813
6230.000 0.847
6235.000 0.894
6240.000 0.944
6245.000 1.005
6250.000 1.074
6255.000 1.167
6260.000 1.268
6265.000 1.393
6270.000 1.550
6275.000 1.745
6280.000 1.988
6285.000 2.298
6290.000 2.718
6295.000 3.234
6300.000 3.863
6305.000 4.497
6310.000 4.497
6315.000 4.858
6320.000 4.590
6325.000 3.720
6330.000 2.885
6335.000 2.366
6340.000 1.982
6345.000 1.719
6350.000 1.516
6355.000 1.353
6360.000 1.227
6365.000 1.130
6370.000 1.044
6375.000 0.975
6380.000 0.911
6385.000 0.862
6390.000 0.820
6395.000 0.784
6400.000 0.749
6405.000 0.721
6410.000 0.693
6415.000 0.674
6420.000 0.660
6425.000 0.640
6430.000 0.628
6435.000 0.628
6440.000 0.615
6445.000 0.607
6450.000 0.599
6455.000 0.597
6460.000 0.592
6465.000 0.591
6470.000 0.588
6475.000 0.589
6480.000 0.594
6485.000 0.595
6490.000 0.602
6495.000 0.608
6500.000 0.620
6505.000 0.631
6510.000 0.643
6515.000 0.665
6520.000 0.679
6525.000 0.699
6530.000 0.724
6535.000 0.756
6540.000 0.787
6545.000 0.824
6550.000 0.871
6555.000 0.921
6560.000 0.921
6565.000 0.990
6570.000 1.061
6575.000 1.149
6580.000 1.253
6585.000 1.386
6590.000 1.548
6595.000 1.757
6600.000 2.026
6605.000 2.353
6610.000 2.797
6615.000 3.329
6620.000 3.923
6625.000 4.397
6630.000 4.449
6635.000 3.891
6640.000 3.044
6645.000 2.430
6650.000 2.021
6655.000 1.732
6660.000 1.517
6665.000 1.351
6670.000 1.351
6675.000 1.224
6680.000 1.114
6685.000 1.023
6690.000 0.956
6695.000 0.896
6700.000 0.845
6705.000 0.802
6710.000 0.762
6715.000 0.726
6720.000 0.702
6725.000 0.675
6730.000 0.655
6735.000 0.636
6740.000 0.623
6745.000 0.609
6750.000 0.597
6755.000 0.586
6760.000 0.579
6765.000 0.577
6770.000 0.570
6775.000 0.567
6780.000 0.566
6785.000 0.567
6790.000 0.570
6795.000 0.570
6800.000 0.572
6805.000 0.576
6810.000 0.583
6815.000 0.593
6820.000 0.601
6825.000 0.615
6830.000 0.631
6835.000 0.646
6840.000 0.667
6845.000 0.690
6850.000 0.715
6855.000 0.746
6860.000 0.784
6865.000 0.826
6870.000 0.874
6875.000 0.930
6880.000 0.998
6885.000 1.076
6890.000 1.169
6895.000 1.296
6900.000 1.444
6905.000 1.624
6910.000 1.858
6915.000 2.161
6920.000 2.161
6925.000 2.544
6930.000 3.017
6935.000 3.541
6940.000 3.978
6945.000 4.092
6950.000 3.716
6955.000 3.002
6960.000 2.394
6965.000 1.995
6970.000 1.690
6975.000 1.479
6980.000 1.309
6985.000 1.181
6990.000 1.078
6995.000 0.995
7000.000 0.922
7005.000 0.860
7010.000 0.808
7015.000 0.762
7020.000 0.727
7025.000 0.694
7030.000 0.664
7035.000 0.644
7040.000 0.623
7045.000 0.623
7050.000 0.604
7055.000 0.586
7060.000 0.573
7065.000 0.559
7070.000 0.552
7075.000 0.547
7080.000 0.539
7085.000 0.536
7090.000 0.536
7095.000 0.532
7100.000 0.531
7105.000 0.536
7110.000 0.533
7115.000 0.542
7120.000 0.545
7125.000 0.552
7130.000 0.560
7135.000 0.570
7140.000 0.587
7145.000 0.599
7150.000 0.620
7155.000 0.620
7160.000 0.638
7165.000 0.662
7170.000 0.691
7175.000 0.718
7180.000 0.755
7185.000 0.795
7190.000 0.844
7195.000 0.902
7200.000 0.969
7205.000 1.048
7210.000 1.146
7215.000 1.268
7220.000 1.409
7225.000 1.617
7230.000 1.854
7235.000 2.164
7240.000 2.561
7245.000 3.030
7250.000 3.530
7255.000 3.892
7260.000 3.862
7265.000 3.330
7270.000 2.616
7275.000 2.129
7280.000 2.129
7285.000 1.775
7290.000 1.542
7295.000 1.346
7300.000 1.205
7305.000 1.088
7310.000 0.993
7315.000 0.914
7320.000 0.846
7325.000 0.790
7330.000 0.745
7335.000 0.706
7340.000 0.669
7345.000 0.641
7350.000 0.617
7355.000 0.594
7360.000 0.575
7365.000 0.559
7370.000 0.549
7375.000 0.530
7380.000 0.520
7385.000 0.511
7390.000 0.503
7395.000 0.499
7400.000 0.493
7405.000 0.487
7410.000 0.487
7415.000 0.487
7420.000 0.483
7425.000 0.481
7430.000 0.484
7435.000 0.486
7440.000 0.490
7445.000 0.495
7450.000 0.501
7455.000 0.507
7460.000 0.516
7465.000 0.531
7470.000 0.560
7475.000 0.603
7480.000 0.660
7485.000 0.708
7490.000 0.752
7495.000 0.795
7500.000 0.842
7505.000 0.896
7510.000 0.957
7515.000 1.025
7520.000 1.109
7525.000 1.214
7530.000 1.348
7535.000 1.348
7540.000 1.511
7545.000 1.723
7550.000 1.980
7555.000 2.372
7560.000 2.798
7565.000 3.264
7570.000 3.664
7575.000 3.773
7580.000 3.425
7585.000 2.764
7590.000 2.217
7595.000 1.846
7600.000 1.572
7605.000 1.372
7610.000 1.226
7615.000 1.106
7620.000 1.005
7625.000 0.922
7630.000 0.858
7635.000 0.802
7640.000 0.754
7645.000 0.754
7650.000 0.714
7655.000 0.685
7660.000 0.653
7665.000 0.626
7670.000 0.600
7675.000 0.585
7680.000 0.566
7685.000 0.550
7690.000 0.538
7695.000 0.528
7700.000 0.520
7705.000 0.509
7710.000 0.503
7715.000 0.502
7720.000 0.501
7725.000 0.497
7730.000 0.499
7735.000 0.499
7740.000 0.500
7745.000 0.504
7750.000 0.509
7755.000 0.515
7760.000 0.527
7765.000 0.535
7770.000 0.535
7775.000 0.548
7780.000 0.563
7785.000 0.573
7790.000 0.598
7795.000 0.620
7800.000 0.648
7805.000 0.673
7810.000 0.707
7815.000 0.746
7820.000 0.794
7825.000 0.854
7830.000 0.917
7835.000 0.999
7840.000 1.095
7845.000 1.205
7850.000 1.360
7855.000 1.539
7860.000 1.770
7865.000 2.074
7870.000 2.447
7875.000 2.870
7880.000 3.273
7885.000 3.493
7890.000 3.369
7895.000 3.369
7900.000 2.876
7905.000 2.306
7910.000 1.906
7915.000 1.612
7920.000 1.398
7925.000 1.229
7930.000 1.100
7935.000 0.998
7940.000 0.915
7945.000 0.848
7950.000 0.787
7955.000 0.739
7960.000 0.696
7965.000 0.661
7970.000 0.628
7975.000 0.606
7980.000 0.585
7985.000 0.563
7990.000 0.546
7995.000 0.530
8000.000 0.519
8005.000 0.507
8010.000 0.505
8015.000 0.497
8020.000 0.497
8025.000 0.492
8030.000 0.487
8035.000 0.480
8040.000 0.480
8045.000 0.477
8050.000 0.477
8055.000 0.481
8060.000 0.478
8065.000 0.483
8070.000 0.492
8075.000 0.499
8080.000 0.510
8085.000 0.525
8090.000 0.536
8095.000 0.553
8100.000 0.574
8105.000 0.594
8110.000 0.613
8115.000 0.643
8120.000 0.673
8125.000 0.710
8130.000 0.710
8135.000 0.748
8140.000 0.787
8145.000 0.840
8150.000 0.911
8155.000 0.988
8160.000 1.082
8165.000 1.208
8170.000 1.361
8175.000 1.546
8180.000 1.782
8185.000 2.083
8190.000 2.466
8195.000 2.798
8200.000 3.031
8205.000 3.071
8210.000 2.877
8215.000 2.458
8220.000 2.002
8225.000 1.679
8230.000 1.441
8235.000 1.266
8240.000 1.119
8245.000 1.011
8250.000 0.920
8255.000 0.920
8260.000 0.847
8265.000 0.785
8270.000 0.732
8275.000 0.685
8280.000 0.650
8285.000 0.620
8290.000 0.601
8295.000 0.575
8300.000 0.555
8305.000 0.541
8310.000 0.526
8315.000 0.509
8320.000 0.502
8325.000 0.490
8330.000 0.481
8335.000 0.474
8340.000 0.473
8345.000 0.467
8350.000 0.463
8355.000 0.465
8360.000 0.465
8365.000 0.463
8370.000 0.469
8375.000 0.471
8380.000 0.471
8385.000 0.475
8390.000 0.480
8395.000 0.492
8400.000 0.500
8405.000 0.514
8410.000 0.527
8415.000 0.540
8420.000 0.563
8425.000 0.583
8430.000 0.605
8435.000 0.637
8440.000 0.666
8445.000 0.705
8450.000 0.743
8455.000 0.794
8460.000 0.851
8465.000 0.905
8470.000 0.972
8475.000 1.066
8480.000 1.191
8485.000 1.357
8490.000 1.562
8495.000 1.828
8500.000 2.155
8505.000 2.155
8510.000 2.469
8515.000 2.812
8520.000 3.029
8525.000 2.956
8530.000 2.567
8535.000 2.088
8540.000 1.725
8545.000 1.426
8550.000 1.238
8555.000 1.096
8560.000 0.981
8565.000 0.890
8570.000 0.813
8575.000 0.756
8580.000 0.720
8585.000 0.689
8590.000 0.666
8595.000 0.626
8600.000 0.592
8605.000 0.569
8610.000 0.546
8615.000 0.546
8620.000 0.527
8625.000 0.512
8630.000 0.499
8635.000 0.484
8640.000 0.474
8645.000 0.465
8650.000 0.461
8655.000 0.456
8660.000 0.451
8665.000 0.449
8670.000 0.444
8675.000 0.445
8680.000 0.445
8685.000 0.448
8690.000 0.451
8695.000 0.452
8700.000 0.458
8705.000 0.459
8710.000 0.468
8715.000 0.475
8720.000 0.489
8725.000 0.502
8730.000 0.519
8735.000 0.533
8740.000 0.533
8745.000 0.552
8750.000 0.577
8755.000 0.606
8760.000 0.642
8765.000 0.676
8770.000 0.720
8775.000 0.773
8780.000 0.832
8785.000 0.905
8790.000 0.995
8795.000 1.099
8800.000 1.231
8805.000 1.393
8810.000 1.588
8815.000 1.821
8820.000 2.066
8825.000 2.299
8830.000 2.455
8835.000 2.503
8840.000 2.405
8845.000 2.137
8850.000 1.798
8855.000 1.497
8860.000 1.293
8865.000 1.293
8870.000 1.127
8875.000 0.999
8880.000 0.897
8885.000 0.825
8890.000 0.760
8895.000 0.702
8900.000 0.657
8905.000 0.617
8910.000 0.582
8915.000 0.553
8920.000 0.527
8925.000 0.502
8930.000 0.483
8935.000 0.468
8940.000 0.448
8945.000 0.436
8950.000 0.425
8955.000 0.414
8960.000 0.410
8965.000 0.409
8970.000 0.413
8975.000 0.415
8980.000 0.413
8985.000 0.414
8990.000 0.414
8995.000 0.413
9000.000 0.415
9005.000 0.415
9010.000 0.421
9015.000 0.421
9020.000 0.430
9025.000 0.434
9030.000 0.441
9035.000 0.452
9040.000 0.461
9045.000 0.474
9050.000 0.494
9055.000 0.507
9060.000 0.525
9065.000 0.549
9070.000 0.575
9075.000 0.609
9080.000 0.646
9085.000 0.688
9090.000 0.737
9095.000 0.801
9100.000 0.875
9105.000 0.875
9110.000 0.961
9115.000 1.070
9120.000 1.208
9125.000 1.370
9130.000 1.569
9135.000 1.826
9140.000 2.127
9145.000 2.417
9150.000 2.588
9155.000 2.529
9160.000 2.213
9165.000 1.823
9170.000 1.521
9175.000 1.292
9180.000 1.123
9185.000 0.998
9190.000 0.894
9195.000 0.810
9200.000 0.745
9205.000 0.689
9210.000 0.641
9215.000 0.601
9220.000 0.567
9225.000 0.541
9230.000 0.541
9235.000 0.514
9240.000 0.494
9245.000 0.476
9250.000 0.459
9255.000 0.445
9260.000 0.434
9265.000 0.422
9270.000 0.413
9275.000 0.402
9280.000 0.397
9285.000 0.390
9290.000 0.385
9295.000 0.383
9300.000 0.382
9305.000 0.381
9310.000 0.380
9315.000 0.381
9320.000 0.382
9325.000 0.386
9330.000 0.392
9335.000 0.398
9340.000 0.404
9345.000 0.408
9350.000 0.415
9355.000 0.415
9360.000 0.430
9365.000 0.444
9370.000 0.461
9375.000 0.475
9380.000 0.497
9385.000 0.522
9390.000 0.550
9395.000 0.581
9400.000 0.623
9405.000 0.665
9410.000 0.715
9415.000 0.778
9420.000 0.854
9425.000 0.945
9430.000 1.055
9435.000 1.191
9440.000 1.361
9445.000 1.578
9450.000 1.816
9455.000 2.079
9460.000 2.289
9465.000 2.340
9470.000 2.158
9475.000 1.816
9480.000 1.816
9485.000 1.498
9490.000 1.273
9495.000 1.111
9500.000 0.979
9505.000 0.868
9510.000 0.783
9515.000 0.711
9520.000 0.656
9525.000 0.607
9530.000 0.568
9535.000 0.530
9540.000 0.502
9545.000 0.475
9550.000 0.455
9555.000 0.439
9560.000 0.419
9565.000 0.408
9570.000 0.397
9575.000 0.384
9580.000 0.374
9585.000 0.367
9590.000 0.367
9595.000 0.365
9600.000 0.358
9605.000 0.356
9610.000 0.351
9615.000 0.348
9620.000 0.344
9625.000 0.346
9630.000 0.346
9635.000 0.348
9640.000 0.349
9645.000 0.352
9650.000 0.355
9655.000 0.365
9660.000 0.369
9665.000 0.376
9670.000 0.385
9675.000 0.396
9680.000 0.408
9685.000 0.420
9690.000 0.441
9695.000 0.458
9700.000 0.482
9705.000 0.509
9710.000 0.540
9715.000 0.540
9720.000 0.579
9725.000 0.617
9730.000 0.670
9735.000 0.732
9740.000 0.809
9745.000 0.899
9750.000 1.015
9755.000 1.183
9760.000 1.368
9765.000 1.565
9770.000 1.781
9775.000 1.943
9780.000 1.974
9785.000 1.829
9790.000 1.606
9795.000 1.380
9800.000 1.209
9805.000 1.044
9810.000 0.915
9815.000 0.809
9820.000 0.727
9825.000 0.663
9830.000 0.606
9835.000 0.560
9840.000 0.560
9845.000 0.523
9850.000 0.491
9855.000 0.464
9860.000 0.440
9865.000 0.419
9870.000 0.402
9875.000 0.386
9880.000 0.373
9885.000 0.363
9890.000 0.350
9895.000 0.344
9900.000 0.340
9905.000 0.332
9910.000 0.324
9915.000 0.322
9920.000 0.319
9925.000 0.315
9930.000 0.316
9935.000 0.315
9940.000 0.315
9945.000 0.314
9950.000 0.317
9955.000 0.318
9960.000 0.324
9965.000 0.324
9970.000 0.329
9975.000 0.330
9980.000 0.339
9985.000 0.349
9990.000 0.354
9995.000 0.366
10000.000 0.374
10005.000 0.390
10010.000 0.408
10015.000 0.426
10020.000 0.450
10025.000 0.473
10030.000 0.510
10035.000 0.545
10040.000 0.590
10045.000 0.636
10050.000 0.703
10055.000 0.779
10060.000 0.872
10065.000 0.987
10070.000 1.128
10075.000 1.128
10080.000 1.296
10085.000 1.499
10090.000 1.699
10095.000 1.833
10100.000 1.831
10105.000 1.661
10110.000 1.411
10115.000 1.181
10120.000 1.010
10125.000 0.880
10130.000 0.771
10135.000 0.693
10140.000 0.632
10145.000 0.580
10150.000 0.540
10155.000 0.504
10160.000 0.471
10165.000 0.444
10170.000 0.419
10175.000 0.398
10180.000 0.382
10185.000 0.370
10190.000 0.359
10195.000 0.347
10200.000 0.347
10205.000 0.335
10210.000 0.323
10215.000 0.318
10220.000 0.315
10225.000 0.308
10230.000 0.305
10235.000 0.301
10240.000 0.297
10245.000 0.298
10250.000 0.293
10255.000 0.299
10260.000 0.296
10265.000 0.299
10270.000 0.299
10275.000 0.301
10280.000 0.308
10285.000 0.310
10290.000 0.319
10295.000 0.326
10300.000 0.333
10305.000 0.345
10310.000 0.357
10315.000 0.368
10320.000 0.381
10325.000 0.381
10330.000 0.401
10335.000 0.424
10340.000 0.447
10345.000 0.472
10350.000 0.507
10355.000 0.547
10360.000 0.594
10365.000 0.646
10370.000 0.716
10375.000 0.803
10380.000 0.906
10385.000 1.035
10390.000 1.184
10395.000 1.355
10400.000 1.520
10405.000 1.631
10410.000 1.625
10415.000 1.478
10420.000 1.264
10425.000 1.070
10430.000 0.911
10435.000 0.793
10440.000 0.700
10445.000 0.624
10450.000 0.624
10455.000 0.569
10460.000 0.522
10465.000 0.480
10470.000 0.448
10475.000 0.416
10480.000 0.395
10485.000 0.373
10490.000 0.354
10495.000 0.340
10500.000 0.329
10505.000 0.317
10510.000 0.306
10515.000 0.297
10520.000 0.290
10525.000 0.284
10530.000 0.276
10535.000 0.275
10540.000 0.271
10545.000 0.271
10550.000 0.265
10555.000 0.262
10560.000 0.262
10565.000 0.263
10570.000 0.260
10575.000 0.256
10580.000 0.255
10585.000 0.254
10590.000 0.256
10595.000 0.262
10600.000 0.268
10605.000 0.271
10610.000 0.283
10615.000 0.291
10620.000 0.299
10625.000 0.309
10630.000 0.317
10635.000 0.331
10640.000 0.346
10645.000 0.365
10650.000 0.385
10655.000 0.409
10660.000 0.436
10665.000 0.467
10670.000 0.500
10675.000 0.545
10680.000 0.600
10685.000 0.600
10690.000 0.660
10695.000 0.740
10700.000 0.841
10705.000 0.957
10710.000 1.097
10715.000 1.253
10720.000 1.409
10725.000 1.515
10730.000 1.509
10735.000 1.377
10740.000 1.177
10745.000 0.987
10750.000 0.848
10755.000 0.752
10760.000 0.666
10765.000 0.592
10770.000 0.537
10775.000 0.491
10780.000 0.454
10785.000 0.425
10790.000 0.398
10795.000 0.376
10800.000 0.357
10805.000 0.339
10810.000 0.339
10815.000 0.324
10820.000 0.314
10825.000 0.294
10830.000 0.288
10835.000 0.280
10840.000 0.271
10845.000 0.269
10850.000 0.262
10855.000 0.256
10860.000 0.253
10865.000 0.254
10870.000 0.247
10875.000 0.246
10880.000 0.247
10885.000 0.245
10890.000 0.248
10895.000 0.248
10900.000 0.249
10905.000 0.249
10910.000 0.254
10915.000 0.260
10920.000 0.264
10925.000 0.267
10930.000 0.275
10935.000 0.275
10940.000 0.283
10945.000 0.294
10950.000 0.305
10955.000 0.317
10960.000 0.331
10965.000 0.348
10970.000 0.365
10975.000 0.389
10980.000 0.416
10985.000 0.444
10990.000 0.481
10995.000 0.520
11000.000 0.569
11005.000 0.631
11010.000 0.707
11015.000 0.801
11020.000 0.931
11025.000 1.070
11030.000 1.215
11035.000 1.334
11040.000 1.382
11045.000 1.314
11050.000 1.314
11055.000 1.152
11060.000 0.976
11065.000 0.836
11070.000 0.722
11075.000 0.635
11080.000 0.565
11085.000 0.510
11090.000 0.463
11095.000 0.430
11100.000 0.399
11105.000 0.373
11110.000 0.348
11115.000 0.330
11120.000 0.315
11125.000 0.300
11130.000 0.289
11135.000 0.279
11140.000 0.267
11145.000 0.260
11150.000 0.254
11155.000 0.248
11160.000 0.243
11165.000 0.237
11170.000 0.232
11175.000 0.232
11180.000 0.229
11185.000 0.230
11190.000 0.227
11195.000 0.225
11200.000 0.228
11205.000 0.225
11210.000 0.228
11215.000 0.229
11220.000 0.231
11225.000 0.235
11230.000 0.236
11235.000 0.242
11240.000 0.248
11245.000 0.253
11250.000 0.258
11255.000 0.268
11260.000 0.279
11265.000 0.288
11270.000 0.301
11275.000 0.318
11280.000 0.329
11285.000 0.350
11290.000 0.374
11295.000 0.401
11300.000 0.401
11305.000 0.434
11310.000 0.468
11315.000 0.516
11320.000 0.571
11325.000 0.640
11330.000 0.724
11335.000 0.825
11340.000 0.940
11345.000 1.064
11350.000 1.181
11355.000 1.243
11360.000 1.215
11365.000 1.094
11370.000 0.944
11375.000 0.799
11380.000 0.691
11385.000 0.602
11390.000 0.536
11395.000 0.481
11400.000 0.438
11405.000 0.401
11410.000 0.369
11415.000 0.348
11420.000 0.325
11425.000 0.325
11430.000 0.307
11435.000 0.294
11440.000 0.278
11445.000 0.268
11450.000 0.256
11455.000 0.247
11460.000 0.238
11465.000 0.232
11470.000 0.227
11475.000 0.224
11480.000 0.220
11485.000 0.215
11490.000 0.212
11495.000 0.209
11500.000 0.209
11505.000 0.207
11510.000 0.205
11515.000 0.208
11520.000 0.208
11525.000 0.210
11530.000 0.211
11535.000 0.211
11540.000 0.214
11545.000 0.217
11550.000 0.218
11555.000 0.225
11560.000 0.230
11565.000 0.237
11570.000 0.245
11575.000 0.251
11580.000 0.258
11585.000 0.270
11590.000 0.281
11595.000 0.298
11600.000 0.314
11605.000 0.331
11610.000 0.355
11615.000 0.381
11620.000 0.418
11625.000 0.455
11630.000 0.502
11635.000 0.558
11640.000 0.630
11645.000 0.717
11650.000 0.818
11655.000 0.927
11660.000 0.927
11665.000 1.011
11670.000 1.083
11675.000 1.098
11680.000 1.036
11685.000 0.918
11690.000 0.789
11695.000 0.679
11700.000 0.592
11705.000 0.523
11710.000 0.473
11715.000 0.423
11720.000 0.385
11725.000 0.351
11730.000 0.329
11735.000 0.309
11740.000 0.290
11745.000 0.277
11750.000 0.263
11755.000 0.250
11760.000 0.243
11765.000 0.232
11770.000 0.224
11775.000 0.218
11780.000 0.212
11785.000 0.212
11790.000 0.209
11795.000 0.203
11800.000 0.199
11805.000 0.199
11810.000 0.196
11815.000 0.193
11820.000 0.192
11825.000 0.195
11830.000 0.192
11835.000 0.193
11840.000 0.195
11845.000 0.194
11850.000 0.195
11855.000 0.202
11860.000 0.203
11865.000 0.206
11870.000 0.213
11875.000 0.216
11880.000 0.222
11885.000 0.230
11890.000 0.238
11895.000 0.249
11900.000 0.259
11905.000 0.271
11910.000 0.271
11915.000 0.285
11920.000 0.302
11925.000 0.321
11930.000 0.347
11935.000 0.373
11940.000 0.405
11945.000 0.447
11950.000 0.493
11955.000 0.545
11960.000 0.616
11965.000 0.699
11970.000 0.789
11975.000 0.886
11980.000 0.959
11985.000 0.990
11990.000 0.951
11995.000 0.858
12000.000 0.744
