105.000 0.092
110.000 0.143
115.000 0.127
120.000 0.190
125.000 0.115
130.000 0.195
135.000 0.142
140.000 0.189
145.000 0.220
150.000 0.166
155.000 0.183
160.000 0.248
165.000 0.204
170.000 0.597
175.000 1.000
180.000 0.620
185.000 0.415
190.000 1.438
195.000 1.330
200.000 1.474
205.000 0.634
210.000 0.631
215.000 0.437
220.000 0.570
225.000 0.494
230.000 0.572
235.000 0.601
240.000 0.704
245.000 0.781
250.000 0.926
255.000 1.296
260.000 1.030
265.000 1.030
270.000 1.476
275.000 2.569
280.000 2.089
285.000 3.101
290.000 3.837
295.000 5.037
300.000 6.143
305.000 6.497
310.000 5.231
315.000 3.281
320.000 2.991
325.000 2.440
330.000 2.391
335.000 2.003
340.000 1.850
345.000 1.707
350.000 1.687
355.000 1.615
360.000 1.472
365.000 1.578
370.000 1.603
375.000 1.489
380.000 1.540
385.000 1.662
390.000 1.662
395.000 1.528
400.000 1.633
405.000 1.587
410.000 1.706
415.000 1.652
420.000 1.793
425.000 1.864
430.000 1.919
435.000 1.995
440.000 2.098
445.000 2.126
450.000 2.229
455.000 2.275
460.000 2.310
465.000 2.396
470.000 2.426
475.000 2.432
480.000 2.486
485.000 2.514
490.000 2.513
495.000 2.600
500.000 2.605
505.000 2.607
510.000 2.599
515.000 2.599
520.000 2.730
525.000 2.874
530.000 3.054
535.000 3.103
540.000 3.402
545.000 3.669
550.000 3.969
555.000 4.375
560.000 4.941
565.000 5.729
570.000 6.731
575.000 8.411
580.000 11.161
585.000 13.482
590.000 15.454
595.000 13.591
600.000 6.990
605.000 4.762
610.000 3.681
615.000 3.038
620.000 2.597
625.000 2.171
630.000 1.826
635.000 1.676
640.000 1.676
645.000 1.510
650.000 1.339
655.000 1.233
660.000 1.085
665.000 1.049
670.000 0.939
675.000 0.885
680.000 0.837
685.000 0.790
690.000 0.737
695.000 0.715
700.000 0.676
705.000 0.684
710.000 0.643
715.000 0.603
720.000 0.584
725.000 0.564
730.000 0.569
735.000 0.567
740.000 0.545
745.000 0.526
750.000 0.526
755.000 0.524
760.000 0.512
765.000 0.527
770.000 0.516
775.000 0.527
780.000 0.525
785.000 0.538
790.000 0.551
795.000 0.555
800.000 0.574
805.000 0.579
810.000 0.624
815.000 0.666
820.000 0.681
825.000 0.740
830.000 0.823
835.000 0.874
840.000 0.965
845.000 1.109
850.000 1.335
855.000 1.598
860.000 2.038
865.000 2.596
870.000 3.222
875.000 3.222
880.000 3.522
885.000 2.707
890.000 1.290
895.000 1.065
900.000 0.822
905.000 0.665
910.000 0.560
915.000 0.456
920.000 0.433
925.000 0.384
930.000 0.355
935.000 0.330
940.000 0.290
945.000 0.283
950.000 0.260
955.000 0.246
960.000 0.225
965.000 0.215
970.000 0.208
975.000 0.187
980.000 0.181
985.000 0.175
990.000 0.186
995.000 0.170
1000.000 0.170
1005.000 0.181
1010.000 0.162
1015.000 0.146
1020.000 0.151
1025.000 0.176
1030.000 0.162
1035.000 0.158
1040.000 0.155
1045.000 0.146
1050.000 0.164
1055.000 0.170
1060.000 0.171
1065.000 0.167
1070.000 0.177
1075.000 0.184
1080.000 0.195
1085.000 0.217
1090.000 0.220
1095.000 0.243
1100.000 0.264
1105.000 0.285
1110.000 0.299
1115.000 0.337
1120.000 0.388
1125.000 0.388
1130.000 0.439
1135.000 0.536
1140.000 0.656
1145.000 0.830
1150.000 1.079
1155.000 1.425
1160.000 1.833
1165.000 2.142
1170.000 1.851
1175.000 1.061
1180.000 0.830
1185.000 0.670
1190.000 0.586
1195.000 0.518
1200.000 0.491
1205.000 0.433
1210.000 0.394
1215.000 0.373
1220.000 0.362
1225.000 0.354
1230.000 0.315
1235.000 0.315
1240.000 0.326
1245.000 0.314
1250.000 0.312
1255.000 0.303
1260.000 0.298
1265.000 0.296
1270.000 0.292
1275.000 0.292
1280.000 0.292
1285.000 0.297
1290.000 0.296
1295.000 0.296
1300.000 0.289
1305.000 0.312
1310.000 0.303
1315.000 0.312
1320.000 0.328
1325.000 0.322
1330.000 0.335
1335.000 0.372
1340.000 0.362
1345.000 0.378
1350.000 0.408
1355.000 0.428
1360.000 0.439
1365.000 0.439
1370.000 0.501
1375.000 0.512
1380.000 0.569
1385.000 0.615
1390.000 0.683
1395.000 0.743
1400.000 0.804
1405.000 0.950
1410.000 1.048
1415.000 1.229
1420.000 1.479
1425.000 1.796
1430.000 2.218
1435.000 2.823
1440.000 3.653
1445.000 4.555
1450.000 5.005
1455.000 4.333
1460.000 2.787
1465.000 2.147
1470.000 1.747
1475.000 1.501
1480.000 1.300
1485.000 1.184
1490.000 1.184
1495.000 1.098
1500.000 0.995
1505.000 0.932
1510.000 0.905
1515.000 0.851
1520.000 0.794
1525.000 0.759
1530.000 0.742
1535.000 0.715
1540.000 0.691
1545.000 0.686
1550.000 0.676
1555.000 0.675
1560.000 0.663
1565.000 0.654
1570.000 0.657
1575.000 0.659
1580.000 0.651
1585.000 0.656
1590.000 0.669
1595.000 0.676
1600.000 0.680
1605.000 0.704
1610.000 0.715
1615.000 0.715
1620.000 0.725
1625.000 0.744
1630.000 0.763
1635.000 0.790
1640.000 0.802
1645.000 0.850
1650.000 0.870
1655.000 0.919
1660.000 0.940
1665.000 1.019
1670.000 1.073
1675.000 1.132
1680.000 1.219
1685.000 1.319
1690.000 1.400
1695.000 1.534
1700.000 1.701
1705.000 1.907
1710.000 2.157
1715.000 2.474
1720.000 2.894
1725.000 2.894
1730.000 3.425
1735.000 3.982
1740.000 4.334
1745.000 4.209
1750.000 3.499
1755.000 2.796
1760.000 2.380
1765.000 2.126
1770.000 1.936
1775.000 1.816
1780.000 1.707
1785.000 1.638
1790.000 1.580
1795.000 1.532
1800.000 1.487
1805.000 1.484
1810.000 1.434
1815.000 1.423
1820.000 1.416
1825.000 1.392
1830.000 1.390
1835.000 1.379
1840.000 1.377
1845.000 1.386
1850.000 1.386
1855.000 1.380
1860.000 1.392
1865.000 1.401
1870.000 1.416
1875.000 1.438
1880.000 1.453
1885.000 1.484
1890.000 1.495
1895.000 1.548
1900.000 1.583
1905.000 1.615
1910.000 1.655
1915.000 1.734
1920.000 1.757
1925.000 1.842
1930.000 1.931
1935.000 2.002
1940.000 2.116
1945.000 2.264
1950.000 2.363
1955.000 2.505
1960.000 2.695
1965.000 2.894
1970.000 3.144
1975.000 3.144
1980.000 3.446
1985.000 3.775
1990.000 4.177
1995.000 4.670
2000.000 5.216
2005.000 5.937
2010.000 6.785
2015.000 7.632
2020.000 8.428
2025.000 8.965
2030.000 8.985
2035.000 8.414
2040.000 7.452
2045.000 6.495
2050.000 5.667
2055.000 5.039
2060.000 4.485
2065.000 4.042
2070.000 3.689
2075.000 3.401
2080.000 3.157
2085.000 2.937
2090.000 2.757
2095.000 2.604
2100.000 2.604
2105.000 2.474
2110.000 2.355
2115.000 2.256
2120.000 2.174
2125.000 2.099
2130.000 2.034
2135.000 1.968
2140.000 1.921
2145.000 1.872
2150.000 1.835
2155.000 1.809
2160.000 1.778
2165.000 1.758
2170.000 1.744
2175.000 1.738
2180.000 1.734
2185.000 1.727
2190.000 1.731
2195.000 1.758
2200.000 1.754
2205.000 1.772
2210.000 1.772
2215.000 1.803
2220.000 1.834
2225.000 1.876
2230.000 1.924
2235.000 1.982
2240.000 2.052
2245.000 2.128
2250.000 2.224
2255.000 2.332
2260.000 2.460
2265.000 2.619
2270.000 2.814
2275.000 3.038
2280.000 3.301
2285.000 3.641
2290.000 4.073
2295.000 4.611
2300.000 5.265
2305.000 6.095
2310.000 7.036
2315.000 7.997
2320.000 8.679
2325.000 8.673
2330.000 7.750
2335.000 7.750
2340.000 6.382
2345.000 5.211
2350.000 4.382
2355.000 3.756
2360.000 3.286
2365.000 2.925
2370.000 2.628
2375.000 2.387
2380.000 2.200
2385.000 2.034
2390.000 1.896
2395.000 1.779
2400.000 1.674
2405.000 1.596
2410.000 1.511
2415.000 1.455
2420.000 1.401
2425.000 1.353
2430.000 1.308
2435.000 1.274
2440.000 1.245
2445.000 1.218
2450.000 1.202
2455.000 1.174
2460.000 1.174
2465.000 1.168
2470.000 1.159
2475.000 1.159
2480.000 1.155
2485.000 1.147
2490.000 1.157
2495.000 1.170
2500.000 1.184
2505.000 1.208
2510.000 1.226
2515.000 1.258
2520.000 1.296
2525.000 1.334
2530.000 1.386
2535.000 1.443
2540.000 1.521
2545.000 1.610
2550.000 1.707
2555.000 1.827
2560.000 1.981
2565.000 2.171
2570.000 2.392
2575.000 2.696
2580.000 3.061
2585.000 3.061
2590.000 3.541
2595.000 4.190
2600.000 5.026
2605.000 6.046
2610.000 7.092
2615.000 7.667
2620.000 7.125
2625.000 5.527
2630.000 4.153
2635.000 3.342
2640.000 2.817
2645.000 2.419
2650.000 2.128
2655.000 1.877
2660.000 1.696
2665.000 1.558
2670.000 1.439
2675.000 1.339
2680.000 1.254
2685.000 1.178
2690.000 1.125
2695.000 1.125
2700.000 1.072
2705.000 1.029
2710.000 0.990
2715.000 0.957
2720.000 0.930
2725.000 0.902
2730.000 0.886
2735.000 0.861
2740.000 0.853
2745.000 0.839
2750.000 0.832
2755.000 0.829
2760.000 0.822
2765.000 0.824
2770.000 0.829
2775.000 0.833
2780.000 0.843
2785.000 0.855
2790.000 0.873
2795.000 0.890
2800.000 0.911
2805.000 0.938
2810.000 0.968
2815.000 1.006
2820.000 1.006
2825.000 1.048
2830.000 1.113
2835.000 1.171
2840.000 1.248
2845.000 1.344
2850.000 1.454
2855.000 1.593
2860.000 1.774
2865.000 1.992
2870.000 2.275
2875.000 2.660
2880.000 3.160
2885.000 3.849
2890.000 4.717
2895.000 5.655
2900.000 6.274
2905.000 5.923
2910.000 4.483
2915.000 3.222
2920.000 2.608
2925.000 2.179
2930.000 1.873
2935.000 1.639
2940.000 1.463
2945.000 1.463
2950.000 1.321
2955.000 1.210
2960.000 1.121
2965.000 1.034
2970.000 0.974
2975.000 0.919
2980.000 0.873
2985.000 0.828
2990.000 0.800
2995.000 0.765
3000.000 0.741
3005.000 0.719
3010.000 0.698
3015.000 0.687
3020.000 0.673
3025.000 0.662
3030.000 0.658
3035.000 0.649
3040.000 0.646
3045.000 0.648
3050.000 0.645
3055.000 0.650
3060.000 0.648
3065.000 0.663
3070.000 0.663
3075.000 0.668
3080.000 0.679
3085.000 0.694
3090.000 0.711
3095.000 0.731
3100.000 0.758
3105.000 0.785
3110.000 0.819
3115.000 0.865
3120.000 0.914
3125.000 0.971
3130.000 1.047
3135.000 1.125
3140.000 1.234
3145.000 1.363
3150.000 1.550
3155.000 1.768
3160.000 2.055
3165.000 2.449
3170.000 2.971
3175.000 3.659
3180.000 4.454
3185.000 4.454
3190.000 5.103
3195.000 5.067
3200.000 3.995
3205.000 2.794
3210.000 2.226
3215.000 1.838
3220.000 1.573
3225.000 1.375
3230.000 1.221
3235.000 1.102
3240.000 1.006
3245.000 0.929
3250.000 0.863
3255.000 0.808
3260.000 0.765
3265.000 0.725
3270.000 0.692
3275.000 0.667
3280.000 0.636
3285.000 0.616
3290.000 0.601
3295.000 0.585
3300.000 0.568
3305.000 0.561
3310.000 0.561
3315.000 0.557
3320.000 0.545
3325.000 0.542
3330.000 0.539
3335.000 0.542
3340.000 0.544
3345.000 0.539
3350.000 0.546
3355.000 0.555
3360.000 0.559
3365.000 0.570
3370.000 0.581
3375.000 0.599
3380.000 0.617
3385.000 0.639
3390.000 0.664
3395.000 0.692
3400.000 0.729
3405.000 0.774
3410.000 0.820
3415.000 0.879
3420.000 0.949
3425.000 1.041
3430.000 1.146
3435.000 1.146
3440.000 1.285
3445.000 1.460
3450.000 1.690
3455.000 2.003
3460.000 2.423
3465.000 2.966
3470.000 3.612
3475.000 4.202
3480.000 4.308
3485.000 3.586
3490.000 2.551
3495.000 1.985
3500.000 1.640
3505.000 1.392
3510.000 1.215
3515.000 1.074
3520.000 0.971
3525.000 0.882
3530.000 0.813
3535.000 0.762
3540.000 0.708
3545.000 0.667
3550.000 0.632
3555.000 0.603
3560.000 0.603
3565.000 0.577
3570.000 0.556
3575.000 0.543
3580.000 0.520
3585.000 0.508
3590.000 0.498
3595.000 0.487
3600.000 0.482
3605.000 0.477
3610.000 0.470
3615.000 0.467
3620.000 0.463
3625.000 0.466
3630.000 0.467
3635.000 0.469
3640.000 0.472
3645.000 0.481
3650.000 0.490
3655.000 0.502
3660.000 0.511
3665.000 0.529
3670.000 0.529
3675.000 0.547
3680.000 0.568
3685.000 0.588
3690.000 0.619
3695.000 0.652
3700.000 0.692
3705.000 0.734
3710.000 0.792
3715.000 0.865
3720.000 0.949
3725.000 1.058
3730.000 1.192
3735.000 1.373
3740.000 1.605
3745.000 1.925
3750.000 2.345
3755.000 2.886
3760.000 3.455
3765.000 3.827
3770.000 3.556
3775.000 2.640
3780.000 1.915
3785.000 1.554
3790.000 1.304
3795.000 1.304
3800.000 1.121
3805.000 0.983
3810.000 0.878
3815.000 0.796
3820.000 0.730
3825.000 0.673
3830.000 0.629
3835.000 0.591
3840.000 0.560
3845.000 0.532
3850.000 0.509
3855.000 0.489
3860.000 0.471
3865.000 0.459
3870.000 0.449
3875.000 0.436
3880.000 0.423
3885.000 0.420
3890.000 0.415
3895.000 0.402
3900.000 0.405
3905.000 0.401
3910.000 0.399
3915.000 0.405
3920.000 0.405
3925.000 0.403
3930.000 0.406
3935.000 0.411
3940.000 0.418
3945.000 0.429
3950.000 0.439
3955.000 0.451
3960.000 0.467
3965.000 0.478
3970.000 0.501
3975.000 0.522
3980.000 0.543
3985.000 0.582
3990.000 0.619
3995.000 0.661
4000.000 0.720
4005.000 0.780
4010.000 0.869
4015.000 0.976
4020.000 1.110
4025.000 1.291
4030.000 1.533
4035.000 1.861
4040.000 2.276
4045.000 2.276
4050.000 2.768
4055.000 3.170
4060.000 3.161
4065.000 2.538
4070.000 1.795
4075.000 1.427
4080.000 1.178
4085.000 1.008
4090.000 0.880
4095.000 0.784
4100.000 0.705
4105.000 0.646
4110.000 0.592
4115.000 0.552
4120.000 0.520
4125.000 0.489
4130.000 0.464
4135.000 0.442
4140.000 0.426
4145.000 0.408
4150.000 0.396
4155.000 0.396
4160.000 0.377
4165.000 0.372
4170.000 0.365
4175.000 0.359
4180.000 0.358
4185.000 0.350
4190.000 0.348
4195.000 0.347
4200.000 0.346
4205.000 0.346
4210.000 0.347
4215.000 0.349
4220.000 0.355
4225.000 0.359
4230.000 0.369
4235.000 0.371
4240.000 0.382
4245.000 0.394
4250.000 0.408
4255.000 0.421
4260.000 0.444
4265.000 0.466
4270.000 0.490
4275.000 0.521
4280.000 0.521
4285.000 0.554
4290.000 0.597
4295.000 0.649
4300.000 0.718
4305.000 0.792
4310.000 0.892
4315.000 1.018
4320.000 1.189
4325.000 1.412
4330.000 1.701
4335.000 2.049
4340.000 2.375
4345.000 2.461
4350.000 2.093
4355.000 1.498
4360.000 1.151
4365.000 0.947
4370.000 0.807
4375.000 0.705
4380.000 0.628
4385.000 0.564
4390.000 0.517
4395.000 0.478
4400.000 0.440
4405.000 0.440
4410.000 0.419
4415.000 0.391
4420.000 0.375
4425.000 0.357
4430.000 0.343
4435.000 0.332
4440.000 0.320
4445.000 0.312
4450.000 0.303
4455.000 0.300
4460.000 0.292
4465.000 0.290
4470.000 0.288
4475.000 0.285
4480.000 0.282
4485.000 0.286
4490.000 0.287
4495.000 0.290
4500.000 0.293
4505.000 0.296
4510.000 0.304
4515.000 0.306
4520.000 0.319
4525.000 0.325
4530.000 0.325
4535.000 0.340
4540.000 0.351
4545.000 0.363
4550.000 0.383
4555.000 0.406
4560.000 0.431
4565.000 0.460
4570.000 0.500
4575.000 0.540
4580.000 0.594
4585.000 0.654
4590.000 0.737
4595.000 0.823
4600.000 0.953
4605.000 1.128
4610.000 1.352
4615.000 1.653
4620.000 2.037
4625.000 2.452
4630.000 2.752
4635.000 2.632
4640.000 2.632
4645.000 2.057
4650.000 1.550
4655.000 1.277
4660.000 1.087
4665.000 0.953
4670.000 0.849
4675.000 0.770
4680.000 0.707
4685.000 0.654
4690.000 0.613
4695.000 0.578
4700.000 0.549
4705.000 0.527
4710.000 0.505
4715.000 0.487
4720.000 0.472
4725.000 0.456
4730.000 0.444
4735.000 0.432
4740.000 0.422
4745.000 0.415
4750.000 0.405
4755.000 0.398
4760.000 0.392
4765.000 0.392
4770.000 0.387
4775.000 0.378
4780.000 0.372
4785.000 0.370
4790.000 0.363
4795.000 0.364
4800.000 0.359
4805.000 0.352
4810.000 0.354
4815.000 0.360
4820.000 0.360
4825.000 0.363
4830.000 0.369
4835.000 0.380
4840.000 0.394
4845.000 0.408
4850.000 0.432
4855.000 0.461
4860.000 0.494
4865.000 0.538
4870.000 0.595
4875.000 0.670
4880.000 0.763
4885.000 0.892
4890.000 1.059
4895.000 1.059
4900.000 1.291
4905.000 1.582
4910.000 1.982
4915.000 2.431
4920.000 2.809
4925.000 2.875
4930.000 2.485
4935.000 1.953
4940.000 1.629
4945.000 1.385
4950.000 1.246
4955.000 1.139
4960.000 1.054
4965.000 0.991
4970.000 0.944
4975.000 0.904
4980.000 0.876
4985.000 0.851
4990.000 0.834
4995.000 0.822
5000.000 0.818
5005.000 0.806
5010.000 0.806
5015.000 0.809
5020.000 0.809
5025.000 0.811
5030.000 0.817
5035.000 0.825
5040.000 0.835
5045.000 0.845
5050.000 0.860
5055.000 0.880
5060.000 0.898
5065.000 0.917
5070.000 0.946
5075.000 0.967
5080.000 1.002
5085.000 1.033
5090.000 1.071
5095.000 1.113
5100.000 1.161
5105.000 1.208
5110.000 1.264
5115.000 1.320
5120.000 1.388
5125.000 1.469
5130.000 1.556
5135.000 1.567
5140.000 1.671
5145.000 1.797
5150.000 1.932
5155.000 2.094
5160.000 2.283
5165.000 2.520
5170.000 2.811
5175.000 3.167
5180.000 3.627
5185.000 4.208
5190.000 4.973
5195.000 5.910
5200.000 6.975
5205.000 8.050
5210.000 8.655
5215.000 8.080
5220.000 6.366
5225.000 4.804
5230.000 3.860
5235.000 3.195
5240.000 2.697
5245.000 2.313
5250.000 2.023
5255.000 2.023
5260.000 1.829
5265.000 1.711
5270.000 1.624
5275.000 1.550
5280.000 1.491
5285.000 1.436
5290.000 1.385
5295.000 1.341
5300.000 1.304
5305.000 1.268
5310.000 1.234
5315.000 1.203
5320.000 1.184
5325.000 1.157
5330.000 1.142
5335.000 1.127
5340.000 1.119
5345.000 1.105
5350.000 1.102
5355.000 1.097
5360.000 1.100
5365.000 1.104
5370.000 1.109
5375.000 1.118
5380.000 1.118
5385.000 1.134
5390.000 1.150
5395.000 1.171
5400.000 1.199
5405.000 1.232
5410.000 1.272
5415.000 1.315
5420.000 1.372
5425.000 1.431
5430.000 1.511
5435.000 1.602
5440.000 1.709
5445.000 1.839
5450.000 1.995
5455.000 2.195
5460.000 2.445
5465.000 2.759
5470.000 3.180
5475.000 3.712
5480.000 4.427
5485.000 5.298
5490.000 6.265
5495.000 7.036
5500.000 7.033
5505.000 7.033
5510.000 5.920
5515.000 4.450
5520.000 3.542
5525.000 2.918
5530.000 2.487
5535.000 2.173
5540.000 1.922
5545.000 1.732
5550.000 1.573
5555.000 1.447
5560.000 1.347
5565.000 1.254
5570.000 1.179
5575.000 1.119
5580.000 1.061
5585.000 1.016
5590.000 0.976
5595.000 0.942
5600.000 0.913
5605.000 0.886
5610.000 0.866
5615.000 0.848
5620.000 0.837
5625.000 0.823
5630.000 0.821
5635.000 0.812
5640.000 0.807
5645.000 0.799
5650.000 0.803
5655.000 0.807
5660.000 0.809
5665.000 0.818
5670.000 0.829
5675.000 0.841
5680.000 0.853
5685.000 0.879
5690.000 0.900
5695.000 0.928
5700.000 0.965
5705.000 1.004
5710.000 1.052
5715.000 1.107
5720.000 1.172
5725.000 1.252
5730.000 1.353
5735.000 1.468
5740.000 1.468
5745.000 1.611
5750.000 1.790
5755.000 2.016
5760.000 2.297
5765.000 2.683
5770.000 3.172
5775.000 3.796
5780.000 4.520
5785.000 5.207
5790.000 5.464
5795.000 4.934
5800.000 3.839
5805.000 2.975
5810.000 2.450
5815.000 2.076
5820.000 1.799
5825.000 1.593
5830.000 1.431
5835.000 1.303
5840.000 1.196
5845.000 1.108
5850.000 1.036
5855.000 0.975
5860.000 0.924
5865.000 0.924
5870.000 0.882
5875.000 0.843
5880.000 0.808
5885.000 0.780
5890.000 0.757
5895.000 0.736
5900.000 0.722
5905.000 0.704
5910.000 0.695
5915.000 0.683
5920.000 0.679
5925.000 0.677
5930.000 0.672
5935.000 0.674
5940.000 0.677
5945.000 0.677
5950.000 0.685
5955.000 0.694
5960.000 0.707
5965.000 0.720
5970.000 0.742
5975.000 0.759
5980.000 0.781
5985.000 0.809
5990.000 0.809
5995.000 0.845
6000.000 0.887
6005.000 0.933
6010.000 0.986
6015.000 1.053
6020.000 1.131
6025.000 1.220
6030.000 1.338
6035.000 1.479
6040.000 1.659
6045.000 1.887
6050.000 2.186
6055.000 2.567
6060.000 3.060
6065.000 3.666
6070.000 4.322
6075.000 4.785
6080.000 4.682
6085.000 3.880
6090.000 2.957
6095.000 2.397
6100.000 2.002
6105.000 1.725
6110.000 1.516
6115.000 1.516
6120.000 1.354
6125.000 1.214
6130.000 1.116
6135.000 1.029
6140.000 0.961
6145.000 0.904
6150.000 0.854
6155.000 0.816
6160.000 0.777
6165.000 0.748
6170.000 0.723
6175.000 0.700
6180.000 0.678
6185.000 0.661
6190.000 0.650
6195.000 0.639
6200.000 0.630
6205.000 0.628
6210.000 0.620
6215.000 0.617
6220.000 0.615
6225.000 0.615
6230.000 0.621
6235.000 0.624
6240.000 0.633
6245.000 0.638
6250.000 0.647
6255.000 0.661
6260.000 0.677
6265.000 0.693
6270.000 0.713
6275.000 0.743
6280.000 0.770
6285.000 0.807
6290.000 0.848
6295.000 0.897
6300.000 0.954
6305.000 1.026
6310.000 1.110
6315.000 1.207
6320.000 1.332
6325.000 1.480
6330.000 1.677
6335.000 1.925
6340.000 2.244
6345.000 2.662
6350.000 2.662
6355.000 3.189
6360.000 3.784
6365.000 4.271
6370.000 4.356
6375.000 3.823
6380.000 2.957
6385.000 2.342
6390.000 1.953
6395.000 1.669
6400.000 1.454
6405.000 1.305
6410.000 1.176
6415.000 1.074
6420.000 0.991
6425.000 0.920
6430.000 0.865
6435.000 0.815
6440.000 0.773
6445.000 0.738
6450.000 0.707
6455.000 0.685
6460.000 0.661
6465.000 0.646
6470.000 0.630
6475.000 0.630
6480.000 0.613
6485.000 0.602
6490.000 0.593
6495.000 0.587
6500.000 0.585
6505.000 0.582
6510.000 0.578
6515.000 0.579
6520.000 0.584
6525.000 0.587
6530.000 0.596
6535.000 0.609
6540.000 0.614
6545.000 0.630
6550.000 0.644
6555.000 0.664
6560.000 0.687
6565.000 0.712
6570.000 0.747
6575.000 0.777
6580.000 0.822
6585.000 0.873
6590.000 0.933
6595.000 1.005
6600.000 1.005
6605.000 1.091
6610.000 1.194
6615.000 1.320
6620.000 1.515
6625.000 1.737
6630.000 2.011
6635.000 2.361
6640.000 2.812
6645.000 3.346
6650.000 3.861
6655.000 4.121
6660.000 3.838
6665.000 3.102
6670.000 2.439
6675.000 2.004
6680.000 1.702
6685.000 1.475
6690.000 1.316
6695.000 1.179
6700.000 1.075
6705.000 0.987
6710.000 0.914
6715.000 0.914
6720.000 0.855
6725.000 0.803
6730.000 0.763
6735.000 0.728
6740.000 0.698
6745.000 0.674
6750.000 0.650
6755.000 0.632
6760.000 0.616
6765.000 0.603
6770.000 0.594
6775.000 0.581
6780.000 0.576
6785.000 0.570
6790.000 0.566
6795.000 0.569
6800.000 0.567
6805.000 0.571
6810.000 0.571
6815.000 0.581
6820.000 0.589
6825.000 0.597
6830.000 0.611
6835.000 0.627
6840.000 0.627
6845.000 0.645
6850.000 0.672
6855.000 0.691
6860.000 0.721
6865.000 0.755
6870.000 0.792
6875.000 0.842
6880.000 0.899
6885.000 0.972
6890.000 1.050
6895.000 1.152
6900.000 1.276
6905.000 1.430
6910.000 1.630
6915.000 1.881
6920.000 2.206
6925.000 2.608
6930.000 3.083
6935.000 3.546
6940.000 3.823
6945.000 3.671
6950.000 3.064
6955.000 2.419
6960.000 1.977
6965.000 1.977
6970.000 1.678
6975.000 1.458
6980.000 1.286
6985.000 1.158
6990.000 1.051
6995.000 0.965
7000.000 0.891
7005.000 0.833
7010.000 0.783
7015.000 0.742
7020.000 0.707
7025.000 0.677
7030.000 0.650
7035.000 0.631
7040.000 0.609
7045.000 0.594
7050.000 0.581
7055.000 0.566
7060.000 0.559
7065.000 0.552
7070.000 0.545
7075.000 0.544
7080.000 0.543
7085.000 0.539
7090.000 0.539
7095.000 0.539
7100.000 0.545
7105.000 0.551
7110.000 0.555
7115.000 0.568
7120.000 0.578
7125.000 0.594
7130.000 0.608
7135.000 0.627
7140.000 0.651
7145.000 0.673
7150.000 0.701
7155.000 0.734
7160.000 0.777
7165.000 0.826
7170.000 0.880
7175.000 0.950
7180.000 1.033
7185.000 1.134
7190.000 1.261
7195.000 1.413
7200.000 1.413
7205.000 1.608
7210.000 1.868
7215.000 2.195
7220.000 2.599
7225.000 3.059
7230.000 3.457
7235.000 3.607
7240.000 3.293
7245.000 2.648
7250.000 2.106
7255.000 1.754
7260.000 1.497
7265.000 1.297
7270.000 1.149
7275.000 1.040
7280.000 0.950
7285.000 0.871
7290.000 0.809
7295.000 0.752
7300.000 0.712
7305.000 0.674
7310.000 0.639
7315.000 0.615
7320.000 0.589
7325.000 0.589
7330.000 0.572
7335.000 0.553
7340.000 0.541
7345.000 0.528
7350.000 0.518
7355.000 0.506
7360.000 0.500
7365.000 0.500
7370.000 0.497
7375.000 0.494
7380.000 0.492
7385.000 0.497
7390.000 0.494
7395.000 0.502
7400.000 0.512
7405.000 0.517
7410.000 0.527
7415.000 0.536
7420.000 0.557
7425.000 0.565
7430.000 0.587
7435.000 0.608
7440.000 0.634
7445.000 0.665
7450.000 0.665
7455.000 0.696
7460.000 0.742
7465.000 0.796
7470.000 0.878
7475.000 0.988
7480.000 1.149
7485.000 1.329
7490.000 1.543
7495.000 1.791
7500.000 2.088
7505.000 2.458
7510.000 2.884
7515.000 3.331
7520.000 3.603
7525.000 3.497
7530.000 2.958
7535.000 2.343
7540.000 1.906
7545.000 1.608
7550.000 1.383
7555.000 1.219
7560.000 1.093
7565.000 0.993
7570.000 0.906
7575.000 0.906
7580.000 0.839
7585.000 0.783
7590.000 0.736
7595.000 0.693
7600.000 0.661
7605.000 0.631
7610.000 0.605
7615.000 0.583
7620.000 0.567
7625.000 0.549
7630.000 0.535
7635.000 0.525
7640.000 0.518
7645.000 0.516
7650.000 0.504
7655.000 0.505
7660.000 0.502
7665.000 0.501
7670.000 0.505
7675.000 0.506
7680.000 0.510
7685.000 0.510
7690.000 0.519
7695.000 0.529
7700.000 0.539
7705.000 0.552
7710.000 0.565
7715.000 0.583
7720.000 0.603
7725.000 0.628
7730.000 0.660
7735.000 0.693
7740.000 0.728
7745.000 0.777
7750.000 0.836
7755.000 0.895
7760.000 0.982
7765.000 1.078
7770.000 1.198
7775.000 1.355
7780.000 1.550
7785.000 1.807
7790.000 2.115
7795.000 2.492
7800.000 2.901
7805.000 3.220
7810.000 3.220
7815.000 3.257
7820.000 2.896
7825.000 2.331
7830.000 1.888
7835.000 1.580
7840.000 1.364
7845.000 1.195
7850.000 1.066
7855.000 0.965
7860.000 0.887
7865.000 0.818
7870.000 0.761
7875.000 0.715
7880.000 0.676
7885.000 0.641
7890.000 0.614
7895.000 0.587
7900.000 0.565
7905.000 0.551
7910.000 0.537
7915.000 0.523
7920.000 0.513
7925.000 0.508
7930.000 0.497
7935.000 0.497
7940.000 0.494
7945.000 0.490
7950.000 0.484
7955.000 0.481
7960.000 0.484
7965.000 0.492
7970.000 0.497
7975.000 0.498
7980.000 0.508
7985.000 0.514
7990.000 0.522
7995.000 0.531
8000.000 0.551
8005.000 0.577
8010.000 0.601
8015.000 0.628
8020.000 0.656
8025.000 0.690
8030.000 0.731
8035.000 0.777
8040.000 0.829
8045.000 0.896
8050.000 0.987
8055.000 1.094
8060.000 1.094
8065.000 1.227
8070.000 1.382
8075.000 1.578
8080.000 1.853
8085.000 2.181
8090.000 2.541
8095.000 2.865
8100.000 2.997
8105.000 2.747
8110.000 2.326
8115.000 1.974
8120.000 1.662
8125.000 1.415
8130.000 1.228
8135.000 1.084
8140.000 0.976
8145.000 0.889
8150.000 0.821
8155.000 0.764
8160.000 0.712
8165.000 0.673
8170.000 0.673
8175.000 0.636
8180.000 0.603
8185.000 0.579
8190.000 0.559
8195.000 0.537
8200.000 0.523
8205.000 0.509
8210.000 0.501
8215.000 0.491
8220.000 0.484
8225.000 0.478
8230.000 0.470
8235.000 0.469
8240.000 0.469
8245.000 0.469
8250.000 0.472
8255.000 0.477
8260.000 0.478
8265.000 0.488
8270.000 0.496
8275.000 0.505
8280.000 0.520
8285.000 0.533
8290.000 0.548
8295.000 0.548
8300.000 0.563
8305.000 0.582
8310.000 0.592
8315.000 0.620
8320.000 0.658
8325.000 0.705
8330.000 0.759
8335.000 0.831
8340.000 0.907
8345.000 0.999
8350.000 1.116
8355.000 1.259
8360.000 1.440
8365.000 1.674
8370.000 1.951
8375.000 2.281
8380.000 2.615
8385.000 2.846
8390.000 2.833
8395.000 2.521
8400.000 2.076
8405.000 1.704
8410.000 1.443
8415.000 1.240
8420.000 1.240
8425.000 1.096
8430.000 0.980
8435.000 0.887
8440.000 0.813
8445.000 0.748
8450.000 0.698
8455.000 0.658
8460.000 0.618
8465.000 0.586
8470.000 0.560
8475.000 0.532
8480.000 0.515
8485.000 0.498
8490.000 0.491
8495.000 0.483
8500.000 0.473
8505.000 0.465
8510.000 0.459
8515.000 0.454
8520.000 0.446
8525.000 0.448
8530.000 0.446
8535.000 0.446
8540.000 0.450
8545.000 0.454
8550.000 0.454
8555.000 0.460
8560.000 0.468
8565.000 0.474
8570.000 0.486
8575.000 0.499
8580.000 0.511
8585.000 0.530
8590.000 0.543
8595.000 0.560
8600.000 0.587
8605.000 0.616
8610.000 0.652
8615.000 0.696
8620.000 0.749
8625.000 0.815
8630.000 0.895
8635.000 0.992
8640.000 1.110
8645.000 1.264
8650.000 1.456
8655.000 1.693
8660.000 1.693
8665.000 1.978
8670.000 2.292
8675.000 2.568
8680.000 2.666
8685.000 2.470
8690.000 2.073
8695.000 1.702
8700.000 1.442
8705.000 1.254
8710.000 1.096
8715.000 0.973
8720.000 0.879
8725.000 0.798
8730.000 0.737
8735.000 0.678
8740.000 0.638
8745.000 0.600
8750.000 0.568
8755.000 0.542
8760.000 0.520
8765.000 0.499
8770.000 0.483
8775.000 0.467
8780.000 0.455
8785.000 0.455
8790.000 0.441
8795.000 0.440
8800.000 0.430
8805.000 0.421
8810.000 0.416
8815.000 0.414
8820.000 0.417
8825.000 0.421
8830.000 0.425
8835.000 0.428
8840.000 0.432
8845.000 0.436
8850.000 0.445
8855.000 0.454
8860.000 0.465
8865.000 0.475
8870.000 0.492
8875.000 0.506
8880.000 0.527
8885.000 0.551
8890.000 0.582
8895.000 0.616
8900.000 0.654
8905.000 0.703
8910.000 0.703
8915.000 0.759
8920.000 0.824
8925.000 0.905
8930.000 1.004
8935.000 1.120
8940.000 1.265
8945.000 1.431
8950.000 1.631
8955.000 1.890
8960.000 2.170
8965.000 2.404
8970.000 2.461
8975.000 2.260
8980.000 1.892
8985.000 1.554
8990.000 1.307
8995.000 1.127
9000.000 0.989
9005.000 0.890
9010.000 0.802
9015.000 0.735
9020.000 0.681
9025.000 0.632
9030.000 0.593
9035.000 0.593
9040.000 0.561
9045.000 0.534
9050.000 0.511
9055.000 0.489
9060.000 0.472
9065.000 0.460
9070.000 0.445
9075.000 0.437
9080.000 0.427
9085.000 0.419
9090.000 0.413
9095.000 0.405
9100.000 0.403
9105.000 0.398
9110.000 0.403
9115.000 0.403
9120.000 0.405
9125.000 0.409
9130.000 0.412
9135.000 0.418
9140.000 0.428
9145.000 0.428
9150.000 0.436
9155.000 0.451
9160.000 0.462
9165.000 0.477
9170.000 0.495
9175.000 0.520
9180.000 0.544
9185.000 0.574
9190.000 0.609
9195.000 0.653
9200.000 0.702
9205.000 0.767
9210.000 0.834
9215.000 0.919
9220.000 1.017
9225.000 1.124
9230.000 1.268
9235.000 1.463
9240.000 1.702
9245.000 1.966
9250.000 2.205
9255.000 2.286
9260.000 2.134
9265.000 1.808
9270.000 1.808
9275.000 1.482
9280.000 1.253
9285.000 1.078
9290.000 0.945
9295.000 0.844
9300.000 0.761
9305.000 0.696
9310.000 0.645
9315.000 0.599
9320.000 0.556
9325.000 0.523
9330.000 0.499
9335.000 0.477
9340.000 0.456
9345.000 0.440
9350.000 0.423
9355.000 0.410
9360.000 0.399
9365.000 0.389
9370.000 0.385
9375.000 0.378
9380.000 0.371
9385.000 0.370
9390.000 0.367
9395.000 0.367
9400.000 0.371
9405.000 0.368
9410.000 0.369
9415.000 0.372
9420.000 0.377
9425.000 0.379
9430.000 0.388
9435.000 0.395
9440.000 0.404
9445.000 0.417
9450.000 0.428
9455.000 0.443
9460.000 0.461
9465.000 0.478
9470.000 0.504
9475.000 0.535
9480.000 0.565
9485.000 0.608
9490.000 0.658
9495.000 0.713
9500.000 0.788
9505.000 0.871
9510.000 0.980
9515.000 1.117
9520.000 1.117
9525.000 1.279
9530.000 1.483
9535.000 1.714
9540.000 1.941
9545.000 2.083
9550.000 2.048
9555.000 1.823
9560.000 1.509
9565.000 1.247
9570.000 1.062
9575.000 0.924
9580.000 0.818
9585.000 0.732
9590.000 0.661
9595.000 0.607
9600.000 0.559
9605.000 0.525
9610.000 0.492
9615.000 0.466
9620.000 0.443
9625.000 0.427
9630.000 0.427
9635.000 0.408
9640.000 0.389
9645.000 0.381
9650.000 0.370
9655.000 0.362
9660.000 0.355
9665.000 0.349
9670.000 0.347
9675.000 0.343
9680.000 0.340
9685.000 0.342
9690.000 0.340
9695.000 0.341
9700.000 0.340
9705.000 0.345
9710.000 0.349
9715.000 0.351
9720.000 0.358
9725.000 0.364
9730.000 0.375
9735.000 0.385
9740.000 0.399
9745.000 0.414
9750.000 0.432
9755.000 0.432
9760.000 0.456
9765.000 0.480
9770.000 0.508
9775.000 0.543
9780.000 0.584
9785.000 0.634
9790.000 0.693
9795.000 0.767
9800.000 0.862
9805.000 0.977
9810.000 1.115
9815.000 1.288
9820.000 1.490
9825.000 1.694
9830.000 1.851
9835.000 1.867
9840.000 1.701
9845.000 1.434
9850.000 1.194
9855.000 1.018
9860.000 0.875
9865.000 0.779
9870.000 0.696
9875.000 0.630
9880.000 0.630
9885.000 0.573
9890.000 0.530
9895.000 0.495
9900.000 0.464
9905.000 0.435
9910.000 0.414
9915.000 0.395
9920.000 0.379
9925.000 0.365
9930.000 0.352
9935.000 0.343
9940.000 0.334
9945.000 0.326
9950.000 0.321
9955.000 0.318
9960.000 0.312
9965.000 0.309
9970.000 0.308
9975.000 0.307
9980.000 0.305
9985.000 0.307
9990.000 0.311
9995.000 0.310
10000.000 0.318
10005.000 0.318
10010.000 0.322
10015.000 0.329
10020.000 0.338
10025.000 0.346
10030.000 0.359
10035.000 0.370
10040.000 0.388
10045.000 0.407
10050.000 0.427
10055.000 0.447
10060.000 0.479
10065.000 0.516
10070.000 0.556
10075.000 0.605
10080.000 0.664
10085.000 0.749
10090.000 0.842
10095.000 0.962
10100.000 1.105
10105.000 1.273
10110.000 1.458
10115.000 1.458
10120.000 1.623
10125.000 1.697
10130.000 1.625
10135.000 1.414
10140.000 1.192
10145.000 1.007
10150.000 0.867
10155.000 0.763
10160.000 0.676
10165.000 0.614
10170.000 0.550
10175.000 0.507
10180.000 0.470
10185.000 0.446
10190.000 0.416
10195.000 0.390
10200.000 0.378
10205.000 0.362
10210.000 0.350
10215.000 0.341
10220.000 0.330
10225.000 0.321
10230.000 0.316
10235.000 0.311
10240.000 0.304
10245.000 0.304
10250.000 0.302
10255.000 0.296
10260.000 0.298
10265.000 0.294
10270.000 0.293
10275.000 0.296
10280.000 0.296
10285.000 0.302
10290.000 0.303
10295.000 0.307
10300.000 0.315
10305.000 0.322
10310.000 0.330
10315.000 0.342
10320.000 0.353
10325.000 0.366
10330.000 0.384
10335.000 0.404
10340.000 0.428
10345.000 0.455
10350.000 0.489
10355.000 0.529
10360.000 0.575
10365.000 0.631
10370.000 0.631
10375.000 0.702
10380.000 0.790
10385.000 0.893
10390.000 1.018
10395.000 1.177
10400.000 1.332
10405.000 1.463
10410.000 1.513
10415.000 1.433
10420.000 1.244
10425.000 1.046
10430.000 0.899
10435.000 0.770
10440.000 0.678
10445.000 0.601
10450.000 0.546
10455.000 0.497
10460.000 0.460
10465.000 0.427
10470.000 0.398
10475.000 0.374
10480.000 0.354
10485.000 0.339
10490.000 0.324
10495.000 0.324
10500.000 0.309
10505.000 0.301
10510.000 0.291
10515.000 0.284
10520.000 0.279
10525.000 0.273
10530.000 0.265
10535.000 0.263
10540.000 0.261
10545.000 0.259
10550.000 0.261
10555.000 0.259
10560.000 0.261
10565.000 0.260
10570.000 0.260
10575.000 0.259
10580.000 0.263
10585.000 0.269
10590.000 0.276
10595.000 0.282
10600.000 0.295
10605.000 0.295
10610.000 0.304
10615.000 0.319
10620.000 0.331
10625.000 0.348
10630.000 0.367
10635.000 0.391
10640.000 0.416
10645.000 0.450
10650.000 0.493
10655.000 0.541
10660.000 0.595
10665.000 0.666
10670.000 0.751
10675.000 0.852
10680.000 0.973
10685.000 1.123
10690.000 1.275
10695.000 1.391
10700.000 1.439
10705.000 1.378
10710.000 1.211
10715.000 1.024
10720.000 0.866
10725.000 0.746
10730.000 0.746
10735.000 0.650
10740.000 0.582
10745.000 0.524
10750.000 0.479
10755.000 0.442
10760.000 0.410
10765.000 0.381
10770.000 0.358
10775.000 0.341
10780.000 0.324
10785.000 0.313
10790.000 0.301
10795.000 0.291
10800.000 0.283
10805.000 0.274
10810.000 0.265
10815.000 0.263
10820.000 0.256
10825.000 0.255
10830.000 0.251
10835.000 0.248
10840.000 0.248
10845.000 0.251
10850.000 0.247
10855.000 0.247
10860.000 0.255
10865.000 0.252
10870.000 0.257
10875.000 0.264
10880.000 0.267
10885.000 0.270
10890.000 0.281
10895.000 0.288
10900.000 0.300
10905.000 0.312
10910.000 0.325
10915.000 0.342
10920.000 0.364
10925.000 0.383
10930.000 0.409
10935.000 0.442
10940.000 0.478
10945.000 0.522
10950.000 0.578
10955.000 0.640
10960.000 0.711
10965.000 0.804
10970.000 0.905
10975.000 1.039
10980.000 1.039
10985.000 1.169
10990.000 1.259
10995.000 1.267
11000.000 1.165
11005.000 0.997
11010.000 0.842
11015.000 0.721
11020.000 0.630
11025.000 0.549
11030.000 0.491
11035.000 0.445
11040.000 0.413
11045.000 0.380
11050.000 0.356
11055.000 0.337
11060.000 0.318
11065.000 0.302
11070.000 0.287
11075.000 0.276
11080.000 0.266
11085.000 0.259
11090.000 0.259
11095.000 0.251
11100.000 0.247
11105.000 0.243
11110.000 0.239
11115.000 0.234
11120.000 0.230
11125.000 0.231
11130.000 0.228
11135.000 0.231
11140.000 0.230
11145.000 0.230
11150.000 0.235
11155.000 0.234
11160.000 0.241
11165.000 0.242
11170.000 0.249
11175.000 0.257
11180.000 0.262
11185.000 0.271
11190.000 0.281
11195.000 0.294
11200.000 0.305
11205.000 0.325
11210.000 0.342
11215.000 0.342
11220.000 0.365
11225.000 0.393
11230.000 0.426
11235.000 0.467
11240.000 0.515
11245.000 0.575
11250.000 0.650
11255.000 0.737
11260.000 0.844
11265.000 0.962
11270.000 1.078
11275.000 1.169
11280.000 1.183
11285.000 1.099
11290.000 0.951
11295.000 0.808
11300.000 0.693
11305.000 0.599
11310.000 0.525
11315.000 0.472
11320.000 0.432
11325.000 0.393
11330.000 0.366
11335.000 0.341
11340.000 0.341
11345.000 0.319
11350.000 0.300
11355.000 0.285
11360.000 0.272
11365.000 0.263
11370.000 0.252
11375.000 0.247
11380.000 0.238
11385.000 0.232
11390.000 0.227
11395.000 0.221
11400.000 0.220
11405.000 0.217
11410.000 0.215
11415.000 0.210
11420.000 0.212
11425.000 0.212
11430.000 0.212
11435.000 0.217
11440.000 0.217
11445.000 0.222
11450.000 0.223
11455.000 0.229
11460.000 0.236
11465.000 0.236
11470.000 0.240
11475.000 0.250
11480.000 0.257
11485.000 0.266
11490.000 0.281
11495.000 0.296
11500.000 0.310
11505.000 0.329
11510.000 0.355
11515.000 0.384
11520.000 0.417
11525.000 0.457
11530.000 0.507
11535.000 0.567
11540.000 0.644
11545.000 0.731
11550.000 0.832
11555.000 0.942
11560.000 1.033
11565.000 1.077
11570.000 1.026
11575.000 1.026
11580.000 0.914
11585.000 0.785
11590.000 0.671
11595.000 0.585
11600.000 0.515
11605.000 0.457
11610.000 0.415
11615.000 0.377
11620.000 0.351
11625.000 0.323
11630.000 0.304
11635.000 0.287
11640.000 0.269
11645.000 0.259
11650.000 0.244
11655.000 0.239
11660.000 0.233
11665.000 0.223
11670.000 0.218
11675.000 0.213
11680.000 0.210
11685.000 0.207
11690.000 0.202
11695.000 0.202
11700.000 0.202
11705.000 0.198
11710.000 0.199
11715.000 0.202
11720.000 0.200
11725.000 0.201
11730.000 0.203
11735.000 0.207
11740.000 0.208
11745.000 0.212
11750.000 0.221
11755.000 0.225
11760.000 0.232
11765.000 0.240
11770.000 0.248
11775.000 0.259
11780.000 0.268
11785.000 0.285
11790.000 0.298
11795.000 0.317
11800.000 0.342
11805.000 0.371
11810.000 0.406
11815.000 0.449
11820.000 0.498
11825.000 0.498
11830.000 0.565
11835.000 0.636
11840.000 0.722
11845.000 0.815
11850.000 0.904
11855.000 0.953
11860.000 0.943
11865.000 0.870
11870.000 0.756
11875.000 0.650
11880.000 0.563
11885.000 0.497
11890.000 0.444
11895.000 0.400
11900.000 0.363
11905.000 0.335
11910.000 0.310
11915.000 0.289
11920.000 0.272
11925.000 0.256
11930.000 0.245
11935.000 0.234
11940.000 0.225
11945.000 0.216
11950.000 0.216
11955.000 0.208
11960.000 0.204
11965.000 0.198
11970.000 0.197
11975.000 0.194
11980.000 0.190
11985.000 0.187
11990.000 0.186
11995.000 0.186
12000.000 0.182
