105.000 0.227
110.000 0.373
115.000 0.547
120.000 0.618
125.000 0.611
130.000 0.686
135.000 0.653
140.000 0.522
145.000 0.752
150.000 0.777
155.000 0.778
160.000 0.775
165.000 0.854
170.000 0.871
175.000 0.698
180.000 0.902
185.000 0.923
190.000 0.916
195.000 0.933
200.000 0.931
205.000 0.834
210.000 0.947
215.000 0.933
220.000 1.016
225.000 0.938
230.000 0.938
235.000 0.971
240.000 0.978
245.000 1.070
250.000 0.979
255.000 1.065
260.000 1.107
265.000 1.110
270.000 1.076
275.000 1.085
280.000 1.138
285.000 1.184
290.000 1.161
295.000 1.220
300.000 1.207
305.000 1.237
310.000 1.319
315.000 1.347
320.000 1.265
325.000 1.372
330.000 1.385
335.000 1.475
340.000 1.475
345.000 1.509
350.000 1.654
355.000 1.486
360.000 1.558
365.000 1.598
370.000 1.758
375.000 1.742
380.000 1.859
385.000 1.778
390.000 1.847
395.000 1.897
400.000 2.030
405.000 2.211
410.000 2.199
415.000 2.265
420.000 2.407
425.000 2.541
430.000 2.628
435.000 2.817
440.000 2.860
445.000 2.976
450.000 3.004
455.000 3.080
460.000 3.139
465.000 3.139
470.000 3.099
475.000 3.155
480.000 3.111
485.000 3.067
490.000 3.022
495.000 2.955
500.000 2.880
505.000 2.782
510.000 2.697
515.000 2.618
520.000 2.522
525.000 2.423
530.000 2.330
535.000 2.240
540.000 2.140
545.000 2.107
550.000 2.057
555.000 1.945
560.000 1.892
565.000 1.811
570.000 1.708
575.000 1.631
580.000 1.572
585.000 1.512
590.000 1.512
595.000 1.437
600.000 1.400
605.000 1.326
610.000 1.281
615.000 1.227
620.000 1.190
625.000 1.134
630.000 1.094
635.000 1.060
640.000 1.022
645.000 0.965
650.000 0.947
655.000 0.905
660.000 0.879
665.000 0.856
670.000 0.816
675.000 0.810
680.000 0.785
685.000 0.746
690.000 0.728
695.000 0.719
700.000 0.687
705.000 0.676
710.000 0.645
715.000 0.645
720.000 0.632
725.000 0.619
730.000 0.594
735.000 0.593
740.000 0.568
745.000 0.547
750.000 0.545
755.000 0.522
760.000 0.509
765.000 0.491
770.000 0.490
775.000 0.481
780.000 0.449
785.000 0.452
790.000 0.436
795.000 0.418
800.000 0.422
805.000 0.402
810.000 0.390
815.000 0.387
820.000 0.384
825.000 0.384
830.000 0.377
835.000 0.353
840.000 0.332
845.000 0.329
850.000 0.309
855.000 0.325
860.000 0.303
865.000 0.292
870.000 0.295
875.000 0.286
880.000 0.260
885.000 0.254
890.000 0.266
895.000 0.250
900.000 0.238
905.000 0.232
910.000 0.225
915.000 0.219
920.000 0.209
925.000 0.199
930.000 0.196
935.000 0.201
940.000 0.191
945.000 0.182
950.000 0.182
955.000 0.184
960.000 0.193
965.000 0.181
970.000 0.184
975.000 0.190
980.000 0.180
985.000 0.172
990.000 0.170
995.000 0.185
1000.000 0.180
1005.000 0.179
1010.000 0.172
1015.000 0.184
1020.000 0.161
1025.000 0.151
1030.000 0.172
1035.000 0.167
1040.000 0.159
1045.000 0.156
1050.000 0.167
1055.000 0.162
1060.000 0.158
1065.000 0.168
1070.000 0.168
1075.000 0.168
1080.000 0.165
1085.000 0.159
1090.000 0.176
1095.000 0.171
1100.000 0.168
1105.000 0.168
1110.000 0.176
1115.000 0.173
1120.000 0.178
1125.000 0.184
1130.000 0.195
1135.000 0.198
1140.000 0.191
1145.000 0.205
1150.000 0.202
1155.000 0.214
1160.000 0.219
1165.000 0.218
1170.000 0.230
1175.000 0.228
1180.000 0.234
1185.000 0.242
1190.000 0.250
1195.000 0.260
1200.000 0.260
1205.000 0.276
1210.000 0.272
1215.000 0.277
1220.000 0.288
1225.000 0.291
1230.000 0.298
1235.000 0.310
1240.000 0.318
1245.000 0.336
1250.000 0.335
1255.000 0.344
1260.000 0.354
1265.000 0.365
1270.000 0.378
1275.000 0.394
1280.000 0.402
1285.000 0.409
1290.000 0.425
1295.000 0.435
1300.000 0.439
1305.000 0.468
1310.000 0.469
1315.000 0.469
1320.000 0.477
1325.000 0.483
1330.000 0.509
1335.000 0.553
1340.000 0.531
1345.000 0.559
1350.000 0.582
1355.000 0.608
1360.000 0.601
1365.000 0.608
1370.000 0.652
1375.000 0.668
1380.000 0.669
1385.000 0.694
1390.000 0.723
1395.000 0.756
1400.000 0.763
1405.000 0.799
1410.000 0.822
1415.000 0.843
1420.000 0.876
1425.000 0.904
1430.000 0.919
1435.000 0.958
1440.000 0.958
1445.000 0.981
1450.000 1.015
1455.000 1.051
1460.000 1.085
1465.000 1.120
1470.000 1.157
1475.000 1.201
1480.000 1.245
1485.000 1.283
1490.000 1.341
1495.000 1.375
1500.000 1.425
1505.000 1.479
1510.000 1.537
1515.000 1.589
1520.000 1.657
1525.000 1.731
1530.000 1.791
1535.000 1.856
1540.000 1.940
1545.000 2.013
1550.000 2.085
1555.000 2.169
1560.000 2.287
1565.000 2.287
1570.000 2.375
1575.000 2.492
1580.000 2.592
1585.000 2.729
1590.000 2.861
1595.000 2.975
1600.000 3.155
1605.000 3.337
1610.000 3.405
1615.000 3.639
1620.000 3.838
1625.000 3.986
1630.000 4.189
1635.000 4.411
1640.000 4.704
1645.000 4.929
1650.000 5.188
1655.000 5.385
1660.000 5.692
1665.000 5.926
1670.000 6.131
1675.000 6.385
1680.000 6.594
1685.000 6.756
1690.000 6.756
1695.000 6.939
1700.000 7.016
1705.000 7.085
1710.000 7.151
1715.000 7.122
1720.000 7.112
1725.000 6.970
1730.000 6.928
1735.000 6.808
1740.000 6.641
1745.000 6.546
1750.000 6.443
1755.000 6.436
1760.000 6.365
1765.000 6.296
1770.000 6.234
1775.000 6.211
1780.000 6.128
1785.000 6.032
1790.000 5.953
1795.000 5.856
1800.000 5.856
1805.000 5.748
1810.000 5.651
1815.000 5.559
1820.000 5.446
1825.000 5.380
1830.000 5.267
1835.000 5.198
1840.000 5.118
1845.000 5.024
1850.000 4.949
1855.000 4.853
1860.000 4.822
1865.000 4.761
1870.000 4.686
1875.000 4.583
1880.000 4.579
1885.000 4.448
1890.000 4.453
1895.000 4.424
1900.000 4.356
1905.000 4.240
1910.000 4.273
1915.000 4.154
1920.000 4.157
1925.000 4.157
1930.000 4.142
1935.000 4.106
1940.000 4.020
1945.000 3.971
1950.000 3.973
1955.000 3.947
1960.000 3.884
1965.000 3.844
1970.000 3.848
1975.000 3.764
1980.000 3.756
1985.000 3.690
1990.000 3.683
1995.000 3.653
2000.000 3.613
2005.000 3.612
2010.000 3.558
2015.000 3.548
2020.000 3.515
2025.000 3.484
2030.000 3.461
2035.000 3.429
2040.000 3.399
2045.000 3.366
2050.000 3.366
2055.000 3.335
2060.000 3.307
2065.000 3.275
2070.000 3.250
2075.000 3.214
2080.000 3.182
2085.000 3.152
2090.000 3.118
2095.000 3.089
2100.000 3.055
2105.000 3.025
2110.000 2.989
2115.000 2.956
2120.000 2.921
2125.000 2.881
2130.000 2.848
2135.000 2.820
2140.000 2.784
2145.000 2.754
2150.000 2.720
2155.000 2.685
2160.000 2.642
2165.000 2.614
2170.000 2.581
2175.000 2.581
2180.000 2.547
2185.000 2.514
2190.000 2.480
2195.000 2.447
2200.000 2.414
2205.000 2.389
2210.000 2.339
2215.000 2.316
2220.000 2.278
2225.000 2.240
2230.000 2.217
2235.000 2.183
2240.000 2.150
2245.000 2.127
2250.000 2.095
2255.000 2.059
2260.000 2.041
2265.000 2.005
2270.000 1.976
2275.000 1.949
2280.000 1.922
2285.000 1.922
2290.000 1.895
2295.000 1.868
2300.000 1.842
2305.000 1.818
2310.000 1.792
2315.000 1.770
2320.000 1.740
2325.000 1.721
2330.000 1.694
2335.000 1.675
2340.000 1.653
2345.000 1.629
2350.000 1.602
2355.000 1.593
2360.000 1.571
2365.000 1.548
2370.000 1.526
2375.000 1.503
2380.000 1.493
2385.000 1.470
2390.000 1.454
2395.000 1.433
2400.000 1.421
2405.000 1.406
2410.000 1.406
2415.000 1.383
2420.000 1.371
2425.000 1.356
2430.000 1.339
2435.000 1.323
2440.000 1.305
2445.000 1.297
2450.000 1.282
2455.000 1.267
2460.000 1.256
2465.000 1.241
2470.000 1.226
2475.000 1.216
2480.000 1.213
2485.000 1.194
2490.000 1.183
2495.000 1.171
2500.000 1.161
2505.000 1.148
2510.000 1.141
2515.000 1.128
2520.000 1.118
2525.000 1.106
2530.000 1.096
2535.000 1.096
2540.000 1.091
2545.000 1.086
2550.000 1.069
2555.000 1.063
2560.000 1.056
2565.000 1.043
2570.000 1.037
2575.000 1.033
2580.000 1.024
2585.000 1.017
2590.000 1.011
2595.000 1.008
2600.000 0.990
2605.000 0.984
2610.000 0.984
2615.000 0.974
2620.000 0.969
2625.000 0.965
2630.000 0.957
2635.000 0.954
2640.000 0.946
2645.000 0.938
2650.000 0.932
2655.000 0.930
2660.000 0.930
2665.000 0.922
2670.000 0.916
2675.000 0.917
2680.000 0.906
2685.000 0.908
2690.000 0.906
2695.000 0.899
2700.000 0.893
2705.000 0.890
2710.000 0.887
2715.000 0.880
2720.000 0.876
2725.000 0.877
2730.000 0.869
2735.000 0.866
2740.000 0.865
2745.000 0.861
2750.000 0.862
2755.000 0.854
2760.000 0.853
2765.000 0.850
2770.000 0.850
2775.000 0.849
2780.000 0.849
2785.000 0.846
2790.000 0.840
2795.000 0.840
2800.000 0.835
2805.000 0.839
2810.000 0.835
2815.000 0.833
2820.000 0.833
2825.000 0.833
2830.000 0.830
2835.000 0.832
2840.000 0.826
2845.000 0.829
2850.000 0.828
2855.000 0.828
2860.000 0.828
2865.000 0.830
2870.000 0.826
2875.000 0.826
2880.000 0.832
2885.000 0.829
2890.000 0.828
2895.000 0.828
2900.000 0.828
2905.000 0.831
2910.000 0.830
2915.000 0.829
2920.000 0.829
2925.000 0.835
2930.000 0.833
2935.000 0.838
2940.000 0.839
2945.000 0.840
2950.000 0.840
2955.000 0.843
2960.000 0.845
2965.000 0.845
2970.000 0.849
2975.000 0.850
2980.000 0.857
2985.000 0.857
2990.000 0.861
2995.000 0.858
3000.000 0.860
3005.000 0.868
3010.000 0.879
3015.000 0.879
3020.000 0.879
3025.000 0.883
3030.000 0.881
3035.000 0.887
3040.000 0.895
3045.000 0.899
3050.000 0.902
3055.000 0.903
3060.000 0.915
3065.000 0.920
3070.000 0.922
3075.000 0.932
3080.000 0.939
3085.000 0.939
3090.000 0.947
3095.000 0.956
3100.000 0.962
3105.000 0.971
3110.000 0.980
3115.000 0.987
3120.000 0.998
3125.000 1.004
3130.000 1.014
3135.000 1.025
3140.000 1.035
3145.000 1.046
3150.000 1.046
3155.000 1.053
3160.000 1.064
3165.000 1.079
3170.000 1.091
3175.000 1.102
3180.000 1.113
3185.000 1.127
3190.000 1.139
3195.000 1.157
3200.000 1.171
3205.000 1.194
3210.000 1.208
3215.000 1.225
3220.000 1.243
3225.000 1.262
3230.000 1.282
3235.000 1.300
3240.000 1.326
3245.000 1.348
3250.000 1.375
3255.000 1.401
3260.000 1.401
3265.000 1.425
3270.000 1.458
3275.000 1.488
3280.000 1.518
3285.000 1.550
3290.000 1.588
3295.000 1.620
3300.000 1.655
3305.000 1.698
3310.000 1.746
3315.000 1.791
3320.000 1.844
3325.000 1.896
3330.000 1.959
3335.000 2.017
3340.000 2.082
3345.000 2.158
3350.000 2.231
3355.000 2.315
3360.000 2.403
3365.000 2.500
3370.000 2.612
3375.000 2.729
3380.000 2.858
3385.000 2.858
3390.000 2.999
3395.000 3.159
3400.000 3.336
3405.000 3.537
3410.000 3.762
3415.000 4.015
3420.000 4.314
3425.000 4.650
3430.000 5.045
3435.000 5.500
3440.000 6.040
3445.000 6.689
3450.000 7.448
3455.000 8.355
3460.000 9.426
3465.000 10.623
3470.000 11.867
3475.000 12.985
3480.000 13.650
3485.000 13.543
3490.000 12.605
3495.000 11.202
3500.000 9.720
3505.000 8.447
3510.000 8.447
3515.000 7.400
3520.000 6.559
3525.000 5.875
3530.000 5.300
3535.000 4.829
3540.000 4.422
3545.000 4.073
3550.000 3.783
3555.000 3.523
3560.000 3.292
3565.000 3.086
3570.000 2.912
3575.000 2.747
3580.000 2.606
3585.000 2.471
3590.000 2.354
3595.000 2.242
3600.000 2.152
3605.000 2.056
3610.000 1.972
3615.000 1.897
3620.000 1.818
3625.000 1.761
3630.000 1.699
3635.000 1.699
3640.000 1.635
3645.000 1.583
3650.000 1.529
3655.000 1.485
3660.000 1.439
3665.000 1.400
3670.000 1.355
3675.000 1.316
3680.000 1.281
3685.000 1.250
3690.000 1.212
3695.000 1.183
3700.000 1.158
3705.000 1.124
3710.000 1.100
3715.000 1.071
3720.000 1.045
3725.000 1.025
3730.000 1.003
3735.000 0.979
3740.000 0.957
3745.000 0.957
3750.000 0.940
3755.000 0.925
3760.000 0.904
3765.000 0.887
3770.000 0.865
3775.000 0.851
3780.000 0.833
3785.000 0.821
3790.000 0.800
3795.000 0.791
3800.000 0.777
3805.000 0.764
3810.000 0.751
3815.000 0.739
3820.000 0.727
3825.000 0.714
3830.000 0.704
3835.000 0.692
3840.000 0.685
3845.000 0.676
3850.000 0.664
3855.000 0.653
3860.000 0.645
3865.000 0.635
3870.000 0.635
3875.000 0.629
3880.000 0.615
3885.000 0.610
3890.000 0.602
3895.000 0.599
3900.000 0.588
3905.000 0.582
3910.000 0.572
3915.000 0.564
3920.000 0.562
3925.000 0.553
3930.000 0.549
3935.000 0.541
3940.000 0.533
3945.000 0.527
3950.000 0.518
3955.000 0.516
3960.000 0.512
3965.000 0.503
3970.000 0.496
3975.000 0.493
3980.000 0.487
3985.000 0.486
3990.000 0.478
3995.000 0.478
4000.000 0.473
4005.000 0.472
4010.000 0.467
4015.000 0.462
4020.000 0.457
4025.000 0.451
4030.000 0.449
4035.000 0.446
4040.000 0.440
4045.000 0.436
4050.000 0.432
4055.000 0.430
4060.000 0.425
4065.000 0.425
4070.000 0.420
4075.000 0.414
4080.000 0.411
4085.000 0.411
4090.000 0.407
4095.000 0.408
4100.000 0.400
4105.000 0.396
4110.000 0.396
4115.000 0.392
4120.000 0.392
4125.000 0.388
4130.000 0.387
4135.000 0.383
4140.000 0.382
4145.000 0.377
4150.000 0.375
4155.000 0.375
4160.000 0.374
4165.000 0.373
4170.000 0.367
4175.000 0.367
4180.000 0.363
4185.000 0.361
4190.000 0.364
4195.000 0.358
4200.000 0.359
4205.000 0.354
4210.000 0.353
4215.000 0.352
4220.000 0.351
4225.000 0.350
4230.000 0.350
4235.000 0.350
4240.000 0.347
4245.000 0.347
4250.000 0.344
4255.000 0.342
4260.000 0.337
4265.000 0.340
4270.000 0.337
4275.000 0.338
4280.000 0.337
4285.000 0.334
4290.000 0.329
4295.000 0.333
4300.000 0.330
4305.000 0.323
4310.000 0.323
4315.000 0.318
4320.000 0.313
4325.000 0.312
4330.000 0.300
4335.000 0.302
4340.000 0.298
4345.000 0.293
4350.000 0.290
4355.000 0.290
4360.000 0.287
4365.000 0.287
4370.000 0.287
4375.000 0.290
4380.000 0.284
4385.000 0.285
4390.000 0.284
4395.000 0.290
4400.000 0.291
4405.000 0.284
4410.000 0.286
4415.000 0.289
4420.000 0.286
4425.000 0.292
4430.000 0.289
4435.000 0.295
4440.000 0.292
4445.000 0.291
4450.000 0.294
4455.000 0.291
4460.000 0.290
4465.000 0.292
4470.000 0.294
4475.000 0.299
4480.000 0.299
4485.000 0.298
4490.000 0.299
4495.000 0.300
4500.000 0.305
4505.000 0.304
4510.000 0.308
4515.000 0.307
4520.000 0.309
4525.000 0.313
4530.000 0.314
4535.000 0.318
4540.000 0.321
4545.000 0.323
4550.000 0.329
4555.000 0.328
4560.000 0.332
4565.000 0.333
4570.000 0.336
4575.000 0.340
4580.000 0.347
4585.000 0.351
4590.000 0.357
4595.000 0.360
4600.000 0.366
4605.000 0.366
4610.000 0.369
4615.000 0.377
4620.000 0.384
4625.000 0.386
4630.000 0.394
4635.000 0.401
4640.000 0.405
4645.000 0.413
4650.000 0.418
4655.000 0.431
4660.000 0.436
4665.000 0.447
4670.000 0.449
4675.000 0.459
4680.000 0.472
4685.000 0.480
4690.000 0.484
4695.000 0.493
4700.000 0.503
4705.000 0.512
4710.000 0.523
4715.000 0.523
4720.000 0.524
4725.000 0.535
4730.000 0.541
4735.000 0.547
4740.000 0.553
4745.000 0.559
4750.000 0.564
4755.000 0.568
4760.000 0.568
4765.000 0.565
4770.000 0.571
4775.000 0.565
4780.000 0.563
4785.000 0.559
4790.000 0.557
4795.000 0.553
4800.000 0.543
4805.000 0.538
4810.000 0.534
4815.000 0.527
4820.000 0.520
4825.000 0.513
4830.000 0.513
4835.000 0.510
4840.000 0.505
4845.000 0.505
4850.000 0.505
4855.000 0.505
4860.000 0.507
4865.000 0.515
4870.000 0.521
4875.000 0.532
4880.000 0.546
4885.000 0.561
4890.000 0.583
4895.000 0.601
4900.000 0.628
4905.000 0.654
4910.000 0.685
4915.000 0.722
4920.000 0.761
4925.000 0.799
4930.000 0.847
4935.000 0.888
4940.000 0.939
4945.000 0.991
4950.000 1.051
4955.000 1.112
4960.000 1.179
4965.000 1.247
4970.000 1.247
4975.000 1.326
4980.000 1.406
4985.000 1.492
4990.000 1.581
4995.000 1.674
5000.000 1.777
5005.000 1.884
5010.000 2.001
5015.000 2.123
5020.000 2.250
5025.000 2.387
5030.000 2.530
5035.000 2.682
5040.000 2.832
5045.000 3.007
5050.000 3.185
5055.000 3.385
5060.000 3.594
5065.000 3.811
5070.000 4.043
5075.000 4.295
5080.000 4.568
5085.000 4.855
5090.000 5.164
5095.000 5.164
5100.000 5.488
5105.000 5.847
5110.000 6.234
5115.000 6.645
5120.000 7.102
5125.000 7.604
5130.000 8.147
5135.000 8.750
5140.000 9.501
5145.000 10.233
5150.000 11.101
5155.000 12.072
5160.000 13.214
5165.000 14.486
5170.000 15.955
5175.000 17.662
5180.000 19.550
5185.000 21.573
5190.000 23.964
5195.000 25.879
5200.000 27.176
5205.000 27.176
5210.000 27.394
5215.000 26.307
5220.000 24.114
5225.000 21.362
5230.000 18.584
5235.000 16.346
5240.000 14.260
5245.000 12.380
5250.000 10.790
5255.000 9.564
5260.000 8.767
5265.000 8.270
5270.000 7.880
5275.000 7.532
5280.000 7.207
5285.000 6.900
5290.000 6.615
5295.000 6.345
5300.000 6.089
5305.000 5.835
5310.000 5.598
5315.000 5.374
5320.000 5.157
5325.000 4.952
5330.000 4.952
5335.000 4.764
5340.000 4.582
5345.000 4.409
5350.000 4.249
5355.000 4.078
5360.000 3.928
5365.000 3.792
5370.000 3.667
5375.000 3.534
5380.000 3.424
5385.000 3.305
5390.000 3.208
5395.000 3.106
5400.000 3.009
5405.000 2.918
5410.000 2.828
5415.000 2.743
5420.000 2.661
5425.000 2.589
5430.000 2.515
5435.000 2.444
5440.000 2.385
5445.000 2.317
5450.000 2.258
5455.000 2.258
5460.000 2.196
5465.000 2.149
5470.000 2.093
5475.000 2.039
5480.000 1.992
5485.000 1.945
5490.000 1.899
5495.000 1.857
5500.000 1.816
5505.000 1.775
5510.000 1.738
5515.000 1.699
5520.000 1.668
5525.000 1.632
5530.000 1.600
5535.000 1.569
5540.000 1.539
5545.000 1.506
5550.000 1.483
5555.000 1.454
5560.000 1.431
5565.000 1.403
5570.000 1.377
5575.000 1.354
5580.000 1.354
5585.000 1.336
5590.000 1.313
5595.000 1.291
5600.000 1.274
5605.000 1.249
5610.000 1.231
5615.000 1.216
5620.000 1.200
5625.000 1.183
5630.000 1.167
5635.000 1.152
5640.000 1.135
5645.000 1.121
5650.000 1.106
5655.000 1.092
5660.000 1.080
5665.000 1.061
5670.000 1.052
5675.000 1.040
5680.000 1.026
5685.000 1.014
5690.000 1.014
5695.000 1.001
5700.000 0.990
5705.000 0.982
5710.000 0.970
5715.000 0.958
5720.000 0.948
5725.000 0.939
5730.000 0.928
5735.000 0.919
5740.000 0.910
5745.000 0.901
5750.000 0.890
5755.000 0.882
5760.000 0.875
5765.000 0.867
5770.000 0.856
5775.000 0.848
5780.000 0.843
5785.000 0.837
5790.000 0.826
5795.000 0.824
5800.000 0.816
5805.000 0.810
5810.000 0.806
5815.000 0.806
5820.000 0.796
5825.000 0.787
5830.000 0.780
5835.000 0.781
5840.000 0.772
5845.000 0.764
5850.000 0.763
5855.000 0.756
5860.000 0.757
5865.000 0.748
5870.000 0.745
5875.000 0.738
5880.000 0.737
5885.000 0.730
5890.000 0.728
5895.000 0.725
5900.000 0.719
5905.000 0.713
5910.000 0.709
5915.000 0.707
5920.000 0.702
5925.000 0.700
5930.000 0.697
5935.000 0.693
5940.000 0.693
5945.000 0.687
5950.000 0.691
5955.000 0.690
5960.000 0.682
5965.000 0.681
5970.000 0.676
5975.000 0.671
5980.000 0.674
5985.000 0.671
5990.000 0.670
5995.000 0.670
6000.000 0.665
6005.000 0.658
6010.000 0.662
6015.000 0.657
6020.000 0.658
6025.000 0.659
6030.000 0.654
6035.000 0.648
6040.000 0.650
6045.000 0.648
6050.000 0.651
6055.000 0.650
6060.000 0.645
6065.000 0.645
6070.000 0.647
6075.000 0.644
6080.000 0.642
6085.000 0.641
6090.000 0.643
6095.000 0.641
6100.000 0.638
6105.000 0.639
6110.000 0.636
6115.000 0.635
6120.000 0.639
6125.000 0.639
6130.000 0.636
6135.000 0.640
6140.000 0.635
6145.000 0.636
6150.000 0.634
6155.000 0.633
6160.000 0.634
6165.000 0.641
6170.000 0.635
6175.000 0.637
6180.000 0.638
6185.000 0.638
6190.000 0.637
6195.000 0.637
6200.000 0.638
6205.000 0.639
6210.000 0.638
6215.000 0.638
6220.000 0.641
6225.000 0.643
6230.000 0.646
6235.000 0.643
6240.000 0.644
6245.000 0.644
6250.000 0.648
6255.000 0.650
6260.000 0.653
6265.000 0.650
6270.000 0.655
6275.000 0.658
6280.000 0.659
6285.000 0.657
6290.000 0.664
6295.000 0.663
6300.000 0.663
6305.000 0.666
6310.000 0.666
6315.000 0.669
6320.000 0.673
6325.000 0.673
6330.000 0.676
6335.000 0.679
6340.000 0.679
6345.000 0.686
6350.000 0.689
6355.000 0.691
6360.000 0.698
6365.000 0.694
6370.000 0.703
6375.000 0.708
6380.000 0.709
6385.000 0.714
6390.000 0.717
6395.000 0.720
6400.000 0.721
6405.000 0.729
6410.000 0.732
6415.000 0.739
6420.000 0.740
6425.000 0.740
6430.000 0.748
6435.000 0.749
6440.000 0.756
6445.000 0.762
6450.000 0.767
6455.000 0.773
6460.000 0.782
6465.000 0.785
6470.000 0.793
6475.000 0.797
6480.000 0.804
6485.000 0.811
6490.000 0.818
6495.000 0.825
6500.000 0.830
6505.000 0.839
6510.000 0.847
6515.000 0.856
6520.000 0.861
6525.000 0.874
6530.000 0.881
6535.000 0.889
6540.000 0.899
6545.000 0.910
6550.000 0.910
6555.000 0.919
6560.000 0.929
6565.000 0.939
6570.000 0.952
6575.000 0.964
6580.000 0.972
6585.000 0.986
6590.000 0.998
6595.000 1.015
6600.000 1.026
6605.000 1.038
6610.000 1.059
6615.000 1.064
6620.000 1.087
6625.000 1.102
6630.000 1.118
6635.000 1.138
6640.000 1.155
6645.000 1.174
6650.000 1.194
6655.000 1.214
6660.000 1.236
6665.000 1.257
6670.000 1.283
6675.000 1.283
6680.000 1.308
6685.000 1.335
6690.000 1.360
6695.000 1.386
6700.000 1.416
6705.000 1.449
6710.000 1.480
6715.000 1.515
6720.000 1.548
6725.000 1.584
6730.000 1.623
6735.000 1.666
6740.000 1.713
6745.000 1.753
6750.000 1.808
6755.000 1.860
6760.000 1.913
6765.000 1.978
6770.000 2.039
6775.000 2.109
6780.000 2.185
6785.000 2.264
6790.000 2.264
6795.000 2.346
6800.000 2.434
6805.000 2.541
6810.000 2.658
6815.000 2.776
6820.000 2.905
6825.000 3.054
6830.000 3.213
6835.000 3.390
6840.000 3.577
6845.000 3.798
6850.000 4.057
6855.000 4.344
6860.000 4.656
6865.000 5.031
6870.000 5.408
6875.000 5.909
6880.000 6.496
6885.000 7.198
6890.000 8.049
6895.000 9.034
6900.000 10.227
6905.000 11.605
6910.000 13.121
6915.000 13.121
6920.000 14.594
6925.000 15.643
6930.000 15.833
6935.000 14.968
6940.000 13.308
6945.000 11.481
6950.000 9.919
6955.000 8.697
6960.000 7.692
6965.000 6.869
6970.000 6.208
6975.000 5.646
6980.000 5.173
6985.000 4.768
6990.000 4.414
6995.000 4.120
7000.000 3.858
7005.000 3.628
7010.000 3.423
7015.000 3.239
7020.000 3.075
7025.000 2.922
7030.000 2.787
7035.000 2.662
7040.000 2.662
7045.000 2.538
7050.000 2.437
7055.000 2.345
7060.000 2.256
7065.000 2.171
7070.000 2.096
7075.000 2.026
7080.000 1.963
7085.000 1.903
7090.000 1.850
7095.000 1.799
7100.000 1.750
7105.000 1.694
7110.000 1.650
7115.000 1.608
7120.000 1.566
7125.000 1.528
7130.000 1.490
7135.000 1.455
7140.000 1.417
7145.000 1.387
7150.000 1.359
7155.000 1.327
7160.000 1.297
7165.000 1.297
7170.000 1.265
7175.000 1.237
7180.000 1.216
7185.000 1.189
7190.000 1.162
7195.000 1.143
7200.000 1.119
7205.000 1.093
7210.000 1.068
7215.000 1.053
7220.000 1.032
7225.000 1.014
7230.000 0.994
7235.000 0.975
7240.000 0.958
7245.000 0.944
7250.000 0.925
7255.000 0.914
7260.000 0.896
7265.000 0.880
7270.000 0.864
7275.000 0.864
7280.000 0.853
7285.000 0.845
7290.000 0.832
7295.000 0.821
7300.000 0.809
7305.000 0.798
7310.000 0.783
7315.000 0.778
7320.000 0.762
7325.000 0.756
7330.000 0.747
7335.000 0.736
7340.000 0.725
7345.000 0.717
7350.000 0.710
7355.000 0.704
7360.000 0.695
7365.000 0.685
7370.000 0.677
7375.000 0.672
7380.000 0.667
7385.000 0.657
7390.000 0.648
7395.000 0.641
7400.000 0.641
7405.000 0.633
7410.000 0.630
7415.000 0.620
7420.000 0.612
7425.000 0.606
7430.000 0.600
7435.000 0.592
7440.000 0.582
7445.000 0.577
7450.000 0.567
7455.000 0.561
7460.000 0.557
7465.000 0.555
7470.000 0.565
7475.000 0.584
7480.000 0.611
7485.000 0.625
7490.000 0.630
7495.000 0.625
7500.000 0.623
7505.000 0.619
7510.000 0.611
7515.000 0.607
7520.000 0.600
7525.000 0.600
7530.000 0.594
7535.000 0.590
7540.000 0.582
7545.000 0.579
7550.000 0.574
7555.000 0.566
7560.000 0.566
7565.000 0.557
7570.000 0.554
7575.000 0.558
7580.000 0.555
7585.000 0.547
7590.000 0.550
7595.000 0.540
7600.000 0.539
7605.000 0.538
7610.000 0.535
7615.000 0.535
7620.000 0.530
7625.000 0.528
7630.000 0.522
7635.000 0.524
7640.000 0.522
7645.000 0.520
7650.000 0.520
7655.000 0.515
7660.000 0.512
7665.000 0.514
7670.000 0.514
7675.000 0.510
7680.000 0.509
7685.000 0.508
7690.000 0.510
7695.000 0.507
7700.000 0.509
7705.000 0.503
7710.000 0.500
7715.000 0.503
7720.000 0.500
7725.000 0.501
7730.000 0.495
7735.000 0.496
7740.000 0.496
7745.000 0.498
7750.000 0.498
7755.000 0.496
7760.000 0.496
7765.000 0.494
7770.000 0.495
7775.000 0.495
7780.000 0.495
7785.000 0.490
7790.000 0.493
7795.000 0.488
7800.000 0.492
7805.000 0.492
7810.000 0.488
7815.000 0.487
7820.000 0.493
7825.000 0.489
7830.000 0.488
7835.000 0.486
7840.000 0.492
7845.000 0.488
7850.000 0.492
7855.000 0.491
7860.000 0.494
7865.000 0.491
7870.000 0.490
7875.000 0.491
7880.000 0.493
7885.000 0.493
7890.000 0.493
7895.000 0.494
7900.000 0.494
7905.000 0.495
7910.000 0.494
7915.000 0.498
7920.000 0.496
7925.000 0.497
7930.000 0.498
7935.000 0.500
7940.000 0.496
7945.000 0.502
7950.000 0.498
7955.000 0.501
7960.000 0.499
7965.000 0.500
7970.000 0.503
7975.000 0.503
7980.000 0.504
7985.000 0.509
7990.000 0.516
7995.000 0.522
8000.000 0.520
8005.000 0.523
8010.000 0.523
8015.000 0.526
8020.000 0.529
8025.000 0.526
8030.000 0.530
8035.000 0.533
8040.000 0.533
8045.000 0.534
8050.000 0.534
8055.000 0.536
8060.000 0.544
8065.000 0.545
8070.000 0.547
8075.000 0.550
8080.000 0.552
8085.000 0.556
8090.000 0.560
8095.000 0.561
8100.000 0.567
8105.000 0.571
8110.000 0.577
8115.000 0.577
8120.000 0.582
8125.000 0.585
8130.000 0.592
8135.000 0.592
8140.000 0.597
8145.000 0.606
8150.000 0.613
8155.000 0.619
8160.000 0.628
8165.000 0.641
8170.000 0.655
8175.000 0.667
8180.000 0.670
8185.000 0.671
8190.000 0.670
8195.000 0.665
8200.000 0.667
8205.000 0.666
8210.000 0.668
8215.000 0.675
8220.000 0.679
8225.000 0.683
8230.000 0.690
8235.000 0.697
8240.000 0.708
8245.000 0.708
8250.000 0.708
8255.000 0.718
8260.000 0.726
8265.000 0.730
8270.000 0.741
8275.000 0.751
8280.000 0.755
8285.000 0.767
8290.000 0.774
8295.000 0.787
8300.000 0.797
8305.000 0.804
8310.000 0.818
8315.000 0.827
8320.000 0.836
8325.000 0.849
8330.000 0.861
8335.000 0.876
8340.000 0.888
8345.000 0.902
8350.000 0.917
8355.000 0.929
8360.000 0.946
8365.000 0.959
8370.000 0.959
8375.000 0.977
8380.000 0.992
8385.000 1.009
8390.000 1.028
8395.000 1.047
8400.000 1.065
8405.000 1.086
8410.000 1.111
8415.000 1.134
8420.000 1.157
8425.000 1.180
8430.000 1.206
8435.000 1.235
8440.000 1.267
8445.000 1.295
8450.000 1.326
8455.000 1.363
8460.000 1.400
8465.000 1.439
8470.000 1.477
8475.000 1.518
8480.000 1.566
8485.000 1.617
8490.000 1.674
8495.000 1.736
8500.000 1.736
8505.000 1.794
8510.000 1.862
8515.000 1.935
8520.000 2.014
8525.000 2.097
8530.000 2.194
8535.000 2.292
8540.000 2.406
8545.000 2.504
8550.000 2.638
8555.000 2.788
8560.000 2.951
8565.000 3.145
8570.000 3.364
8575.000 3.599
8580.000 3.886
8585.000 4.197
8590.000 4.575
8595.000 5.024
8600.000 5.520
8605.000 6.123
8610.000 6.817
8615.000 7.597
8620.000 8.402
8625.000 8.402
8630.000 9.146
8635.000 9.669
8640.000 9.766
8645.000 9.333
8650.000 8.479
8655.000 7.452
8660.000 6.339
8665.000 5.517
8670.000 4.824
8675.000 4.248
8680.000 3.781
8685.000 3.373
8690.000 3.042
8695.000 2.792
8700.000 2.634
8705.000 2.566
8710.000 2.622
8715.000 2.775
8720.000 2.993
8725.000 3.196
8730.000 3.270
8735.000 3.270
8740.000 3.164
8745.000 2.968
8750.000 2.770
8755.000 2.591
8760.000 2.422
8765.000 2.284
8770.000 2.159
8775.000 2.046
8780.000 1.947
8785.000 1.862
8790.000 1.793
8795.000 1.718
8800.000 1.653
8805.000 1.591
8810.000 1.529
8815.000 1.478
8820.000 1.427
8825.000 1.386
8830.000 1.346
8835.000 1.304
8840.000 1.264
8845.000 1.231
8850.000 1.194
8855.000 1.163
8860.000 1.163
8865.000 1.135
8870.000 1.107
8875.000 1.082
8880.000 1.055
8885.000 1.033
8890.000 1.010
8895.000 0.985
8900.000 0.965
8905.000 0.949
8910.000 0.927
8915.000 0.911
8920.000 0.893
8925.000 0.874
8930.000 0.861
8935.000 0.843
8940.000 0.830
8945.000 0.815
8950.000 0.804
8955.000 0.790
8960.000 0.776
8965.000 0.763
8970.000 0.748
8975.000 0.739
8980.000 0.729
8985.000 0.729
8990.000 0.720
8995.000 0.706
9000.000 0.697
9005.000 0.689
9010.000 0.680
9015.000 0.670
9020.000 0.661
9025.000 0.652
9030.000 0.645
9035.000 0.634
9040.000 0.628
9045.000 0.625
9050.000 0.612
9055.000 0.608
9060.000 0.598
9065.000 0.595
9070.000 0.588
9075.000 0.579
9080.000 0.576
9085.000 0.566
9090.000 0.561
9095.000 0.557
9100.000 0.551
9105.000 0.545
9110.000 0.545
9115.000 0.536
9120.000 0.534
9125.000 0.531
9130.000 0.526
9135.000 0.522
9140.000 0.514
9145.000 0.510
9150.000 0.507
9155.000 0.500
9160.000 0.497
9165.000 0.491
9170.000 0.490
9175.000 0.488
9180.000 0.483
9185.000 0.477
9190.000 0.474
9195.000 0.473
9200.000 0.470
9205.000 0.466
9210.000 0.461
9215.000 0.459
9220.000 0.459
9225.000 0.454
9230.000 0.453
9235.000 0.452
9240.000 0.446
9245.000 0.443
9250.000 0.441
9255.000 0.438
9260.000 0.435
9265.000 0.435
9270.000 0.430
9275.000 0.429
9280.000 0.424
9285.000 0.424
9290.000 0.422
9295.000 0.419
9300.000 0.416
9305.000 0.415
9310.000 0.415
9315.000 0.411
9320.000 0.408
9325.000 0.406
9330.000 0.405
9335.000 0.401
9340.000 0.403
9345.000 0.403
9350.000 0.398
9355.000 0.400
9360.000 0.398
9365.000 0.395
9370.000 0.392
9375.000 0.392
9380.000 0.389
9385.000 0.391
9390.000 0.387
9395.000 0.387
9400.000 0.386
9405.000 0.381
9410.000 0.384
9415.000 0.380
9420.000 0.379
9425.000 0.380
9430.000 0.376
9435.000 0.378
9440.000 0.377
9445.000 0.375
9450.000 0.374
9455.000 0.373
9460.000 0.371
9465.000 0.367
9470.000 0.367
9475.000 0.369
9480.000 0.363
9485.000 0.366
9490.000 0.362
9495.000 0.363
9500.000 0.355
9505.000 0.351
9510.000 0.351
9515.000 0.345
9520.000 0.339
9525.000 0.338
9530.000 0.330
9535.000 0.330
9540.000 0.334
9545.000 0.338
9550.000 0.345
9555.000 0.350
9560.000 0.355
9565.000 0.356
9570.000 0.359
9575.000 0.359
9580.000 0.361
9585.000 0.360
9590.000 0.358
9595.000 0.358
9600.000 0.362
9605.000 0.359
9610.000 0.361
9615.000 0.360
9620.000 0.358
9625.000 0.361
9630.000 0.358
9635.000 0.358
9640.000 0.361
9645.000 0.361
9650.000 0.361
9655.000 0.360
9660.000 0.360
9665.000 0.362
9670.000 0.363
9675.000 0.363
9680.000 0.361
9685.000 0.362
9690.000 0.361
9695.000 0.363
9700.000 0.365
9705.000 0.365
9710.000 0.368
9715.000 0.362
9720.000 0.365
9725.000 0.366
9730.000 0.369
9735.000 0.369
9740.000 0.370
9745.000 0.369
9750.000 0.372
9755.000 0.370
9760.000 0.374
9765.000 0.371
9770.000 0.370
9775.000 0.375
9780.000 0.379
9785.000 0.380
9790.000 0.381
9795.000 0.380
9800.000 0.383
9805.000 0.382
9810.000 0.386
9815.000 0.389
9820.000 0.389
9825.000 0.392
9830.000 0.392
9835.000 0.392
9840.000 0.392
9845.000 0.398
9850.000 0.397
9855.000 0.400
9860.000 0.401
9865.000 0.405
9870.000 0.402
9875.000 0.409
9880.000 0.411
9885.000 0.415
9890.000 0.418
9895.000 0.421
9900.000 0.423
9905.000 0.425
9910.000 0.427
9915.000 0.431
9920.000 0.431
9925.000 0.435
9930.000 0.442
9935.000 0.444
9940.000 0.445
9945.000 0.448
9950.000 0.452
9955.000 0.452
9960.000 0.457
9965.000 0.459
9970.000 0.465
9975.000 0.467
9980.000 0.473
9985.000 0.478
9990.000 0.483
9995.000 0.488
10000.000 0.492
10005.000 0.498
10010.000 0.502
10015.000 0.508
10020.000 0.517
10025.000 0.518
10030.000 0.528
10035.000 0.532
10040.000 0.537
10045.000 0.544
10050.000 0.549
10055.000 0.558
10060.000 0.565
10065.000 0.573
10070.000 0.577
10075.000 0.587
10080.000 0.587
10085.000 0.595
10090.000 0.607
10095.000 0.614
10100.000 0.626
10105.000 0.633
10110.000 0.643
10115.000 0.657
10120.000 0.667
10125.000 0.680
10130.000 0.694
10135.000 0.710
10140.000 0.724
10145.000 0.745
10150.000 0.764
10155.000 0.778
10160.000 0.795
10165.000 0.819
10170.000 0.840
10175.000 0.866
10180.000 0.885
10185.000 0.911
10190.000 0.937
10195.000 0.937
10200.000 0.964
10205.000 0.986
10210.000 1.018
10215.000 1.048
10220.000 1.079
10225.000 1.116
10230.000 1.152
10235.000 1.192
10240.000 1.235
10245.000 1.281
10250.000 1.332
10255.000 1.386
10260.000 1.442
10265.000 1.506
10270.000 1.578
10275.000 1.657
10280.000 1.744
10285.000 1.850
10290.000 1.962
10295.000 2.084
10300.000 2.220
10305.000 2.379
10310.000 2.553
10315.000 2.767
10320.000 2.767
10325.000 3.002
10330.000 3.272
10335.000 3.590
10340.000 3.948
10345.000 4.339
10350.000 4.784
10355.000 5.247
10360.000 5.656
10365.000 6.047
10370.000 6.264
10375.000 6.215
10380.000 5.915
10385.000 5.436
10390.000 4.903
10395.000 4.369
10400.000 3.907
10405.000 3.505
10410.000 3.167
10415.000 2.877
10420.000 2.640
10425.000 2.426
10430.000 2.250
10435.000 2.095
10440.000 1.953
10445.000 1.953
10450.000 1.829
10455.000 1.726
10460.000 1.621
10465.000 1.539
10470.000 1.458
10475.000 1.390
10480.000 1.325
10485.000 1.260
10490.000 1.208
10495.000 1.156
10500.000 1.110
10505.000 1.064
10510.000 1.024
10515.000 0.983
10520.000 0.949
10525.000 0.916
10530.000 0.889
10535.000 0.860
10540.000 0.831
10545.000 0.811
10550.000 0.792
10555.000 0.776
10560.000 0.762
10565.000 0.751
10570.000 0.751
10575.000 0.745
10580.000 0.740
10585.000 0.734
10590.000 0.725
10595.000 0.711
10600.000 0.697
10605.000 0.680
10610.000 0.662
10615.000 0.645
10620.000 0.631
10625.000 0.616
10630.000 0.602
10635.000 0.589
10640.000 0.576
10645.000 0.566
10650.000 0.555
10655.000 0.546
10660.000 0.533
10665.000 0.525
10670.000 0.514
10675.000 0.506
10680.000 0.506
10685.000 0.496
10690.000 0.491
10695.000 0.480
10700.000 0.474
10705.000 0.466
10710.000 0.460
10715.000 0.452
10720.000 0.447
10725.000 0.438
10730.000 0.434
10735.000 0.427
10740.000 0.420
10745.000 0.415
10750.000 0.411
10755.000 0.405
10760.000 0.399
10765.000 0.394
10770.000 0.389
10775.000 0.385
10780.000 0.378
10785.000 0.375
10790.000 0.370
10795.000 0.366
10800.000 0.362
10805.000 0.362
10810.000 0.359
10815.000 0.353
10820.000 0.348
10825.000 0.346
10830.000 0.340
10835.000 0.337
10840.000 0.333
10845.000 0.332
10850.000 0.330
10855.000 0.329
10860.000 0.324
10865.000 0.316
10870.000 0.315
10875.000 0.311
10880.000 0.311
10885.000 0.308
10890.000 0.303
10895.000 0.301
10900.000 0.300
10905.000 0.299
10910.000 0.297
10915.000 0.296
10920.000 0.292
10925.000 0.288
10930.000 0.288
10935.000 0.286
10940.000 0.287
10945.000 0.282
10950.000 0.281
10955.000 0.277
10960.000 0.279
10965.000 0.275
10970.000 0.273
10975.000 0.270
10980.000 0.270
10985.000 0.269
10990.000 0.265
10995.000 0.263
11000.000 0.261
11005.000 0.262
11010.000 0.264
11015.000 0.259
11020.000 0.260
11025.000 0.257
11030.000 0.257
11035.000 0.256
11040.000 0.251
11045.000 0.250
11050.000 0.251
11055.000 0.251
11060.000 0.249
11065.000 0.247
11070.000 0.244
11075.000 0.246
11080.000 0.245
11085.000 0.243
11090.000 0.243
11095.000 0.244
11100.000 0.241
11105.000 0.243
11110.000 0.241
11115.000 0.240
11120.000 0.239
11125.000 0.234
11130.000 0.237
11135.000 0.237
11140.000 0.236
11145.000 0.233
11150.000 0.235
11155.000 0.234
11160.000 0.232
11165.000 0.232
11170.000 0.234
11175.000 0.231
11180.000 0.230
11185.000 0.231
11190.000 0.229
11195.000 0.231
11200.000 0.227
11205.000 0.229
11210.000 0.227
11215.000 0.226
11220.000 0.227
11225.000 0.229
11230.000 0.225
11235.000 0.224
11240.000 0.225
11245.000 0.224
11250.000 0.226
11255.000 0.225
11260.000 0.224
11265.000 0.227
11270.000 0.224
11275.000 0.225
11280.000 0.224
11285.000 0.224
11290.000 0.224
11295.000 0.223
11300.000 0.224
11305.000 0.223
11310.000 0.223
11315.000 0.225
11320.000 0.224
11325.000 0.224
11330.000 0.224
11335.000 0.225
11340.000 0.226
11345.000 0.224
11350.000 0.228
11355.000 0.226
11360.000 0.224
11365.000 0.224
11370.000 0.227
11375.000 0.227
11380.000 0.227
11385.000 0.227
11390.000 0.229
11395.000 0.229
11400.000 0.227
11405.000 0.229
11410.000 0.229
11415.000 0.229
11420.000 0.228
11425.000 0.227
11430.000 0.226
11435.000 0.231
11440.000 0.229
11445.000 0.233
11450.000 0.232
11455.000 0.233
11460.000 0.236
11465.000 0.234
11470.000 0.234
11475.000 0.235
11480.000 0.238
11485.000 0.235
11490.000 0.235
11495.000 0.237
11500.000 0.239
11505.000 0.242
11510.000 0.241
11515.000 0.244
11520.000 0.243
11525.000 0.245
11530.000 0.245
11535.000 0.246
11540.000 0.246
11545.000 0.249
11550.000 0.249
11555.000 0.250
11560.000 0.251
11565.000 0.253
11570.000 0.252
11575.000 0.254
11580.000 0.258
11585.000 0.258
11590.000 0.260
11595.000 0.263
11600.000 0.265
11605.000 0.263
11610.000 0.266
11615.000 0.268
11620.000 0.270
11625.000 0.273
11630.000 0.274
11635.000 0.278
11640.000 0.281
11645.000 0.281
11650.000 0.281
11655.000 0.284
11660.000 0.284
11665.000 0.288
11670.000 0.292
11675.000 0.295
11680.000 0.298
11685.000 0.300
11690.000 0.301
11695.000 0.302
11700.000 0.307
11705.000 0.311
11710.000 0.313
11715.000 0.317
11720.000 0.320
11725.000 0.325
11730.000 0.328
11735.000 0.331
11740.000 0.336
11745.000 0.336
11750.000 0.339
11755.000 0.346
11760.000 0.348
11765.000 0.352
11770.000 0.355
11775.000 0.355
11780.000 0.361
11785.000 0.364
11790.000 0.368
11795.000 0.377
11800.000 0.381
11805.000 0.389
11810.000 0.396
11815.000 0.400
11820.000 0.411
11825.000 0.415
11830.000 0.422
11835.000 0.430
11840.000 0.437
11845.000 0.445
11850.000 0.454
11855.000 0.464
11860.000 0.473
11865.000 0.482
11870.000 0.491
11875.000 0.504
11880.000 0.515
11885.000 0.529
11890.000 0.536
11895.000 0.547
11900.000 0.547
11905.000 0.564
11910.000 0.578
11915.000 0.594
11920.000 0.611
11925.000 0.625
11930.000 0.644
11935.000 0.665
11940.000 0.686
11945.000 0.706
11950.000 0.731
11955.000 0.756
11960.000 0.783
11965.000 0.812
11970.000 0.849
11975.000 0.885
11980.000 0.922
11985.000 0.964
11990.000 1.009
11995.000 1.057
12000.000 1.115
