105.000 0.157
110.000 0.338
115.000 0.333
120.000 0.297
125.000 0.355
130.000 0.445
135.000 0.483
140.000 0.412
145.000 0.464
150.000 0.438
155.000 0.509
160.000 0.543
165.000 0.511
170.000 0.504
175.000 0.542
180.000 0.583
185.000 0.531
190.000 0.590
195.000 0.548
200.000 0.605
205.000 0.628
210.000 0.661
215.000 0.627
220.000 0.674
225.000 0.674
230.000 0.663
235.000 0.703
240.000 0.721
245.000 0.742
250.000 0.730
255.000 0.737
260.000 0.752
265.000 0.777
270.000 0.745
275.000 0.771
280.000 0.811
285.000 0.802
290.000 0.849
295.000 0.819
300.000 0.890
305.000 0.941
310.000 0.972
315.000 0.926
320.000 0.947
325.000 0.981
330.000 1.022
335.000 1.099
340.000 1.134
345.000 1.108
350.000 1.108
355.000 1.074
360.000 1.185
365.000 1.181
370.000 1.226
375.000 1.302
380.000 1.297
385.000 1.430
390.000 1.454
395.000 1.530
400.000 1.591
405.000 1.590
410.000 1.735
415.000 1.743
420.000 1.777
425.000 1.886
430.000 1.988
435.000 2.112
440.000 2.149
445.000 2.193
450.000 2.265
455.000 2.273
460.000 2.342
465.000 2.371
470.000 2.369
475.000 2.369
480.000 2.344
485.000 2.340
490.000 2.318
495.000 2.271
500.000 2.254
505.000 2.230
510.000 2.163
515.000 2.120
520.000 2.036
525.000 1.954
530.000 1.910
535.000 1.827
540.000 1.784
545.000 1.741
550.000 1.696
555.000 1.640
560.000 1.557
565.000 1.501
570.000 1.451
575.000 1.374
580.000 1.342
585.000 1.342
590.000 1.296
595.000 1.251
600.000 1.200
605.000 1.163
610.000 1.122
615.000 1.085
620.000 1.045
625.000 1.019
630.000 0.980
635.000 0.947
640.000 0.924
645.000 0.898
650.000 0.869
655.000 0.849
660.000 0.801
665.000 0.781
670.000 0.766
675.000 0.749
680.000 0.741
685.000 0.714
690.000 0.701
695.000 0.702
700.000 0.665
705.000 0.644
710.000 0.644
715.000 0.640
720.000 0.615
725.000 0.622
730.000 0.617
735.000 0.602
740.000 0.580
745.000 0.572
750.000 0.544
755.000 0.553
760.000 0.537
765.000 0.540
770.000 0.523
775.000 0.508
780.000 0.509
785.000 0.512
790.000 0.488
795.000 0.501
800.000 0.480
805.000 0.462
810.000 0.470
815.000 0.464
820.000 0.461
825.000 0.435
830.000 0.423
835.000 0.423
840.000 0.439
845.000 0.424
850.000 0.412
855.000 0.410
860.000 0.399
865.000 0.390
870.000 0.387
875.000 0.393
880.000 0.388
885.000 0.380
890.000 0.369
895.000 0.371
900.000 0.352
905.000 0.346
910.000 0.346
915.000 0.347
920.000 0.330
925.000 0.320
930.000 0.312
935.000 0.310
940.000 0.314
945.000 0.297
950.000 0.289
955.000 0.323
960.000 0.323
965.000 0.343
970.000 0.356
975.000 0.361
980.000 0.363
985.000 0.363
990.000 0.388
995.000 0.378
1000.000 0.400
1005.000 0.401
1010.000 0.407
1015.000 0.408
1020.000 0.426
1025.000 0.432
1030.000 0.444
1035.000 0.451
1040.000 0.491
1045.000 0.507
1050.000 0.524
1055.000 0.544
1060.000 0.576
1065.000 0.604
1070.000 0.604
1075.000 0.642
1080.000 0.683
1085.000 0.737
1090.000 0.781
1095.000 0.855
1100.000 0.942
1105.000 0.994
1110.000 1.144
1115.000 1.250
1120.000 1.434
1125.000 1.677
1130.000 1.923
1135.000 2.249
1140.000 2.633
1145.000 3.131
1150.000 3.735
1155.000 4.259
1160.000 4.544
1165.000 4.372
1170.000 3.745
1175.000 3.125
1180.000 2.687
1185.000 2.312
1190.000 2.034
1195.000 2.034
1200.000 1.839
1205.000 1.672
1210.000 1.562
1215.000 1.432
1220.000 1.361
1225.000 1.296
1230.000 1.196
1235.000 1.152
1240.000 1.070
1245.000 1.064
1250.000 1.003
1255.000 0.958
1260.000 0.932
1265.000 0.938
1270.000 0.913
1275.000 0.868
1280.000 0.852
1285.000 0.839
1290.000 0.844
1295.000 0.803
1300.000 0.776
1305.000 0.782
1310.000 0.763
1315.000 0.738
1320.000 0.738
1325.000 0.721
1330.000 0.727
1335.000 0.744
1340.000 0.692
1345.000 0.732
1350.000 0.710
1355.000 0.697
1360.000 0.713
1365.000 0.693
1370.000 0.663
1375.000 0.681
1380.000 0.696
1385.000 0.691
1390.000 0.689
1395.000 0.680
1400.000 0.663
1405.000 0.675
1410.000 0.674
1415.000 0.672
1420.000 0.670
1425.000 0.663
1430.000 0.664
1435.000 0.660
1440.000 0.668
1445.000 0.668
1450.000 0.663
1455.000 0.667
1460.000 0.665
1465.000 0.674
1470.000 0.668
1475.000 0.663
1480.000 0.669
1485.000 0.658
1490.000 0.671
1495.000 0.672
1500.000 0.672
1505.000 0.691
1510.000 0.672
1515.000 0.683
1520.000 0.683
1525.000 0.688
1530.000 0.687
1535.000 0.694
1540.000 0.690
1545.000 0.701
1550.000 0.699
1555.000 0.699
1560.000 0.689
1565.000 0.705
1570.000 0.700
1575.000 0.706
1580.000 0.705
1585.000 0.707
1590.000 0.712
1595.000 0.712
1600.000 0.709
1605.000 0.715
1610.000 0.717
1615.000 0.717
1620.000 0.725
1625.000 0.724
1630.000 0.725
1635.000 0.717
1640.000 0.718
1645.000 0.719
1650.000 0.713
1655.000 0.709
1660.000 0.702
1665.000 0.701
1670.000 0.696
1675.000 0.686
1680.000 0.686
1685.000 0.683
1690.000 0.668
1695.000 0.654
1700.000 0.647
1705.000 0.634
1710.000 0.626
1715.000 0.605
1720.000 0.584
1725.000 0.581
1730.000 0.577
1735.000 0.567
1740.000 0.579
1745.000 0.586
1750.000 0.619
1755.000 0.643
1760.000 0.680
1765.000 0.710
1770.000 0.756
1775.000 0.801
1780.000 0.854
1785.000 0.896
1790.000 0.952
1795.000 0.995
1800.000 1.045
1805.000 1.045
1810.000 1.085
1815.000 1.130
1820.000 1.174
1825.000 1.213
1830.000 1.262
1835.000 1.297
1840.000 1.334
1845.000 1.381
1850.000 1.416
1855.000 1.446
1860.000 1.483
1865.000 1.526
1870.000 1.561
1875.000 1.585
1880.000 1.619
1885.000 1.661
1890.000 1.702
1895.000 1.730
1900.000 1.754
1905.000 1.807
1910.000 1.829
1915.000 1.863
1920.000 1.882
1925.000 1.935
1930.000 1.964
1935.000 1.964
1940.000 1.992
1945.000 2.031
1950.000 2.079
1955.000 2.090
1960.000 2.125
1965.000 2.161
1970.000 2.192
1975.000 2.262
1980.000 2.279
1985.000 2.327
1990.000 2.357
1995.000 2.395
2000.000 2.432
2005.000 2.470
2010.000 2.504
2015.000 2.547
2020.000 2.589
2025.000 2.630
2030.000 2.668
2035.000 2.697
2040.000 2.743
2045.000 2.743
2050.000 2.784
2055.000 2.821
2060.000 2.859
2065.000 2.905
2070.000 2.940
2075.000 2.987
2080.000 3.030
2085.000 3.077
2090.000 3.121
2095.000 3.165
2100.000 3.213
2105.000 3.263
2110.000 3.307
2115.000 3.365
2120.000 3.408
2125.000 3.469
2130.000 3.526
2135.000 3.584
2140.000 3.637
2145.000 3.706
2150.000 3.770
2155.000 3.839
2160.000 3.918
2165.000 3.987
2170.000 3.987
2175.000 4.067
2180.000 4.152
2185.000 4.242
2190.000 4.336
2195.000 4.434
2200.000 4.541
2205.000 4.664
2210.000 4.780
2215.000 4.914
2220.000 5.049
2225.000 5.201
2230.000 5.367
2235.000 5.541
2240.000 5.739
2245.000 5.938
2250.000 6.165
2255.000 6.414
2260.000 6.689
2265.000 6.990
2270.000 7.318
2275.000 7.673
2280.000 8.053
2285.000 8.473
2290.000 8.943
2295.000 8.943
2300.000 9.485
2305.000 10.031
2310.000 10.618
2315.000 11.223
2320.000 11.836
2325.000 12.395
2330.000 12.853
2335.000 13.222
2340.000 13.349
2345.000 13.274
2350.000 12.968
2355.000 12.454
2360.000 11.806
2365.000 11.045
2370.000 10.296
2375.000 9.557
2380.000 8.856
2385.000 8.205
2390.000 7.643
2395.000 7.100
2400.000 6.623
2405.000 6.195
2410.000 5.804
2415.000 5.443
2420.000 5.443
2425.000 5.120
2430.000 4.824
2435.000 4.561
2440.000 4.330
2445.000 4.114
2450.000 3.906
2455.000 3.719
2460.000 3.550
2465.000 3.395
2470.000 3.251
2475.000 3.116
2480.000 2.991
2485.000 2.869
2490.000 2.764
2495.000 2.661
2500.000 2.557
2505.000 2.466
2510.000 2.379
2515.000 2.304
2520.000 2.232
2525.000 2.165
2530.000 2.165
2535.000 2.097
2540.000 2.038
2545.000 1.973
2550.000 1.919
2555.000 1.867
2560.000 1.815
2565.000 1.774
2570.000 1.727
2575.000 1.679
2580.000 1.639
2585.000 1.605
2590.000 1.561
2595.000 1.529
2600.000 1.495
2605.000 1.458
2610.000 1.427
2615.000 1.399
2620.000 1.370
2625.000 1.342
2630.000 1.320
2635.000 1.288
2640.000 1.266
2645.000 1.237
2650.000 1.220
2655.000 1.220
2660.000 1.201
2665.000 1.177
2670.000 1.154
2675.000 1.140
2680.000 1.117
2685.000 1.102
2690.000 1.083
2695.000 1.062
2700.000 1.051
2705.000 1.034
2710.000 1.024
2715.000 1.008
2720.000 0.989
2725.000 0.978
2730.000 0.971
2735.000 0.953
2740.000 0.944
2745.000 0.933
2750.000 0.922
2755.000 0.910
2760.000 0.903
2765.000 0.891
2770.000 0.882
2775.000 0.866
2780.000 0.866
2785.000 0.860
2790.000 0.860
2795.000 0.842
2800.000 0.840
2805.000 0.830
2810.000 0.822
2815.000 0.816
2820.000 0.807
2825.000 0.800
2830.000 0.793
2835.000 0.790
2840.000 0.779
2845.000 0.776
2850.000 0.772
2855.000 0.769
2860.000 0.762
2865.000 0.752
2870.000 0.747
2875.000 0.745
2880.000 0.740
2885.000 0.741
2890.000 0.736
2895.000 0.731
2900.000 0.727
2905.000 0.727
2910.000 0.724
2915.000 0.715
2920.000 0.718
2925.000 0.716
2930.000 0.716
2935.000 0.713
2940.000 0.712
2945.000 0.708
2950.000 0.706
2955.000 0.704
2960.000 0.701
2965.000 0.702
2970.000 0.701
2975.000 0.695
2980.000 0.698
2985.000 0.694
2990.000 0.694
2995.000 0.694
3000.000 0.699
3005.000 0.692
3010.000 0.698
3015.000 0.698
3020.000 0.693
3025.000 0.698
3030.000 0.698
3035.000 0.698
3040.000 0.697
3045.000 0.694
3050.000 0.707
3055.000 0.705
3060.000 0.711
3065.000 0.708
3070.000 0.706
3075.000 0.714
3080.000 0.711
3085.000 0.719
3090.000 0.720
3095.000 0.724
3100.000 0.727
3105.000 0.733
3110.000 0.733
3115.000 0.736
3120.000 0.741
3125.000 0.742
3130.000 0.750
3135.000 0.757
3140.000 0.757
3145.000 0.763
3150.000 0.766
3155.000 0.773
3160.000 0.779
3165.000 0.785
3170.000 0.792
3175.000 0.796
3180.000 0.803
3185.000 0.815
3190.000 0.824
3195.000 0.834
3200.000 0.842
3205.000 0.853
3210.000 0.866
3215.000 0.875
3220.000 0.887
3225.000 0.899
3230.000 0.909
3235.000 0.924
3240.000 0.936
3245.000 0.952
3250.000 0.973
3255.000 0.983
3260.000 1.004
3265.000 1.004
3270.000 1.023
3275.000 1.046
3280.000 1.063
3285.000 1.083
3290.000 1.112
3295.000 1.136
3300.000 1.156
3305.000 1.191
3310.000 1.216
3315.000 1.250
3320.000 1.280
3325.000 1.322
3330.000 1.364
3335.000 1.401
3340.000 1.450
3345.000 1.501
3350.000 1.553
3355.000 1.610
3360.000 1.676
3365.000 1.743
3370.000 1.822
3375.000 1.905
3380.000 1.998
3385.000 2.103
3390.000 2.103
3395.000 2.215
3400.000 2.346
3405.000 2.490
3410.000 2.658
3415.000 2.846
3420.000 3.069
3425.000 3.328
3430.000 3.636
3435.000 4.005
3440.000 4.441
3445.000 4.965
3450.000 5.625
3455.000 6.409
3460.000 7.349
3465.000 8.459
3470.000 9.611
3475.000 10.548
3480.000 10.890
3485.000 10.296
3490.000 8.756
3495.000 7.340
3500.000 7.340
3505.000 6.216
3510.000 5.359
3515.000 4.692
3520.000 4.120
3525.000 3.695
3530.000 3.343
3535.000 3.054
3540.000 2.803
3545.000 2.597
3550.000 2.411
3555.000 2.248
3560.000 2.112
3565.000 1.986
3570.000 1.880
3575.000 1.779
3580.000 1.689
3585.000 1.611
3590.000 1.534
3595.000 1.468
3600.000 1.405
3605.000 1.345
3610.000 1.297
3615.000 1.246
3620.000 1.201
3625.000 1.164
3630.000 1.164
3635.000 1.124
3640.000 1.090
3645.000 1.056
3650.000 1.020
3655.000 0.991
3660.000 0.961
3665.000 0.934
3670.000 0.908
3675.000 0.884
3680.000 0.865
3685.000 0.841
3690.000 0.821
3695.000 0.803
3700.000 0.783
3705.000 0.765
3710.000 0.751
3715.000 0.735
3720.000 0.717
3725.000 0.704
3730.000 0.691
3735.000 0.677
3740.000 0.663
3745.000 0.651
3750.000 0.640
3755.000 0.640
3760.000 0.631
3765.000 0.618
3770.000 0.610
3775.000 0.598
3780.000 0.591
3785.000 0.583
3790.000 0.574
3795.000 0.566
3800.000 0.556
3805.000 0.547
3810.000 0.536
3815.000 0.529
3820.000 0.527
3825.000 0.519
3830.000 0.511
3835.000 0.506
3840.000 0.499
3845.000 0.492
3850.000 0.487
3855.000 0.483
3860.000 0.476
3865.000 0.470
3870.000 0.467
3875.000 0.464
3880.000 0.464
3885.000 0.459
3890.000 0.452
3895.000 0.446
3900.000 0.441
3905.000 0.441
3910.000 0.438
3915.000 0.432
3920.000 0.429
3925.000 0.422
3930.000 0.420
3935.000 0.418
3940.000 0.415
3945.000 0.413
3950.000 0.411
3955.000 0.402
3960.000 0.401
3965.000 0.398
3970.000 0.399
3975.000 0.391
3980.000 0.391
3985.000 0.390
3990.000 0.390
3995.000 0.391
4000.000 0.387
4005.000 0.385
4010.000 0.383
4015.000 0.384
4020.000 0.381
4025.000 0.375
4030.000 0.382
4035.000 0.372
4040.000 0.375
4045.000 0.372
4050.000 0.370
4055.000 0.370
4060.000 0.369
4065.000 0.371
4070.000 0.367
4075.000 0.368
4080.000 0.364
4085.000 0.364
4090.000 0.365
4095.000 0.365
4100.000 0.365
4105.000 0.365
4110.000 0.363
4115.000 0.363
4120.000 0.362
4125.000 0.365
4130.000 0.368
4135.000 0.365
4140.000 0.366
4145.000 0.364
4150.000 0.367
4155.000 0.366
4160.000 0.365
4165.000 0.366
4170.000 0.366
4175.000 0.369
4180.000 0.370
4185.000 0.372
4190.000 0.370
4195.000 0.372
4200.000 0.373
4205.000 0.375
4210.000 0.375
4215.000 0.377
4220.000 0.383
4225.000 0.385
4230.000 0.386
4235.000 0.385
4240.000 0.385
4245.000 0.388
4250.000 0.392
4255.000 0.394
4260.000 0.402
4265.000 0.399
4270.000 0.400
4275.000 0.409
4280.000 0.408
4285.000 0.411
4290.000 0.411
4295.000 0.416
4300.000 0.415
4305.000 0.419
4310.000 0.419
4315.000 0.419
4320.000 0.418
4325.000 0.418
4330.000 0.415
4335.000 0.420
4340.000 0.418
4345.000 0.418
4350.000 0.423
4355.000 0.429
4360.000 0.433
4365.000 0.433
4370.000 0.436
4375.000 0.441
4380.000 0.449
4385.000 0.456
4390.000 0.468
4395.000 0.479
4400.000 0.486
4405.000 0.496
4410.000 0.511
4415.000 0.520
4420.000 0.530
4425.000 0.543
4430.000 0.555
4435.000 0.569
4440.000 0.585
4445.000 0.599
4450.000 0.617
4455.000 0.635
4460.000 0.655
4465.000 0.677
4470.000 0.696
4475.000 0.719
4480.000 0.749
4485.000 0.754
4490.000 0.775
4495.000 0.808
4500.000 0.841
4505.000 0.878
4510.000 0.916
4515.000 0.960
4520.000 1.007
4525.000 1.062
4530.000 1.126
4535.000 1.187
4540.000 1.260
4545.000 1.343
4550.000 1.440
4555.000 1.546
4560.000 1.673
4565.000 1.817
4570.000 1.988
4575.000 2.191
4580.000 2.439
4585.000 2.753
4590.000 3.125
4595.000 3.582
4600.000 3.582
4605.000 4.153
4610.000 4.854
4615.000 5.676
4620.000 6.565
4625.000 7.342
4630.000 7.666
4635.000 7.277
4640.000 6.312
4645.000 5.298
4650.000 4.521
4655.000 3.932
4660.000 3.478
4665.000 3.122
4670.000 2.825
4675.000 2.592
4680.000 2.394
4685.000 2.240
4690.000 2.097
4695.000 1.970
4700.000 1.864
4705.000 1.763
4710.000 1.677
4715.000 1.596
4720.000 1.523
4725.000 1.523
4730.000 1.453
4735.000 1.396
4740.000 1.337
4745.000 1.284
4750.000 1.227
4755.000 1.176
4760.000 1.124
4765.000 1.077
4770.000 1.027
4775.000 0.985
4780.000 0.938
4785.000 0.895
4790.000 0.856
4795.000 0.814
4800.000 0.776
4805.000 0.740
4810.000 0.707
4815.000 0.669
4820.000 0.637
4825.000 0.609
4830.000 0.583
4835.000 0.560
4840.000 0.539
4845.000 0.519
4850.000 0.519
4855.000 0.508
4860.000 0.494
4865.000 0.481
4870.000 0.472
4875.000 0.467
4880.000 0.463
4885.000 0.464
4890.000 0.462
4895.000 0.464
4900.000 0.471
4905.000 0.474
4910.000 0.483
4915.000 0.494
4920.000 0.497
4925.000 0.508
4930.000 0.520
4935.000 0.537
4940.000 0.552
4945.000 0.564
4950.000 0.579
4955.000 0.594
4960.000 0.611
4965.000 0.627
4970.000 0.641
4975.000 0.641
4980.000 0.664
4985.000 0.677
4990.000 0.696
4995.000 0.717
5000.000 0.734
5005.000 0.752
5010.000 0.771
5015.000 0.792
5020.000 0.811
5025.000 0.830
5030.000 0.850
5035.000 0.868
5040.000 0.891
5045.000 0.907
5050.000 0.930
5055.000 0.948
5060.000 0.966
5065.000 0.983
5070.000 1.004
5075.000 1.023
5080.000 1.039
5085.000 1.039
5090.000 1.052
5095.000 1.070
5100.000 1.088
5105.000 1.097
5110.000 1.110
5115.000 1.123
5120.000 1.130
5125.000 1.143
5130.000 1.143
5135.000 1.152
5140.000 1.153
5145.000 1.154
5150.000 1.158
5155.000 1.151
5160.000 1.141
5165.000 1.124
5170.000 1.101
5175.000 1.064
5180.000 1.030
5185.000 1.009
5190.000 0.998
5195.000 1.006
5200.000 1.022
5205.000 1.040
5210.000 1.040
5215.000 1.058
5220.000 1.077
5225.000 1.092
5230.000 1.107
5235.000 1.124
5240.000 1.134
5245.000 1.146
5250.000 1.158
5255.000 1.167
5260.000 1.173
5265.000 1.181
5270.000 1.190
5275.000 1.191
5280.000 1.194
5285.000 1.197
5290.000 1.201
5295.000 1.204
5300.000 1.207
5305.000 1.205
5310.000 1.205
5315.000 1.207
5320.000 1.204
5325.000 1.206
5330.000 1.203
5335.000 1.203
5340.000 1.206
5345.000 1.207
5350.000 1.208
5355.000 1.205
5360.000 1.208
5365.000 1.207
5370.000 1.206
5375.000 1.209
5380.000 1.211
5385.000 1.210
5390.000 1.208
5395.000 1.213
5400.000 1.218
5405.000 1.215
5410.000 1.217
5415.000 1.224
5420.000 1.228
5425.000 1.228
5430.000 1.232
5435.000 1.236
5440.000 1.241
5445.000 1.245
5450.000 1.257
5455.000 1.260
5460.000 1.269
5465.000 1.269
5470.000 1.273
5475.000 1.282
5480.000 1.293
5485.000 1.305
5490.000 1.309
5495.000 1.321
5500.000 1.334
5505.000 1.346
5510.000 1.359
5515.000 1.372
5520.000 1.384
5525.000 1.403
5530.000 1.420
5535.000 1.437
5540.000 1.454
5545.000 1.478
5550.000 1.496
5555.000 1.518
5560.000 1.542
5565.000 1.566
5570.000 1.600
5575.000 1.600
5580.000 1.621
5585.000 1.653
5590.000 1.690
5595.000 1.725
5600.000 1.761
5605.000 1.804
5610.000 1.841
5615.000 1.890
5620.000 1.937
5625.000 1.993
5630.000 2.046
5635.000 2.113
5640.000 2.178
5645.000 2.249
5650.000 2.325
5655.000 2.409
5660.000 2.501
5665.000 2.594
5670.000 2.702
5675.000 2.822
5680.000 2.952
5685.000 3.097
5690.000 3.264
5695.000 3.443
5700.000 3.443
5705.000 3.639
5710.000 3.876
5715.000 4.143
5720.000 4.448
5725.000 4.802
5730.000 5.214
5735.000 5.711
5740.000 6.297
5745.000 7.003
5750.000 7.883
5755.000 8.926
5760.000 10.085
5765.000 11.571
5770.000 13.209
5775.000 14.733
5780.000 15.707
5785.000 15.538
5790.000 14.057
5795.000 11.921
5800.000 10.017
5805.000 8.568
5810.000 7.443
5815.000 6.530
5820.000 5.812
5825.000 5.812
5830.000 5.227
5835.000 4.699
5840.000 4.304
5845.000 3.960
5850.000 3.666
5855.000 3.422
5860.000 3.202
5865.000 3.005
5870.000 2.839
5875.000 2.674
5880.000 2.535
5885.000 2.412
5890.000 2.300
5895.000 2.196
5900.000 2.099
5905.000 2.017
5910.000 1.935
5915.000 1.861
5920.000 1.790
5925.000 1.730
5930.000 1.675
5935.000 1.619
5940.000 1.569
5945.000 1.521
5950.000 1.521
5955.000 1.474
5960.000 1.432
5965.000 1.392
5970.000 1.349
5975.000 1.314
5980.000 1.281
5985.000 1.250
5990.000 1.220
5995.000 1.190
6000.000 1.165
6005.000 1.133
6010.000 1.112
6015.000 1.091
6020.000 1.069
6025.000 1.045
6030.000 1.026
6035.000 1.007
6040.000 0.989
6045.000 0.974
6050.000 0.957
6055.000 0.941
6060.000 0.941
6065.000 0.924
6070.000 0.913
6075.000 0.895
6080.000 0.882
6085.000 0.869
6090.000 0.860
6095.000 0.847
6100.000 0.832
6105.000 0.822
6110.000 0.812
6115.000 0.803
6120.000 0.793
6125.000 0.784
6130.000 0.776
6135.000 0.767
6140.000 0.758
6145.000 0.754
6150.000 0.744
6155.000 0.736
6160.000 0.727
6165.000 0.720
6170.000 0.715
6175.000 0.709
6180.000 0.701
6185.000 0.701
6190.000 0.697
6195.000 0.691
6200.000 0.686
6205.000 0.685
6210.000 0.677
6215.000 0.671
6220.000 0.669
6225.000 0.664
6230.000 0.660
6235.000 0.655
6240.000 0.650
6245.000 0.646
6250.000 0.648
6255.000 0.638
6260.000 0.639
6265.000 0.634
6270.000 0.631
6275.000 0.631
6280.000 0.622
6285.000 0.622
6290.000 0.623
6295.000 0.618
6300.000 0.618
6305.000 0.612
6310.000 0.612
6315.000 0.612
6320.000 0.611
6325.000 0.609
6330.000 0.608
6335.000 0.608
6340.000 0.604
6345.000 0.603
6350.000 0.604
6355.000 0.603
6360.000 0.601
6365.000 0.600
6370.000 0.603
6375.000 0.602
6380.000 0.599
6385.000 0.602
6390.000 0.599
6395.000 0.604
6400.000 0.603
6405.000 0.605
6410.000 0.603
6415.000 0.607
6420.000 0.605
6425.000 0.607
6430.000 0.609
6435.000 0.609
6440.000 0.612
6445.000 0.607
6450.000 0.616
6455.000 0.617
6460.000 0.617
6465.000 0.616
6470.000 0.622
6475.000 0.625
6480.000 0.627
6485.000 0.630
6490.000 0.633
6495.000 0.637
6500.000 0.637
6505.000 0.641
6510.000 0.641
6515.000 0.654
6520.000 0.652
6525.000 0.654
6530.000 0.661
6535.000 0.666
6540.000 0.668
6545.000 0.668
6550.000 0.676
6555.000 0.680
6560.000 0.686
6565.000 0.692
6570.000 0.696
6575.000 0.703
6580.000 0.709
6585.000 0.716
6590.000 0.723
6595.000 0.732
6600.000 0.738
6605.000 0.747
6610.000 0.756
6615.000 0.765
6620.000 0.777
6625.000 0.785
6630.000 0.794
6635.000 0.804
6640.000 0.815
6645.000 0.825
6650.000 0.837
6655.000 0.848
6660.000 0.862
6665.000 0.879
6670.000 0.879
6675.000 0.891
6680.000 0.908
6685.000 0.923
6690.000 0.936
6695.000 0.953
6700.000 0.972
6705.000 0.993
6710.000 1.012
6715.000 1.032
6720.000 1.056
6725.000 1.076
6730.000 1.104
6735.000 1.131
6740.000 1.154
6745.000 1.186
6750.000 1.219
6755.000 1.245
6760.000 1.279
6765.000 1.317
6770.000 1.354
6775.000 1.403
6780.000 1.445
6785.000 1.491
6790.000 1.547
6795.000 1.547
6800.000 1.601
6805.000 1.667
6810.000 1.734
6815.000 1.810
6820.000 1.892
6825.000 1.981
6830.000 2.080
6835.000 2.185
6840.000 2.309
6845.000 2.439
6850.000 2.589
6855.000 2.754
6860.000 2.949
6865.000 3.170
6870.000 3.432
6875.000 3.730
6880.000 4.074
6885.000 4.501
6890.000 4.996
6895.000 5.594
6900.000 6.349
6905.000 7.263
6910.000 8.311
6915.000 9.532
6920.000 9.532
6925.000 10.728
6930.000 11.602
6935.000 11.763
6940.000 11.058
6945.000 9.631
6950.000 8.180
6955.000 6.994
6960.000 5.973
6965.000 5.241
6970.000 4.664
6975.000 4.218
6980.000 3.815
6985.000 3.503
6990.000 3.225
6995.000 2.996
7000.000 2.793
7005.000 2.600
7010.000 2.438
7015.000 2.306
7020.000 2.186
7025.000 2.073
7030.000 2.073
7035.000 1.975
7040.000 1.885
7045.000 1.804
7050.000 1.728
7055.000 1.659
7060.000 1.596
7065.000 1.539
7070.000 1.487
7075.000 1.433
7080.000 1.384
7085.000 1.345
7090.000 1.303
7095.000 1.263
7100.000 1.225
7105.000 1.191
7110.000 1.160
7115.000 1.132
7120.000 1.098
7125.000 1.072
7130.000 1.046
7135.000 1.021
7140.000 0.997
7145.000 0.976
7150.000 0.952
7155.000 0.952
7160.000 0.934
7165.000 0.910
7170.000 0.889
7175.000 0.873
7180.000 0.854
7185.000 0.840
7190.000 0.815
7195.000 0.801
7200.000 0.781
7205.000 0.769
7210.000 0.754
7215.000 0.740
7220.000 0.730
7225.000 0.712
7230.000 0.701
7235.000 0.691
7240.000 0.678
7245.000 0.670
7250.000 0.653
7255.000 0.647
7260.000 0.634
7265.000 0.628
7270.000 0.621
7275.000 0.610
7280.000 0.601
7285.000 0.601
7290.000 0.597
7295.000 0.594
7300.000 0.582
7305.000 0.577
7310.000 0.572
7315.000 0.564
7320.000 0.562
7325.000 0.558
7330.000 0.555
7335.000 0.549
7340.000 0.543
7345.000 0.543
7350.000 0.538
7355.000 0.533
7360.000 0.529
7365.000 0.526
7370.000 0.522
7375.000 0.520
7380.000 0.515
7385.000 0.511
7390.000 0.510
7395.000 0.507
7400.000 0.503
7405.000 0.501
7410.000 0.501
7415.000 0.493
7420.000 0.492
7425.000 0.488
7430.000 0.484
7435.000 0.481
7440.000 0.477
7445.000 0.490
7450.000 0.509
7455.000 0.525
7460.000 0.535
7465.000 0.539
7470.000 0.541
7475.000 0.541
7480.000 0.540
7485.000 0.539
7490.000 0.535
7495.000 0.536
7500.000 0.532
7505.000 0.531
7510.000 0.530
7515.000 0.530
7520.000 0.530
7525.000 0.529
7530.000 0.528
7535.000 0.519
7540.000 0.522
7545.000 0.519
7550.000 0.523
7555.000 0.518
7560.000 0.520
7565.000 0.519
7570.000 0.523
7575.000 0.523
7580.000 0.521
7585.000 0.522
7590.000 0.522
7595.000 0.530
7600.000 0.527
7605.000 0.526
7610.000 0.531
7615.000 0.529
7620.000 0.533
7625.000 0.532
7630.000 0.538
7635.000 0.543
7640.000 0.544
7645.000 0.544
7650.000 0.544
7655.000 0.546
7660.000 0.550
7665.000 0.554
7670.000 0.559
7675.000 0.561
7680.000 0.564
7685.000 0.567
7690.000 0.571
7695.000 0.574
7700.000 0.576
7705.000 0.581
7710.000 0.586
7715.000 0.595
7720.000 0.600
7725.000 0.602
7730.000 0.611
7735.000 0.613
7740.000 0.624
7745.000 0.629
7750.000 0.639
7755.000 0.639
7760.000 0.647
7765.000 0.656
7770.000 0.656
7775.000 0.667
7780.000 0.675
7785.000 0.683
7790.000 0.691
7795.000 0.703
7800.000 0.709
7805.000 0.718
7810.000 0.733
7815.000 0.740
7820.000 0.753
7825.000 0.766
7830.000 0.777
7835.000 0.794
7840.000 0.809
7845.000 0.817
7850.000 0.835
7855.000 0.853
7860.000 0.868
7865.000 0.886
7870.000 0.905
7875.000 0.922
7880.000 0.945
7885.000 0.971
7890.000 0.995
7895.000 0.995
7900.000 1.018
7905.000 1.045
7910.000 1.080
7915.000 1.106
7920.000 1.138
7925.000 1.176
7930.000 1.214
7935.000 1.252
7940.000 1.296
7945.000 1.344
7950.000 1.407
7955.000 1.462
7960.000 1.523
7965.000 1.587
7970.000 1.664
7975.000 1.734
7980.000 1.797
7985.000 1.858
7990.000 1.938
7995.000 2.049
8000.000 2.188
8005.000 2.188
8010.000 2.347
8015.000 2.523
8020.000 2.720
8025.000 2.961
8030.000 3.230
8035.000 3.562
8040.000 3.894
8045.000 4.352
8050.000 4.862
8055.000 5.447
8060.000 6.044
8065.000 6.611
8070.000 7.039
8075.000 7.393
8080.000 7.744
8085.000 8.053
8090.000 8.088
8095.000 7.601
8100.000 6.727
8105.000 5.827
8110.000 5.090
8115.000 4.476
8120.000 3.911
8125.000 3.529
8130.000 3.529
8135.000 3.201
8140.000 2.930
8145.000 2.698
8150.000 2.504
8155.000 2.331
8160.000 2.183
8165.000 2.053
8170.000 1.944
8175.000 1.836
8180.000 1.743
8185.000 1.662
8190.000 1.591
8195.000 1.520
8200.000 1.460
8205.000 1.403
8210.000 1.348
8215.000 1.298
8220.000 1.253
8225.000 1.207
8230.000 1.167
8235.000 1.129
8240.000 1.098
8245.000 1.064
8250.000 1.031
8255.000 1.031
8260.000 1.007
8265.000 0.980
8270.000 0.955
8275.000 0.926
8280.000 0.904
8285.000 0.885
8290.000 0.864
8295.000 0.843
8300.000 0.827
8305.000 0.809
8310.000 0.790
8315.000 0.777
8320.000 0.761
8325.000 0.749
8330.000 0.733
8335.000 0.719
8340.000 0.708
8345.000 0.699
8350.000 0.686
8355.000 0.673
8360.000 0.663
8365.000 0.655
8370.000 0.645
8375.000 0.633
8380.000 0.633
8385.000 0.627
8390.000 0.616
8395.000 0.608
8400.000 0.602
8405.000 0.596
8410.000 0.587
8415.000 0.582
8420.000 0.573
8425.000 0.568
8430.000 0.562
8435.000 0.557
8440.000 0.548
8445.000 0.539
8450.000 0.538
8455.000 0.533
8460.000 0.525
8465.000 0.523
8470.000 0.517
8475.000 0.514
8480.000 0.511
8485.000 0.507
8490.000 0.507
8495.000 0.501
8500.000 0.500
8505.000 0.494
8510.000 0.490
8515.000 0.485
8520.000 0.485
8525.000 0.482
8530.000 0.478
8535.000 0.474
8540.000 0.471
8545.000 0.473
8550.000 0.466
8555.000 0.470
8560.000 0.465
8565.000 0.463
8570.000 0.460
8575.000 0.460
8580.000 0.456
8585.000 0.455
8590.000 0.454
8595.000 0.450
8600.000 0.453
8605.000 0.448
8610.000 0.448
8615.000 0.448
8620.000 0.451
8625.000 0.444
8630.000 0.446
8635.000 0.445
8640.000 0.446
8645.000 0.442
8650.000 0.442
8655.000 0.445
8660.000 0.444
8665.000 0.441
8670.000 0.443
8675.000 0.442
8680.000 0.443
8685.000 0.444
8690.000 0.445
8695.000 0.447
8700.000 0.452
8705.000 0.451
8710.000 0.451
8715.000 0.449
8720.000 0.443
8725.000 0.443
8730.000 0.440
8735.000 0.442
8740.000 0.442
8745.000 0.442
8750.000 0.445
8755.000 0.443
8760.000 0.448
8765.000 0.448
8770.000 0.451
8775.000 0.454
8780.000 0.454
8785.000 0.457
8790.000 0.458
8795.000 0.463
8800.000 0.466
8805.000 0.465
8810.000 0.468
8815.000 0.470
8820.000 0.476
8825.000 0.478
8830.000 0.484
8835.000 0.485
8840.000 0.486
8845.000 0.492
8850.000 0.495
8855.000 0.501
8860.000 0.504
8865.000 0.504
8870.000 0.505
8875.000 0.510
8880.000 0.514
8885.000 0.522
8890.000 0.522
8895.000 0.532
8900.000 0.536
8905.000 0.541
8910.000 0.548
8915.000 0.552
8920.000 0.559
8925.000 0.565
8930.000 0.572
8935.000 0.576
8940.000 0.587
8945.000 0.595
8950.000 0.601
8955.000 0.609
8960.000 0.617
8965.000 0.625
8970.000 0.634
8975.000 0.647
8980.000 0.647
8985.000 0.659
8990.000 0.665
8995.000 0.682
9000.000 0.694
9005.000 0.706
9010.000 0.718
9015.000 0.732
9020.000 0.745
9025.000 0.765
9030.000 0.780
9035.000 0.795
9040.000 0.810
9045.000 0.828
9050.000 0.853
9055.000 0.869
9060.000 0.895
9065.000 0.921
9070.000 0.945
9075.000 0.973
9080.000 1.003
9085.000 1.035
9090.000 1.070
9095.000 1.108
9100.000 1.144
9105.000 1.144
9110.000 1.193
9115.000 1.241
9120.000 1.296
9125.000 1.351
9130.000 1.411
9135.000 1.480
9140.000 1.553
9145.000 1.641
9150.000 1.740
9155.000 1.839
9160.000 1.961
9165.000 2.097
9170.000 2.253
9175.000 2.434
9180.000 2.642
9185.000 2.873
9190.000 3.106
9195.000 3.410
9200.000 3.727
9205.000 4.048
9210.000 4.306
9215.000 4.476
9220.000 4.575
9225.000 4.707
9230.000 4.707
9235.000 5.000
9240.000 5.424
9245.000 5.837
9250.000 5.998
9255.000 5.772
9260.000 5.211
9265.000 4.579
9270.000 3.952
9275.000 3.481
9280.000 3.107
9285.000 2.797
9290.000 2.539
9295.000 2.327
9300.000 2.146
9305.000 1.996
9310.000 1.858
9315.000 1.734
9320.000 1.635
9325.000 1.541
9330.000 1.464
9335.000 1.388
9340.000 1.321
9345.000 1.260
9350.000 1.205
9355.000 1.205
9360.000 1.155
9365.000 1.109
9370.000 1.065
9375.000 1.026
9380.000 0.989
9385.000 0.955
9390.000 0.924
9395.000 0.896
9400.000 0.865
9405.000 0.841
9410.000 0.817
9415.000 0.799
9420.000 0.775
9425.000 0.754
9430.000 0.733
9435.000 0.713
9440.000 0.697
9445.000 0.678
9450.000 0.660
9455.000 0.649
9460.000 0.634
9465.000 0.634
9470.000 0.622
9475.000 0.604
9480.000 0.595
9485.000 0.583
9490.000 0.569
9495.000 0.560
9500.000 0.550
9505.000 0.542
9510.000 0.532
9515.000 0.523
9520.000 0.513
9525.000 0.502
9530.000 0.496
9535.000 0.490
9540.000 0.481
9545.000 0.477
9550.000 0.467
9555.000 0.460
9560.000 0.455
9565.000 0.452
9570.000 0.442
9575.000 0.441
9580.000 0.433
9585.000 0.426
9590.000 0.426
9595.000 0.423
9600.000 0.418
9605.000 0.412
9610.000 0.412
9615.000 0.406
9620.000 0.403
9625.000 0.398
9630.000 0.391
9635.000 0.390
9640.000 0.389
9645.000 0.383
9650.000 0.384
9655.000 0.378
9660.000 0.375
9665.000 0.375
9670.000 0.371
9675.000 0.367
9680.000 0.364
9685.000 0.364
9690.000 0.360
9695.000 0.361
9700.000 0.356
9705.000 0.356
9710.000 0.354
9715.000 0.354
9720.000 0.350
9725.000 0.350
9730.000 0.344
9735.000 0.344
9740.000 0.343
9745.000 0.341
9750.000 0.343
9755.000 0.339
9760.000 0.337
9765.000 0.334
9770.000 0.334
9775.000 0.335
9780.000 0.332
9785.000 0.334
9790.000 0.334
9795.000 0.334
9800.000 0.329
9805.000 0.328
9810.000 0.332
9815.000 0.330
9820.000 0.330
9825.000 0.332
9830.000 0.333
9835.000 0.332
9840.000 0.332
9845.000 0.333
9850.000 0.333
9855.000 0.340
9860.000 0.339
9865.000 0.338
9870.000 0.334
9875.000 0.337
9880.000 0.334
9885.000 0.332
9890.000 0.336
9895.000 0.333
9900.000 0.331
9905.000 0.332
9910.000 0.333
9915.000 0.334
9920.000 0.337
9925.000 0.336
9930.000 0.336
9935.000 0.339
9940.000 0.340
9945.000 0.340
9950.000 0.340
9955.000 0.342
9960.000 0.340
9965.000 0.344
9970.000 0.343
9975.000 0.346
9980.000 0.349
9985.000 0.347
9990.000 0.353
9995.000 0.355
10000.000 0.354
10005.000 0.355
10010.000 0.359
10015.000 0.360
10020.000 0.367
10025.000 0.365
10030.000 0.369
10035.000 0.373
10040.000 0.375
10045.000 0.380
10050.000 0.383
10055.000 0.388
10060.000 0.396
10065.000 0.402
10070.000 0.406
10075.000 0.406
10080.000 0.409
10085.000 0.418
10090.000 0.424
10095.000 0.431
10100.000 0.436
10105.000 0.446
10110.000 0.452
10115.000 0.454
10120.000 0.463
10125.000 0.472
10130.000 0.476
10135.000 0.485
10140.000 0.494
10145.000 0.503
10150.000 0.512
10155.000 0.519
10160.000 0.527
10165.000 0.543
10170.000 0.551
10175.000 0.558
10180.000 0.572
10185.000 0.586
10190.000 0.598
10195.000 0.615
10200.000 0.615
10205.000 0.626
10210.000 0.643
10215.000 0.660
10220.000 0.678
10225.000 0.697
10230.000 0.718
10235.000 0.741
10240.000 0.763
10245.000 0.789
10250.000 0.813
10255.000 0.848
10260.000 0.882
10265.000 0.912
10270.000 0.954
10275.000 0.995
10280.000 1.040
10285.000 1.092
10290.000 1.148
10295.000 1.210
10300.000 1.281
10305.000 1.355
10310.000 1.428
10315.000 1.531
10320.000 1.643
10325.000 1.643
10330.000 1.765
10335.000 1.914
10340.000 2.081
10345.000 2.293
10350.000 2.521
10355.000 2.804
10360.000 3.123
10365.000 3.491
10370.000 3.878
10375.000 4.258
10380.000 4.552
10385.000 4.671
10390.000 4.547
10395.000 4.198
10400.000 3.750
10405.000 3.295
10410.000 2.903
10415.000 2.578
10420.000 2.270
10425.000 2.030
10430.000 1.845
10435.000 1.845
10440.000 1.691
10445.000 1.568
10450.000 1.454
10455.000 1.354
10460.000 1.272
10465.000 1.190
10470.000 1.124
10475.000 1.060
10480.000 1.008
10485.000 0.953
10490.000 0.913
10495.000 0.879
10500.000 0.841
10505.000 0.806
10510.000 0.774
10515.000 0.744
10520.000 0.718
10525.000 0.692
10530.000 0.672
10535.000 0.650
10540.000 0.632
10545.000 0.611
10550.000 0.594
10555.000 0.577
10560.000 0.577
10565.000 0.564
10570.000 0.550
10575.000 0.535
10580.000 0.515
10585.000 0.503
10590.000 0.492
10595.000 0.484
10600.000 0.474
10605.000 0.466
10610.000 0.455
10615.000 0.447
10620.000 0.441
10625.000 0.435
10630.000 0.426
10635.000 0.419
10640.000 0.413
10645.000 0.407
10650.000 0.400
10655.000 0.394
10660.000 0.388
10665.000 0.381
10670.000 0.380
10675.000 0.370
10680.000 0.366
10685.000 0.366
10690.000 0.359
10695.000 0.355
10700.000 0.349
10705.000 0.346
10710.000 0.342
10715.000 0.338
10720.000 0.334
10725.000 0.328
10730.000 0.324
10735.000 0.319
10740.000 0.316
10745.000 0.313
10750.000 0.310
10755.000 0.305
10760.000 0.304
10765.000 0.299
10770.000 0.299
10775.000 0.296
10780.000 0.291
10785.000 0.287
10790.000 0.285
10795.000 0.284
10800.000 0.284
10805.000 0.278
10810.000 0.277
10815.000 0.277
10820.000 0.274
10825.000 0.277
10830.000 0.270
10835.000 0.268
10840.000 0.266
10845.000 0.264
10850.000 0.262
10855.000 0.260
10860.000 0.260
10865.000 0.262
10870.000 0.259
10875.000 0.258
10880.000 0.255
10885.000 0.254
10890.000 0.255
10895.000 0.252
10900.000 0.251
10905.000 0.252
10910.000 0.248
10915.000 0.249
10920.000 0.249
10925.000 0.249
10930.000 0.250
10935.000 0.246
10940.000 0.247
10945.000 0.245
10950.000 0.247
10955.000 0.246
10960.000 0.246
10965.000 0.244
10970.000 0.245
10975.000 0.241
10980.000 0.244
10985.000 0.245
10990.000 0.241
10995.000 0.243
11000.000 0.247
11005.000 0.243
11010.000 0.247
11015.000 0.242
11020.000 0.245
11025.000 0.242
11030.000 0.245
11035.000 0.247
11040.000 0.246
11045.000 0.247
11050.000 0.247
11055.000 0.246
11060.000 0.245
11065.000 0.247
11070.000 0.250
11075.000 0.249
11080.000 0.249
11085.000 0.249
11090.000 0.254
11095.000 0.253
11100.000 0.253
11105.000 0.256
11110.000 0.253
11115.000 0.256
11120.000 0.259
11125.000 0.263
11130.000 0.262
11135.000 0.264
11140.000 0.268
11145.000 0.268
11150.000 0.268
11155.000 0.269
11160.000 0.274
11165.000 0.275
11170.000 0.277
11175.000 0.277
11180.000 0.279
11185.000 0.279
11190.000 0.284
11195.000 0.288
11200.000 0.289
11205.000 0.294
11210.000 0.296
11215.000 0.298
11220.000 0.302
11225.000 0.305
11230.000 0.308
11235.000 0.314
11240.000 0.316
11245.000 0.320
11250.000 0.324
11255.000 0.329
11260.000 0.334
11265.000 0.338
11270.000 0.341
11275.000 0.347
11280.000 0.353
11285.000 0.359
11290.000 0.365
11295.000 0.372
11300.000 0.372
11305.000 0.377
11310.000 0.384
11315.000 0.391
11320.000 0.400
11325.000 0.407
11330.000 0.418
11335.000 0.428
11340.000 0.435
11345.000 0.446
11350.000 0.457
11355.000 0.468
11360.000 0.474
11365.000 0.487
11370.000 0.497
11375.000 0.506
11380.000 0.519
11385.000 0.533
11390.000 0.553
11395.000 0.572
11400.000 0.590
11405.000 0.613
11410.000 0.636
11415.000 0.664
11420.000 0.667
11425.000 0.694
11430.000 0.725
11435.000 0.761
11440.000 0.796
11445.000 0.840
11450.000 0.884
11455.000 0.928
11460.000 0.979
11465.000 1.048
11470.000 1.114
11475.000 1.195
11480.000 1.286
11485.000 1.387
11490.000 1.520
11495.000 1.671
11500.000 1.830
11505.000 2.021
11510.000 2.239
11515.000 2.484
11520.000 2.740
11525.000 2.989
11530.000 3.174
11535.000 3.174
11540.000 3.240
11545.000 3.163
11550.000 2.949
11555.000 2.667
11560.000 2.374
11565.000 2.115
11570.000 1.886
11575.000 1.656
11580.000 1.509
11585.000 1.379
11590.000 1.267
11595.000 1.166
11600.000 1.083
11605.000 1.016
11610.000 0.947
11615.000 0.893
11620.000 0.842
11625.000 0.798
11630.000 0.756
11635.000 0.727
11640.000 0.693
11645.000 0.663
11650.000 0.631
11655.000 0.606
11660.000 0.606
11665.000 0.582
11670.000 0.559
11675.000 0.540
11680.000 0.520
11685.000 0.505
11690.000 0.487
11695.000 0.472
11700.000 0.457
11705.000 0.444
11710.000 0.432
11715.000 0.419
11720.000 0.409
11725.000 0.398
11730.000 0.387
11735.000 0.378
11740.000 0.370
11745.000 0.360
11750.000 0.351
11755.000 0.345
11760.000 0.337
11765.000 0.331
11770.000 0.325
11775.000 0.316
11780.000 0.310
11785.000 0.310
11790.000 0.304
11795.000 0.299
11800.000 0.295
11805.000 0.291
11810.000 0.285
11815.000 0.281
11820.000 0.276
11825.000 0.271
11830.000 0.268
11835.000 0.263
11840.000 0.259
11845.000 0.258
11850.000 0.256
11855.000 0.252
11860.000 0.247
11865.000 0.243
11870.000 0.241
11875.000 0.239
11880.000 0.235
11885.000 0.235
11890.000 0.228
11895.000 0.227
11900.000 0.224
11905.000 0.225
11910.000 0.225
11915.000 0.221
11920.000 0.219
11925.000 0.216
11930.000 0.216
11935.000 0.213
11940.000 0.210
11945.000 0.208
11950.000 0.209
11955.000 0.206
11960.000 0.205
11965.000 0.205
11970.000 0.201
11975.000 0.201
11980.000 0.200
11985.000 0.198
11990.000 0.196
11995.000 0.196
12000.000 0.194
