105.000 0.135
110.000 0.191
115.000 0.323
120.000 0.319
125.000 0.318
130.000 0.309
135.000 0.347
140.000 0.320
145.000 0.361
150.000 0.328
155.000 0.383
160.000 0.381
165.000 0.433
170.000 0.360
175.000 0.430
180.000 0.450
185.000 0.429
190.000 0.465
195.000 0.443
200.000 0.442
205.000 0.484
210.000 0.500
215.000 0.475
220.000 0.474
225.000 0.494
230.000 0.572
235.000 0.572
240.000 0.525
245.000 0.520
250.000 0.544
255.000 0.622
260.000 0.523
265.000 0.523
270.000 0.598
275.000 0.625
280.000 0.644
285.000 0.651
290.000 0.658
295.000 0.703
300.000 0.696
305.000 0.753
310.000 0.749
315.000 0.782
320.000 0.766
325.000 0.798
330.000 0.814
335.000 0.844
340.000 0.907
345.000 0.902
350.000 0.986
355.000 0.986
360.000 1.035
365.000 1.080
370.000 1.080
375.000 1.091
380.000 1.169
385.000 1.241
390.000 1.241
395.000 1.272
400.000 1.332
405.000 1.433
410.000 1.481
415.000 1.537
420.000 1.630
425.000 1.707
430.000 1.801
435.000 1.873
440.000 1.931
445.000 1.979
450.000 2.063
455.000 2.128
460.000 2.189
465.000 2.240
470.000 2.277
475.000 2.287
480.000 2.287
485.000 2.257
490.000 2.245
495.000 2.235
500.000 2.175
505.000 2.147
510.000 2.109
515.000 2.109
520.000 2.052
525.000 2.011
530.000 1.943
535.000 1.902
540.000 1.890
545.000 1.833
550.000 1.803
555.000 1.766
560.000 1.698
565.000 1.652
570.000 1.597
575.000 1.562
580.000 1.508
585.000 1.461
590.000 1.429
595.000 1.404
600.000 1.360
605.000 1.336
610.000 1.306
615.000 1.291
620.000 1.262
625.000 1.244
630.000 1.217
635.000 1.217
640.000 1.206
645.000 1.172
650.000 1.159
655.000 1.137
660.000 1.145
665.000 1.112
670.000 1.121
675.000 1.115
680.000 1.105
685.000 1.110
690.000 1.095
695.000 1.086
700.000 1.090
705.000 1.092
710.000 1.101
715.000 1.102
720.000 1.102
725.000 1.096
730.000 1.126
735.000 1.128
740.000 1.124
745.000 1.135
750.000 1.135
755.000 1.171
760.000 1.192
765.000 1.226
770.000 1.230
775.000 1.231
780.000 1.288
785.000 1.336
790.000 1.415
795.000 1.433
800.000 1.493
805.000 1.590
810.000 1.670
815.000 1.699
820.000 1.848
825.000 2.004
830.000 2.148
835.000 2.343
840.000 2.592
845.000 2.955
850.000 3.413
855.000 3.855
860.000 4.501
865.000 5.238
870.000 5.815
875.000 5.815
880.000 5.933
885.000 5.163
890.000 3.872
895.000 2.972
900.000 2.410
905.000 1.988
910.000 1.670
915.000 1.408
920.000 1.191
925.000 1.052
930.000 0.891
935.000 0.879
940.000 0.782
945.000 0.604
950.000 0.595
955.000 0.654
960.000 0.528
965.000 0.565
970.000 0.480
975.000 0.501
980.000 0.434
985.000 0.437
990.000 0.401
995.000 0.384
1000.000 0.384
1005.000 0.359
1010.000 0.338
1015.000 0.332
1020.000 0.309
1025.000 0.291
1030.000 0.281
1035.000 0.282
1040.000 0.270
1045.000 0.264
1050.000 0.266
1055.000 0.243
1060.000 0.234
1065.000 0.247
1070.000 0.232
1075.000 0.226
1080.000 0.221
1085.000 0.212
1090.000 0.212
1095.000 0.217
1100.000 0.217
1105.000 0.206
1110.000 0.206
1115.000 0.204
1120.000 0.215
1125.000 0.215
1130.000 0.212
1135.000 0.212
1140.000 0.216
1145.000 0.206
1150.000 0.221
1155.000 0.217
1160.000 0.210
1165.000 0.212
1170.000 0.216
1175.000 0.220
1180.000 0.221
1185.000 0.234
1190.000 0.222
1195.000 0.225
1200.000 0.233
1205.000 0.236
1210.000 0.237
1215.000 0.237
1220.000 0.243
1225.000 0.245
1230.000 0.245
1235.000 0.243
1240.000 0.260
1245.000 0.250
1250.000 0.252
1255.000 0.269
1260.000 0.276
1265.000 0.275
1270.000 0.276
1275.000 0.293
1280.000 0.286
1285.000 0.287
1290.000 0.297
1295.000 0.308
1300.000 0.312
1305.000 0.309
1310.000 0.320
1315.000 0.328
1320.000 0.335
1325.000 0.344
1330.000 0.338
1335.000 0.338
1340.000 0.353
1345.000 0.374
1350.000 0.377
1355.000 0.385
1360.000 0.385
1365.000 0.383
1370.000 0.387
1375.000 0.396
1380.000 0.419
1385.000 0.426
1390.000 0.428
1395.000 0.434
1400.000 0.445
1405.000 0.458
1410.000 0.470
1415.000 0.474
1420.000 0.485
1425.000 0.496
1430.000 0.509
1435.000 0.526
1440.000 0.543
1445.000 0.543
1450.000 0.562
1455.000 0.562
1460.000 0.597
1465.000 0.597
1470.000 0.634
1475.000 0.634
1480.000 0.671
1485.000 0.671
1490.000 0.687
1495.000 0.719
1500.000 0.741
1505.000 0.771
1510.000 0.800
1515.000 0.812
1520.000 0.848
1525.000 0.881
1530.000 0.903
1535.000 0.936
1540.000 0.978
1545.000 1.003
1550.000 1.050
1555.000 1.089
1560.000 1.126
1565.000 1.166
1570.000 1.235
1575.000 1.260
1580.000 1.333
1585.000 1.379
1590.000 1.439
1595.000 1.439
1600.000 1.581
1605.000 1.652
1610.000 1.652
1615.000 1.720
1620.000 1.791
1625.000 1.892
1630.000 2.011
1635.000 2.104
1640.000 2.243
1645.000 2.384
1650.000 2.506
1655.000 2.650
1660.000 2.816
1665.000 3.012
1670.000 3.179
1675.000 3.374
1680.000 3.627
1685.000 3.894
1690.000 4.150
1695.000 4.444
1700.000 4.769
1705.000 5.091
1710.000 5.429
1715.000 5.429
1720.000 6.037
1725.000 6.037
1730.000 6.207
1735.000 6.281
1740.000 6.162
1745.000 5.901
1750.000 5.525
1755.000 5.171
1760.000 4.857
1765.000 4.590
1770.000 4.374
1775.000 4.190
1780.000 4.034
1785.000 3.906
1790.000 3.777
1795.000 3.666
1800.000 3.570
1805.000 3.477
1810.000 3.389
1815.000 3.314
1820.000 3.230
1825.000 3.170
1830.000 3.101
1835.000 3.045
1840.000 2.984
1845.000 2.927
1850.000 2.927
1855.000 2.870
1860.000 2.831
1865.000 2.787
1870.000 2.748
1875.000 2.693
1880.000 2.660
1885.000 2.638
1890.000 2.589
1895.000 2.551
1900.000 2.519
1905.000 2.508
1910.000 2.491
1915.000 2.430
1920.000 2.415
1925.000 2.438
1930.000 2.401
1935.000 2.371
1940.000 2.321
1945.000 2.335
1950.000 2.280
1955.000 2.276
1960.000 2.246
1965.000 2.238
1970.000 2.231
1975.000 2.231
1980.000 2.225
1985.000 2.206
1990.000 2.191
1995.000 2.159
2000.000 2.145
2005.000 2.151
2010.000 2.129
2015.000 2.122
2020.000 2.107
2025.000 2.093
2030.000 2.087
2035.000 2.059
2040.000 2.056
2045.000 2.047
2050.000 2.030
2055.000 2.019
2060.000 2.012
2065.000 1.995
2070.000 1.983
2075.000 1.974
2080.000 1.974
2085.000 1.954
2090.000 1.942
2095.000 1.927
2100.000 1.927
2105.000 1.914
2110.000 1.900
2115.000 1.893
2120.000 1.872
2125.000 1.868
2130.000 1.851
2135.000 1.842
2140.000 1.822
2145.000 1.818
2150.000 1.802
2155.000 1.802
2160.000 1.793
2165.000 1.776
2170.000 1.765
2175.000 1.756
2180.000 1.747
2185.000 1.739
2190.000 1.739
2195.000 1.715
2200.000 1.706
2205.000 1.704
2210.000 1.704
2215.000 1.692
2220.000 1.685
2225.000 1.679
2230.000 1.673
2235.000 1.663
2240.000 1.663
2245.000 1.664
2250.000 1.650
2255.000 1.645
2260.000 1.646
2265.000 1.639
2270.000 1.638
2275.000 1.634
2280.000 1.634
2285.000 1.633
2290.000 1.631
2295.000 1.628
2300.000 1.629
2305.000 1.629
2310.000 1.630
2315.000 1.628
2320.000 1.638
2325.000 1.640
2330.000 1.645
2335.000 1.645
2340.000 1.653
2345.000 1.654
2350.000 1.663
2355.000 1.676
2360.000 1.680
2365.000 1.684
2370.000 1.698
2375.000 1.711
2380.000 1.726
2385.000 1.733
2390.000 1.756
2395.000 1.770
2400.000 1.793
2405.000 1.806
2410.000 1.833
2415.000 1.854
2420.000 1.877
2425.000 1.908
2430.000 1.930
2435.000 1.967
2440.000 1.999
2445.000 2.036
2450.000 2.073
2455.000 2.118
2460.000 2.118
2465.000 2.161
2470.000 2.208
2475.000 2.263
2480.000 2.319
2485.000 2.380
2490.000 2.458
2495.000 2.528
2500.000 2.606
2505.000 2.700
2510.000 2.796
2515.000 2.902
2520.000 3.031
2525.000 3.155
2530.000 3.310
2535.000 3.473
2540.000 3.667
2545.000 3.874
2550.000 4.104
2555.000 4.393
2560.000 4.712
2565.000 5.064
2570.000 5.064
2575.000 6.024
2580.000 6.640
2585.000 6.640
2590.000 7.367
2595.000 8.228
2600.000 9.228
2605.000 10.347
2610.000 11.530
2615.000 12.540
2620.000 13.100
2625.000 12.883
2630.000 11.699
2635.000 10.252
2640.000 8.841
2645.000 7.680
2650.000 6.736
2655.000 6.736
2660.000 5.339
2665.000 4.820
2670.000 4.380
2675.000 4.380
2680.000 3.701
2685.000 3.430
2690.000 3.186
2695.000 3.186
2700.000 2.986
2705.000 2.798
2710.000 2.628
2715.000 2.490
2720.000 2.354
2725.000 2.231
2730.000 2.128
2735.000 2.033
2740.000 1.938
2745.000 1.859
2750.000 1.781
2755.000 1.714
2760.000 1.647
2765.000 1.586
2770.000 1.534
2775.000 1.485
2780.000 1.428
2785.000 1.387
2790.000 1.347
2795.000 1.302
2800.000 1.267
2805.000 1.231
2810.000 1.197
2815.000 1.167
2820.000 1.167
2825.000 1.138
2830.000 1.114
2835.000 1.086
2840.000 1.063
2845.000 1.035
2850.000 1.006
2855.000 0.989
2860.000 0.972
2865.000 0.951
2870.000 0.935
2875.000 0.914
2880.000 0.900
2885.000 0.888
2890.000 0.867
2895.000 0.855
2900.000 0.838
2905.000 0.827
2910.000 0.812
2915.000 0.808
2920.000 0.808
2925.000 0.783
2930.000 0.771
2935.000 0.771
2940.000 0.755
2945.000 0.755
2950.000 0.745
2955.000 0.735
2960.000 0.726
2965.000 0.717
2970.000 0.714
2975.000 0.709
2980.000 0.703
2985.000 0.695
2990.000 0.691
2995.000 0.687
3000.000 0.677
3005.000 0.672
3010.000 0.673
3015.000 0.666
3020.000 0.657
3025.000 0.656
3030.000 0.655
3035.000 0.651
3040.000 0.646
3045.000 0.650
3050.000 0.646
3055.000 0.640
3060.000 0.640
3065.000 0.640
3070.000 0.640
3075.000 0.633
3080.000 0.634
3085.000 0.636
3090.000 0.635
3095.000 0.633
3100.000 0.635
3105.000 0.629
3110.000 0.639
3115.000 0.635
3120.000 0.635
3125.000 0.639
3130.000 0.640
3135.000 0.641
3140.000 0.642
3145.000 0.648
3150.000 0.648
3155.000 0.649
3160.000 0.656
3165.000 0.657
3170.000 0.662
3175.000 0.667
3180.000 0.667
3185.000 0.670
3190.000 0.677
3195.000 0.680
3200.000 0.684
3205.000 0.695
3210.000 0.700
3215.000 0.705
3220.000 0.713
3225.000 0.722
3230.000 0.734
3235.000 0.739
3240.000 0.749
3245.000 0.759
3250.000 0.769
3255.000 0.781
3260.000 0.794
3265.000 0.794
3270.000 0.821
3275.000 0.821
3280.000 0.851
3285.000 0.870
3290.000 0.870
3295.000 0.910
3300.000 0.926
3305.000 0.926
3310.000 0.944
3315.000 0.975
3320.000 1.000
3325.000 1.024
3330.000 1.053
3335.000 1.088
3340.000 1.120
3345.000 1.159
3350.000 1.203
3355.000 1.251
3360.000 1.290
3365.000 1.348
3370.000 1.404
3375.000 1.470
3380.000 1.542
3385.000 1.622
3390.000 1.718
3395.000 1.809
3400.000 1.926
3405.000 2.061
3410.000 2.215
3415.000 2.387
3420.000 2.582
3425.000 2.829
3430.000 2.829
3435.000 3.123
3440.000 3.484
3445.000 3.930
3450.000 4.494
3455.000 5.197
3460.000 6.050
3465.000 7.102
3470.000 8.229
3475.000 9.169
3480.000 9.434
3485.000 8.637
3490.000 7.111
3495.000 5.757
3500.000 4.791
3505.000 4.094
3510.000 3.558
3515.000 3.558
3520.000 2.813
3525.000 2.540
3530.000 2.540
3535.000 2.129
3540.000 1.965
3545.000 1.820
3550.000 1.701
3555.000 1.600
3560.000 1.600
3565.000 1.508
3570.000 1.425
3575.000 1.346
3580.000 1.283
3585.000 1.223
3590.000 1.169
3595.000 1.120
3600.000 1.075
3605.000 1.037
3610.000 0.993
3615.000 0.958
3620.000 0.922
3625.000 0.888
3630.000 0.866
3635.000 0.836
3640.000 0.809
3645.000 0.793
3650.000 0.763
3655.000 0.744
3660.000 0.723
3665.000 0.707
3670.000 0.707
3675.000 0.689
3680.000 0.676
3685.000 0.659
3690.000 0.643
3695.000 0.632
3700.000 0.619
3705.000 0.608
3710.000 0.593
3715.000 0.583
3720.000 0.573
3725.000 0.561
3730.000 0.553
3735.000 0.543
3740.000 0.537
3745.000 0.528
3750.000 0.516
3755.000 0.508
3760.000 0.507
3765.000 0.497
3770.000 0.491
3775.000 0.485
3780.000 0.485
3785.000 0.475
3790.000 0.468
3795.000 0.468
3800.000 0.462
3805.000 0.461
3810.000 0.454
3815.000 0.448
3820.000 0.446
3825.000 0.441
3830.000 0.440
3835.000 0.434
3840.000 0.428
3845.000 0.429
3850.000 0.429
3855.000 0.421
3860.000 0.419
3865.000 0.421
3870.000 0.415
3875.000 0.416
3880.000 0.418
3885.000 0.410
3890.000 0.409
3895.000 0.404
3900.000 0.400
3905.000 0.402
3910.000 0.405
3915.000 0.402
3920.000 0.402
3925.000 0.401
3930.000 0.396
3935.000 0.398
3940.000 0.398
3945.000 0.396
3950.000 0.400
3955.000 0.398
3960.000 0.398
3965.000 0.398
3970.000 0.399
3975.000 0.403
3980.000 0.403
3985.000 0.402
3990.000 0.401
3995.000 0.409
4000.000 0.410
4005.000 0.406
4010.000 0.411
4015.000 0.411
4020.000 0.411
4025.000 0.419
4030.000 0.417
4035.000 0.422
4040.000 0.425
4045.000 0.425
4050.000 0.430
4055.000 0.431
4060.000 0.433
4065.000 0.440
4070.000 0.443
4075.000 0.446
4080.000 0.453
4085.000 0.459
4090.000 0.464
4095.000 0.474
4100.000 0.475
4105.000 0.480
4110.000 0.492
4115.000 0.498
4120.000 0.498
4125.000 0.512
4130.000 0.522
4135.000 0.533
4140.000 0.545
4145.000 0.557
4150.000 0.563
4155.000 0.563
4160.000 0.578
4165.000 0.591
4170.000 0.607
4175.000 0.617
4180.000 0.638
4185.000 0.656
4190.000 0.671
4195.000 0.689
4200.000 0.712
4205.000 0.733
4210.000 0.763
4215.000 0.787
4220.000 0.824
4225.000 0.852
4230.000 0.887
4235.000 0.928
4240.000 0.972
4245.000 1.023
4250.000 1.081
4255.000 1.140
4260.000 1.216
4265.000 1.299
4270.000 1.391
4275.000 1.495
4280.000 1.495
4285.000 1.619
4290.000 1.764
4295.000 1.944
4300.000 2.152
4305.000 2.399
4310.000 2.723
4315.000 3.114
4320.000 3.614
4325.000 4.212
4330.000 4.898
4335.000 5.538
4340.000 5.849
4345.000 5.515
4350.000 4.567
4355.000 3.677
4360.000 3.006
4365.000 2.538
4370.000 2.182
4375.000 1.916
4380.000 1.706
4385.000 1.535
4390.000 1.395
4395.000 1.395
4400.000 1.185
4405.000 1.185
4410.000 1.100
4415.000 1.035
4420.000 0.970
4425.000 0.911
4430.000 0.860
4435.000 0.819
4440.000 0.782
4445.000 0.744
4450.000 0.711
4455.000 0.684
4460.000 0.655
4465.000 0.634
4470.000 0.611
4475.000 0.591
4480.000 0.572
4485.000 0.555
4490.000 0.538
4495.000 0.538
4500.000 0.526
4505.000 0.500
4510.000 0.500
4515.000 0.477
4520.000 0.466
4525.000 0.458
4530.000 0.458
4535.000 0.451
4540.000 0.441
4545.000 0.435
4550.000 0.431
4555.000 0.422
4560.000 0.418
4565.000 0.413
4570.000 0.406
4575.000 0.404
4580.000 0.400
4585.000 0.397
4590.000 0.393
4595.000 0.391
4600.000 0.389
4605.000 0.389
4610.000 0.387
4615.000 0.385
4620.000 0.387
4625.000 0.382
4630.000 0.384
4635.000 0.387
4640.000 0.387
4645.000 0.387
4650.000 0.387
4655.000 0.388
4660.000 0.390
4665.000 0.389
4670.000 0.390
4675.000 0.393
4680.000 0.396
4685.000 0.403
4690.000 0.400
4695.000 0.404
4700.000 0.404
4705.000 0.406
4710.000 0.406
4715.000 0.405
4720.000 0.410
4725.000 0.408
4730.000 0.410
4735.000 0.412
4740.000 0.410
4745.000 0.410
4750.000 0.408
4755.000 0.408
4760.000 0.401
4765.000 0.401
4770.000 0.396
4775.000 0.396
4780.000 0.385
4785.000 0.382
4790.000 0.375
4795.000 0.369
4800.000 0.362
4805.000 0.357
4810.000 0.348
4815.000 0.339
4820.000 0.331
4825.000 0.331
4830.000 0.324
4835.000 0.317
4840.000 0.313
4845.000 0.311
4850.000 0.308
4855.000 0.310
4860.000 0.308
4865.000 0.313
4870.000 0.317
4875.000 0.317
4880.000 0.331
4885.000 0.339
4890.000 0.339
4895.000 0.347
4900.000 0.360
4905.000 0.375
4910.000 0.390
4915.000 0.405
4920.000 0.421
4925.000 0.443
4930.000 0.462
4935.000 0.486
4940.000 0.512
4945.000 0.538
4950.000 0.564
4955.000 0.597
4960.000 0.631
4965.000 0.664
4970.000 0.701
4975.000 0.737
4980.000 0.779
4985.000 0.819
4990.000 0.866
4995.000 0.921
5000.000 0.970
5005.000 1.031
5010.000 1.031
5015.000 1.087
5020.000 1.144
5025.000 1.215
5030.000 1.283
5035.000 1.356
5040.000 1.428
5045.000 1.517
5050.000 1.607
5055.000 1.696
5060.000 1.803
5065.000 1.913
5070.000 2.022
5075.000 2.149
5080.000 2.281
5085.000 2.417
5090.000 2.566
5095.000 2.728
5100.000 2.901
5105.000 3.108
5110.000 3.320
5115.000 3.549
5120.000 3.806
5125.000 3.806
5130.000 4.090
5135.000 4.413
5140.000 4.767
5145.000 5.158
5150.000 5.628
5155.000 6.155
5160.000 6.782
5165.000 7.532
5170.000 8.439
5175.000 9.494
5180.000 10.831
5185.000 12.394
5190.000 14.225
5195.000 16.186
5200.000 18.006
5205.000 19.025
5210.000 18.468
5215.000 16.312
5220.000 13.492
5225.000 11.015
5230.000 9.150
5235.000 7.673
5240.000 6.518
5245.000 5.762
5250.000 5.762
5255.000 5.302
5260.000 4.931
5265.000 4.620
5270.000 4.362
5275.000 4.102
5280.000 3.897
5285.000 3.713
5290.000 3.533
5295.000 3.376
5300.000 3.224
5305.000 3.085
5310.000 2.957
5315.000 2.829
5320.000 2.711
5325.000 2.603
5330.000 2.498
5335.000 2.408
5340.000 2.328
5345.000 2.242
5350.000 2.160
5355.000 2.085
5360.000 2.014
5365.000 1.949
5370.000 1.886
5375.000 1.829
5380.000 1.829
5385.000 1.773
5390.000 1.720
5395.000 1.676
5400.000 1.622
5405.000 1.578
5410.000 1.532
5415.000 1.494
5420.000 1.457
5425.000 1.417
5430.000 1.386
5435.000 1.351
5440.000 1.320
5445.000 1.291
5450.000 1.260
5455.000 1.236
5460.000 1.204
5465.000 1.187
5470.000 1.166
5475.000 1.141
5480.000 1.120
5485.000 1.099
5490.000 1.081
5495.000 1.081
5500.000 1.044
5505.000 1.044
5510.000 1.029
5515.000 1.015
5520.000 0.999
5525.000 0.988
5530.000 0.972
5535.000 0.959
5540.000 0.948
5545.000 0.936
5550.000 0.927
5555.000 0.917
5560.000 0.903
5565.000 0.894
5570.000 0.887
5575.000 0.879
5580.000 0.874
5585.000 0.865
5590.000 0.857
5595.000 0.857
5600.000 0.842
5605.000 0.837
5610.000 0.831
5615.000 0.831
5620.000 0.826
5625.000 0.824
5630.000 0.823
5635.000 0.816
5640.000 0.812
5645.000 0.806
5650.000 0.806
5655.000 0.804
5660.000 0.806
5665.000 0.799
5670.000 0.799
5675.000 0.796
5680.000 0.797
5685.000 0.796
5690.000 0.796
5695.000 0.799
5700.000 0.799
5705.000 0.798
5710.000 0.794
5715.000 0.797
5720.000 0.801
5725.000 0.798
5730.000 0.806
5735.000 0.807
5740.000 0.807
5745.000 0.812
5750.000 0.814
5755.000 0.818
5760.000 0.821
5765.000 0.826
5770.000 0.836
5775.000 0.839
5780.000 0.844
5785.000 0.849
5790.000 0.860
5795.000 0.868
5800.000 0.873
5805.000 0.882
5810.000 0.894
5815.000 0.903
5820.000 0.914
5825.000 0.925
5830.000 0.935
5835.000 0.948
5840.000 0.965
5845.000 0.978
5850.000 0.995
5855.000 0.995
5860.000 1.027
5865.000 1.027
5870.000 1.047
5875.000 1.066
5880.000 1.085
5885.000 1.108
5890.000 1.133
5895.000 1.162
5900.000 1.191
5905.000 1.219
5910.000 1.250
5915.000 1.286
5920.000 1.323
5925.000 1.363
5930.000 1.407
5935.000 1.453
5940.000 1.503
5945.000 1.556
5950.000 1.618
5955.000 1.687
5960.000 1.763
5965.000 1.847
5970.000 1.934
5975.000 2.035
5980.000 2.144
5985.000 2.275
5990.000 2.275
5995.000 2.414
6000.000 2.580
6005.000 2.772
6010.000 2.990
6015.000 3.253
6020.000 3.548
6025.000 3.909
6030.000 4.353
6035.000 4.903
6040.000 5.574
6045.000 6.414
6050.000 7.360
6055.000 8.624
6060.000 10.026
6065.000 11.305
6070.000 11.954
6075.000 11.394
6080.000 9.676
6085.000 7.881
6090.000 7.881
6095.000 5.432
6100.000 5.432
6105.000 4.726
6110.000 4.169
6115.000 3.730
6120.000 3.369
6125.000 3.035
6130.000 2.796
6135.000 2.587
6140.000 2.403
6145.000 2.250
6150.000 2.114
6155.000 1.992
6160.000 1.882
6165.000 1.790
6170.000 1.699
6175.000 1.621
6180.000 1.549
6185.000 1.481
6190.000 1.425
6195.000 1.425
6200.000 1.317
6205.000 1.275
6210.000 1.230
6215.000 1.230
6220.000 1.154
6225.000 1.154
6230.000 1.123
6235.000 1.090
6240.000 1.060
6245.000 1.031
6250.000 1.007
6255.000 0.983
6260.000 0.958
6265.000 0.938
6270.000 0.917
6275.000 0.898
6280.000 0.877
6285.000 0.864
6290.000 0.844
6295.000 0.825
6300.000 0.811
6305.000 0.802
6310.000 0.790
6315.000 0.773
6320.000 0.764
6325.000 0.751
6330.000 0.744
6335.000 0.734
6340.000 0.721
6345.000 0.714
6350.000 0.714
6355.000 0.703
6360.000 0.696
6365.000 0.689
6370.000 0.681
6375.000 0.676
6380.000 0.671
6385.000 0.662
6390.000 0.655
6395.000 0.650
6400.000 0.645
6405.000 0.640
6410.000 0.636
6415.000 0.634
6420.000 0.627
6425.000 0.624
6430.000 0.622
6435.000 0.614
6440.000 0.612
6445.000 0.615
6450.000 0.607
6455.000 0.605
6460.000 0.600
6465.000 0.596
6470.000 0.598
6475.000 0.598
6480.000 0.595
6485.000 0.596
6490.000 0.594
6495.000 0.591
6500.000 0.594
6505.000 0.592
6510.000 0.596
6515.000 0.591
6520.000 0.589
6525.000 0.594
6530.000 0.591
6535.000 0.595
6540.000 0.596
6545.000 0.599
6550.000 0.600
6555.000 0.601
6560.000 0.602
6565.000 0.602
6570.000 0.612
6575.000 0.614
6580.000 0.615
6585.000 0.615
6590.000 0.622
6595.000 0.622
6600.000 0.627
6605.000 0.626
6610.000 0.632
6615.000 0.638
6620.000 0.643
6625.000 0.647
6630.000 0.652
6635.000 0.659
6640.000 0.665
6645.000 0.671
6650.000 0.680
6655.000 0.685
6660.000 0.690
6665.000 0.699
6670.000 0.707
6675.000 0.718
6680.000 0.725
6685.000 0.739
6690.000 0.745
6695.000 0.758
6700.000 0.768
6705.000 0.777
6710.000 0.777
6715.000 0.794
6720.000 0.808
6725.000 0.824
6730.000 0.837
6735.000 0.860
6740.000 0.875
6745.000 0.895
6750.000 0.914
6755.000 0.936
6760.000 0.959
6765.000 0.985
6770.000 1.013
6775.000 1.044
6780.000 1.072
6785.000 1.110
6790.000 1.144
6795.000 1.184
6800.000 1.184
6805.000 1.273
6810.000 1.324
6815.000 1.324
6820.000 1.436
6825.000 1.503
6830.000 1.578
6835.000 1.578
6840.000 1.658
6845.000 1.754
6850.000 1.853
6855.000 1.969
6860.000 2.087
6865.000 2.240
6870.000 2.405
6875.000 2.607
6880.000 2.843
6885.000 3.118
6890.000 3.461
6895.000 3.863
6900.000 4.376
6905.000 4.994
6910.000 5.746
6915.000 6.672
6920.000 7.696
6925.000 8.745
6930.000 9.451
6935.000 9.415
6940.000 8.399
6945.000 6.966
6950.000 5.838
6955.000 4.958
6960.000 4.957
6965.000 4.292
6970.000 3.776
6975.000 3.368
6980.000 3.028
6985.000 2.756
6990.000 2.529
6995.000 2.336
7000.000 2.173
7005.000 2.030
7010.000 1.907
7015.000 1.799
7020.000 1.701
7025.000 1.614
7030.000 1.538
7035.000 1.473
7040.000 1.406
7045.000 1.347
7050.000 1.347
7055.000 1.291
7060.000 1.199
7065.000 1.157
7070.000 1.118
7075.000 1.082
7080.000 1.046
7085.000 1.046
7090.000 1.012
7095.000 0.983
7100.000 0.953
7105.000 0.927
7110.000 0.907
7115.000 0.884
7120.000 0.863
7125.000 0.842
7130.000 0.826
7135.000 0.806
7140.000 0.789
7145.000 0.775
7150.000 0.757
7155.000 0.744
7160.000 0.729
7165.000 0.729
7170.000 0.704
7175.000 0.695
7180.000 0.687
7185.000 0.671
7190.000 0.669
7195.000 0.652
7200.000 0.652
7205.000 0.645
7210.000 0.634
7215.000 0.627
7220.000 0.618
7225.000 0.608
7230.000 0.603
7235.000 0.593
7240.000 0.582
7245.000 0.580
7250.000 0.573
7255.000 0.567
7260.000 0.560
7265.000 0.555
7270.000 0.550
7275.000 0.543
7280.000 0.540
7285.000 0.535
7290.000 0.535
7295.000 0.529
7300.000 0.522
7305.000 0.518
7310.000 0.515
7315.000 0.512
7320.000 0.509
7325.000 0.509
7330.000 0.509
7335.000 0.506
7340.000 0.505
7345.000 0.501
7350.000 0.501
7355.000 0.497
7360.000 0.498
7365.000 0.500
7370.000 0.500
7375.000 0.495
7380.000 0.494
7385.000 0.491
7390.000 0.495
7395.000 0.493
7400.000 0.492
7405.000 0.491
7410.000 0.492
7415.000 0.492
7420.000 0.490
7425.000 0.491
7430.000 0.493
7435.000 0.491
7440.000 0.491
7445.000 0.491
7450.000 0.491
7455.000 0.489
7460.000 0.490
7465.000 0.497
7470.000 0.501
7475.000 0.523
7480.000 0.552
7485.000 0.577
7490.000 0.594
7495.000 0.609
7500.000 0.617
7505.000 0.624
7510.000 0.623
7515.000 0.631
7520.000 0.633
7525.000 0.638
7530.000 0.646
7535.000 0.651
7540.000 0.658
7545.000 0.669
7550.000 0.672
7555.000 0.682
7560.000 0.690
7565.000 0.699
7570.000 0.711
7575.000 0.711
7580.000 0.725
7585.000 0.738
7590.000 0.747
7595.000 0.767
7600.000 0.782
7605.000 0.799
7610.000 0.817
7615.000 0.834
7620.000 0.851
7625.000 0.877
7630.000 0.896
7635.000 0.919
7640.000 0.945
7645.000 0.973
7650.000 1.004
7655.000 1.040
7660.000 1.080
7665.000 1.114
7670.000 1.158
7675.000 1.197
7680.000 1.252
7685.000 1.252
7690.000 1.302
7695.000 1.363
7700.000 1.433
7705.000 1.508
7710.000 1.583
7715.000 1.683
7720.000 1.780
7725.000 1.901
7730.000 2.040
7735.000 2.190
7740.000 2.379
7745.000 2.593
7750.000 2.848
7755.000 3.141
7760.000 3.476
7765.000 3.944
7770.000 4.489
7775.000 4.489
7780.000 5.941
7785.000 6.843
7790.000 7.705
7795.000 7.705
7800.000 8.188
7805.000 7.356
7810.000 7.356
7815.000 6.185
7820.000 5.185
7825.000 4.442
7830.000 3.860
7835.000 3.329
7840.000 2.981
7845.000 2.692
7850.000 2.450
7855.000 2.243
7860.000 2.074
7865.000 1.927
7870.000 1.797
7875.000 1.691
7880.000 1.586
7885.000 1.504
7890.000 1.425
7895.000 1.356
7900.000 1.290
7905.000 1.236
7910.000 1.181
7915.000 1.181
7920.000 1.090
7925.000 1.048
7930.000 1.013
7935.000 1.013
7940.000 0.978
7945.000 0.950
7950.000 0.917
7955.000 0.894
7960.000 0.867
7965.000 0.845
7970.000 0.824
7975.000 0.806
7980.000 0.784
7985.000 0.768
7990.000 0.743
7995.000 0.729
8000.000 0.710
8005.000 0.693
8010.000 0.682
8015.000 0.669
8020.000 0.657
8025.000 0.646
8030.000 0.636
8035.000 0.632
8040.000 0.619
8045.000 0.619
8050.000 0.609
8055.000 0.594
8060.000 0.594
8065.000 0.587
8070.000 0.574
8075.000 0.570
8080.000 0.561
8085.000 0.551
8090.000 0.549
8095.000 0.543
8100.000 0.538
8105.000 0.535
8110.000 0.527
8115.000 0.524
8120.000 0.519
8125.000 0.516
8130.000 0.513
8135.000 0.509
8140.000 0.505
8145.000 0.503
8150.000 0.500
8155.000 0.497
8160.000 0.498
8165.000 0.499
8170.000 0.499
8175.000 0.492
8180.000 0.485
8185.000 0.486
8190.000 0.482
8195.000 0.486
8200.000 0.481
8205.000 0.478
8210.000 0.477
8215.000 0.476
8220.000 0.476
8225.000 0.476
8230.000 0.473
8235.000 0.474
8240.000 0.473
8245.000 0.473
8250.000 0.477
8255.000 0.477
8260.000 0.478
8265.000 0.477
8270.000 0.480
8275.000 0.480
8280.000 0.484
8285.000 0.484
8290.000 0.487
8295.000 0.487
8300.000 0.486
8305.000 0.491
8310.000 0.496
8315.000 0.493
8320.000 0.500
8325.000 0.505
8330.000 0.507
8335.000 0.512
8340.000 0.514
8345.000 0.517
8350.000 0.523
8355.000 0.528
8360.000 0.536
8365.000 0.540
8370.000 0.548
8375.000 0.552
8380.000 0.554
8385.000 0.552
8390.000 0.550
8395.000 0.546
8400.000 0.547
8405.000 0.554
8410.000 0.561
8415.000 0.576
8420.000 0.576
8425.000 0.585
8430.000 0.595
8435.000 0.612
8440.000 0.620
8445.000 0.631
8450.000 0.645
8455.000 0.660
8460.000 0.672
8465.000 0.687
8470.000 0.703
8475.000 0.723
8480.000 0.739
8485.000 0.754
8490.000 0.779
8495.000 0.799
8500.000 0.819
8505.000 0.847
8510.000 0.871
8515.000 0.871
8520.000 0.899
8525.000 0.965
8530.000 0.997
8535.000 0.997
8540.000 1.036
8545.000 1.078
8550.000 1.127
8555.000 1.175
8560.000 1.237
8565.000 1.294
8570.000 1.363
8575.000 1.447
8580.000 1.533
8585.000 1.632
8590.000 1.745
8595.000 1.872
8600.000 2.020
8605.000 2.189
8610.000 2.398
8615.000 2.687
8620.000 2.980
8625.000 3.348
8630.000 3.769
8635.000 4.281
8640.000 4.281
8645.000 5.451
8650.000 5.901
8655.000 5.901
8660.000 6.001
8665.000 5.641
8670.000 4.882
8675.000 4.066
8680.000 3.404
8685.000 2.943
8690.000 2.552
8695.000 2.266
8700.000 2.118
8705.000 2.119
8710.000 2.214
8715.000 2.291
8720.000 2.254
8725.000 2.093
8730.000 1.914
8735.000 1.759
8740.000 1.630
8745.000 1.630
8750.000 1.418
8755.000 1.330
8760.000 1.257
8765.000 1.192
8770.000 1.132
8775.000 1.078
8780.000 1.078
8785.000 1.031
8790.000 0.988
8795.000 0.950
8800.000 0.913
8805.000 0.881
8810.000 0.849
8815.000 0.819
8820.000 0.794
8825.000 0.772
8830.000 0.749
8835.000 0.727
8840.000 0.709
8845.000 0.687
8850.000 0.676
8855.000 0.655
8860.000 0.639
8865.000 0.626
8870.000 0.612
8875.000 0.598
8880.000 0.590
8885.000 0.575
8890.000 0.565
8895.000 0.565
8900.000 0.544
8905.000 0.537
8910.000 0.537
8915.000 0.527
8920.000 0.520
8925.000 0.514
8930.000 0.506
8935.000 0.502
8940.000 0.494
8945.000 0.487
8950.000 0.482
8955.000 0.472
8960.000 0.472
8965.000 0.465
8970.000 0.459
8975.000 0.456
8980.000 0.449
8985.000 0.445
8990.000 0.444
8995.000 0.444
9000.000 0.440
9005.000 0.436
9010.000 0.433
9015.000 0.433
9020.000 0.423
9025.000 0.421
9030.000 0.421
9035.000 0.420
9040.000 0.415
9045.000 0.417
9050.000 0.414
9055.000 0.416
9060.000 0.411
9065.000 0.412
9070.000 0.405
9075.000 0.402
9080.000 0.401
9085.000 0.397
9090.000 0.400
9095.000 0.400
9100.000 0.398
9105.000 0.399
9110.000 0.400
9115.000 0.400
9120.000 0.401
9125.000 0.404
9130.000 0.398
9135.000 0.401
9140.000 0.403
9145.000 0.403
9150.000 0.410
9155.000 0.406
9160.000 0.412
9165.000 0.411
9170.000 0.410
9175.000 0.412
9180.000 0.414
9185.000 0.417
9190.000 0.421
9195.000 0.422
9200.000 0.423
9205.000 0.426
9210.000 0.429
9215.000 0.432
9220.000 0.436
9225.000 0.441
9230.000 0.441
9235.000 0.446
9240.000 0.456
9245.000 0.461
9250.000 0.462
9255.000 0.462
9260.000 0.474
9265.000 0.474
9270.000 0.482
9275.000 0.489
9280.000 0.494
9285.000 0.500
9290.000 0.507
9295.000 0.515
9300.000 0.522
9305.000 0.533
9310.000 0.543
9315.000 0.551
9320.000 0.561
9325.000 0.574
9330.000 0.584
9335.000 0.597
9340.000 0.610
9345.000 0.627
9350.000 0.637
9355.000 0.637
9360.000 0.676
9365.000 0.690
9370.000 0.713
9375.000 0.713
9380.000 0.755
9385.000 0.776
9390.000 0.803
9395.000 0.803
9400.000 0.836
9405.000 0.870
9410.000 0.901
9415.000 0.939
9420.000 0.980
9425.000 1.024
9430.000 1.073
9435.000 1.129
9440.000 1.190
9445.000 1.256
9450.000 1.335
9455.000 1.424
9460.000 1.525
9465.000 1.639
9470.000 1.774
9475.000 1.940
9480.000 2.120
9485.000 2.343
9490.000 2.599
9495.000 2.599
9500.000 2.909
9505.000 3.566
9510.000 3.566
9515.000 3.935
9520.000 4.229
9525.000 4.430
9530.000 4.541
9535.000 4.569
9540.000 4.453
9545.000 4.113
9550.000 3.633
9555.000 3.150
9560.000 2.737
9565.000 2.365
9570.000 2.119
9575.000 1.908
9580.000 1.740
9585.000 1.594
9590.000 1.474
9595.000 1.365
9600.000 1.273
9605.000 1.273
9610.000 1.123
9615.000 1.123
9620.000 1.004
9625.000 0.952
9630.000 0.952
9635.000 0.901
9640.000 0.859
9645.000 0.824
9650.000 0.791
9655.000 0.757
9660.000 0.732
9665.000 0.705
9670.000 0.680
9675.000 0.657
9680.000 0.636
9685.000 0.617
9690.000 0.601
9695.000 0.585
9700.000 0.569
9705.000 0.553
9710.000 0.539
9715.000 0.526
9720.000 0.517
9725.000 0.502
9730.000 0.502
9735.000 0.493
9740.000 0.471
9745.000 0.461
9750.000 0.453
9755.000 0.453
9760.000 0.445
9765.000 0.440
9770.000 0.428
9775.000 0.424
9780.000 0.414
9785.000 0.411
9790.000 0.404
9795.000 0.395
9800.000 0.392
9805.000 0.386
9810.000 0.383
9815.000 0.377
9820.000 0.369
9825.000 0.369
9830.000 0.360
9835.000 0.362
9840.000 0.359
9845.000 0.352
9850.000 0.349
9855.000 0.346
9860.000 0.341
9865.000 0.339
9870.000 0.338
9875.000 0.335
9880.000 0.335
9885.000 0.333
9890.000 0.330
9895.000 0.327
9900.000 0.329
9905.000 0.322
9910.000 0.325
9915.000 0.322
9920.000 0.319
9925.000 0.320
9930.000 0.316
9935.000 0.314
9940.000 0.316
9945.000 0.316
9950.000 0.312
9955.000 0.315
9960.000 0.311
9965.000 0.312
9970.000 0.311
9975.000 0.311
9980.000 0.310
9985.000 0.311
9990.000 0.311
9995.000 0.313
10000.000 0.314
10005.000 0.314
10010.000 0.309
10015.000 0.313
10020.000 0.314
10025.000 0.315
10030.000 0.315
10035.000 0.322
10040.000 0.320
10045.000 0.324
10050.000 0.323
10055.000 0.325
10060.000 0.327
10065.000 0.325
10070.000 0.330
10075.000 0.332
10080.000 0.332
10085.000 0.336
10090.000 0.343
10095.000 0.345
10100.000 0.347
10105.000 0.351
10110.000 0.357
10115.000 0.357
10120.000 0.358
10125.000 0.363
10130.000 0.368
10135.000 0.374
10140.000 0.379
10145.000 0.386
10150.000 0.394
10155.000 0.400
10160.000 0.406
10165.000 0.417
10170.000 0.421
10175.000 0.430
10180.000 0.440
10185.000 0.445
10190.000 0.458
10195.000 0.464
10200.000 0.478
10205.000 0.485
10210.000 0.499
10215.000 0.509
10220.000 0.509
10225.000 0.533
10230.000 0.549
10235.000 0.549
10240.000 0.563
10245.000 0.583
10250.000 0.603
10255.000 0.623
10260.000 0.638
10265.000 0.660
10270.000 0.684
10275.000 0.716
10280.000 0.739
10285.000 0.770
10290.000 0.808
10295.000 0.852
10300.000 0.894
10305.000 0.943
10310.000 0.997
10315.000 1.062
10320.000 1.127
10325.000 1.209
10330.000 1.307
10335.000 1.307
10340.000 1.544
10345.000 1.695
10350.000 1.866
10355.000 2.084
10360.000 2.338
10365.000 2.338
10370.000 2.686
10375.000 3.019
10380.000 3.374
10385.000 3.667
10390.000 3.824
10395.000 3.763
10400.000 3.473
10405.000 3.076
10410.000 2.680
10415.000 2.318
10420.000 2.044
10425.000 1.813
10430.000 1.636
10435.000 1.482
10440.000 1.347
10445.000 1.255
10450.000 1.162
10455.000 1.162
10460.000 1.007
10465.000 0.944
10470.000 0.890
10475.000 0.838
10480.000 0.792
10485.000 0.754
10490.000 0.754
10495.000 0.717
10500.000 0.688
10505.000 0.656
10510.000 0.633
10515.000 0.605
10520.000 0.584
10525.000 0.556
10530.000 0.540
10535.000 0.524
10540.000 0.508
10545.000 0.491
10550.000 0.475
10555.000 0.463
10560.000 0.448
10565.000 0.436
10570.000 0.425
10575.000 0.425
10580.000 0.406
10585.000 0.398
10590.000 0.394
10595.000 0.394
10600.000 0.380
10605.000 0.377
10610.000 0.372
10615.000 0.368
10620.000 0.356
10625.000 0.353
10630.000 0.348
10635.000 0.342
10640.000 0.339
10645.000 0.333
10650.000 0.328
10655.000 0.327
10660.000 0.322
10665.000 0.317
10670.000 0.314
10675.000 0.309
10680.000 0.306
10685.000 0.300
10690.000 0.300
10695.000 0.295
10700.000 0.289
10705.000 0.291
10710.000 0.291
10715.000 0.282
10720.000 0.280
10725.000 0.279
10730.000 0.279
10735.000 0.278
10740.000 0.272
10745.000 0.270
10750.000 0.266
10755.000 0.269
10760.000 0.266
10765.000 0.266
10770.000 0.261
10775.000 0.261
10780.000 0.260
10785.000 0.262
10790.000 0.256
10795.000 0.256
10800.000 0.257
10805.000 0.256
10810.000 0.254
10815.000 0.256
10820.000 0.254
10825.000 0.251
10830.000 0.253
10835.000 0.253
10840.000 0.252
10845.000 0.253
10850.000 0.254
10855.000 0.254
10860.000 0.253
10865.000 0.252
10870.000 0.252
10875.000 0.252
10880.000 0.253
10885.000 0.253
10890.000 0.253
10895.000 0.257
10900.000 0.259
10905.000 0.256
10910.000 0.257
10915.000 0.261
10920.000 0.263
10925.000 0.261
10930.000 0.267
10935.000 0.265
10940.000 0.269
10945.000 0.270
10950.000 0.272
10955.000 0.274
10960.000 0.278
10965.000 0.278
10970.000 0.283
10975.000 0.283
10980.000 0.288
10985.000 0.290
10990.000 0.290
10995.000 0.297
11000.000 0.299
11005.000 0.304
11010.000 0.308
11015.000 0.313
11020.000 0.316
11025.000 0.321
11030.000 0.325
11035.000 0.330
11040.000 0.336
11045.000 0.344
11050.000 0.345
11055.000 0.354
11060.000 0.361
11065.000 0.371
11070.000 0.371
11075.000 0.381
11080.000 0.401
11085.000 0.410
11090.000 0.410
11095.000 0.422
11100.000 0.428
11105.000 0.445
11110.000 0.462
11115.000 0.473
11120.000 0.491
11125.000 0.508
11130.000 0.527
11135.000 0.543
11140.000 0.564
11145.000 0.587
11150.000 0.610
11155.000 0.634
11160.000 0.656
11165.000 0.681
11170.000 0.712
11175.000 0.752
11180.000 0.797
11185.000 0.842
11190.000 0.901
11195.000 0.966
11200.000 1.051
11205.000 1.138
11210.000 1.248
11215.000 1.248
11220.000 1.375
11225.000 1.528
11230.000 1.711
11235.000 1.919
11240.000 2.154
11245.000 2.418
11250.000 2.687
11255.000 2.903
11260.000 2.958
11265.000 2.827
11270.000 2.571
11275.000 2.261
11280.000 1.970
11285.000 1.726
11290.000 1.534
11295.000 1.373
11300.000 1.241
11305.000 1.127
11310.000 1.127
11315.000 1.036
11320.000 0.889
11325.000 0.827
11330.000 0.776
11335.000 0.730
11340.000 0.730
11345.000 0.693
11350.000 0.656
11355.000 0.624
11360.000 0.597
11365.000 0.565
11370.000 0.543
11375.000 0.519
11380.000 0.498
11385.000 0.482
11390.000 0.463
11395.000 0.446
11400.000 0.431
11405.000 0.416
11410.000 0.405
11415.000 0.391
11420.000 0.380
11425.000 0.367
11430.000 0.358
11435.000 0.351
11440.000 0.341
11445.000 0.332
11450.000 0.326
11455.000 0.319
11460.000 0.311
11465.000 0.311
11470.000 0.304
11475.000 0.300
11480.000 0.295
11485.000 0.287
11490.000 0.281
11495.000 0.281
11500.000 0.274
11505.000 0.268
11510.000 0.265
11515.000 0.260
11520.000 0.257
11525.000 0.253
11530.000 0.247
11535.000 0.245
11540.000 0.242
11545.000 0.239
11550.000 0.237
11555.000 0.236
11560.000 0.236
11565.000 0.231
11570.000 0.229
11575.000 0.229
11580.000 0.226
11585.000 0.224
11590.000 0.221
11595.000 0.218
11600.000 0.217
11605.000 0.218
11610.000 0.215
11615.000 0.213
11620.000 0.213
11625.000 0.214
11630.000 0.210
11635.000 0.211
11640.000 0.207
11645.000 0.209
11650.000 0.207
11655.000 0.204
11660.000 0.204
11665.000 0.203
11670.000 0.202
11675.000 0.204
11680.000 0.205
11685.000 0.204
11690.000 0.204
11695.000 0.202
11700.000 0.202
11705.000 0.202
11710.000 0.202
11715.000 0.205
11720.000 0.207
11725.000 0.204
11730.000 0.206
11735.000 0.207
11740.000 0.206
11745.000 0.206
11750.000 0.205
11755.000 0.207
11760.000 0.209
11765.000 0.207
11770.000 0.208
11775.000 0.206
11780.000 0.207
11785.000 0.207
11790.000 0.207
11795.000 0.209
11800.000 0.213
11805.000 0.214
11810.000 0.216
11815.000 0.216
11820.000 0.215
11825.000 0.221
11830.000 0.222
11835.000 0.223
11840.000 0.227
11845.000 0.232
11850.000 0.236
11855.000 0.235
11860.000 0.238
11865.000 0.241
11870.000 0.244
11875.000 0.248
11880.000 0.252
11885.000 0.255
11890.000 0.261
11895.000 0.264
11900.000 0.270
11905.000 0.274
11910.000 0.282
11915.000 0.285
11920.000 0.289
11925.000 0.297
11930.000 0.304
11935.000 0.310
11940.000 0.314
11945.000 0.328
11950.000 0.328
11955.000 0.333
11960.000 0.343
11965.000 0.353
11970.000 0.365
11975.000 0.376
11980.000 0.385
11985.000 0.398
11990.000 0.412
11995.000 0.425
12000.000 0.443
