105.000 0.245
110.000 0.352
115.000 0.352
120.000 0.426
125.000 0.348
130.000 0.391
135.000 0.287
140.000 0.270
145.000 0.359
150.000 0.391
155.000 0.340
160.000 0.352
165.000 0.450
170.000 0.335
175.000 0.305
180.000 0.386
185.000 0.398
190.000 0.334
195.000 0.480
200.000 0.385
205.000 0.445
210.000 0.375
215.000 0.392
220.000 0.443
225.000 0.443
230.000 0.425
235.000 0.568
240.000 0.560
245.000 0.447
250.000 0.491
255.000 0.491
260.000 0.553
265.000 0.553
270.000 0.499
275.000 0.561
280.000 0.586
285.000 0.622
290.000 0.607
295.000 0.626
300.000 0.639
305.000 0.666
310.000 0.657
315.000 0.733
320.000 0.781
325.000 0.736
330.000 0.851
335.000 0.899
340.000 0.856
345.000 0.939
350.000 0.939
355.000 0.938
360.000 0.971
365.000 0.988
370.000 1.065
375.000 1.169
380.000 1.165
385.000 1.245
390.000 1.327
395.000 1.432
400.000 1.449
405.000 1.490
410.000 1.665
415.000 1.702
420.000 1.812
425.000 1.954
430.000 2.060
435.000 2.238
440.000 2.254
445.000 2.398
450.000 2.483
455.000 2.569
460.000 2.607
465.000 2.648
470.000 2.667
475.000 2.667
480.000 2.683
485.000 2.682
490.000 2.682
495.000 2.672
500.000 2.663
505.000 2.620
510.000 2.600
515.000 2.529
520.000 2.520
525.000 2.479
530.000 2.450
535.000 2.443
540.000 2.437
545.000 2.427
550.000 2.458
555.000 2.445
560.000 2.419
565.000 2.391
570.000 2.378
575.000 2.383
580.000 2.355
585.000 2.356
590.000 2.379
595.000 2.379
600.000 2.422
605.000 2.463
610.000 2.463
615.000 2.573
620.000 2.573
625.000 2.646
630.000 2.760
635.000 2.836
640.000 3.018
645.000 3.135
650.000 3.290
655.000 3.583
660.000 3.857
665.000 4.208
670.000 4.667
675.000 5.258
680.000 6.171
685.000 7.201
690.000 8.394
695.000 10.239
700.000 11.795
705.000 12.677
710.000 12.677
715.000 11.333
720.000 8.148
725.000 4.635
730.000 3.817
735.000 3.247
740.000 2.730
745.000 2.730
750.000 2.432
755.000 2.077
760.000 1.853
765.000 1.665
770.000 1.520
775.000 1.374
780.000 1.230
785.000 1.168
790.000 1.062
795.000 0.995
800.000 0.926
805.000 0.838
810.000 0.815
815.000 0.744
820.000 0.715
825.000 0.655
830.000 0.647
835.000 0.647
840.000 0.579
845.000 0.549
850.000 0.513
855.000 0.482
860.000 0.459
865.000 0.444
870.000 0.414
875.000 0.388
880.000 0.367
885.000 0.361
890.000 0.332
895.000 0.316
900.000 0.304
905.000 0.279
910.000 0.270
915.000 0.252
920.000 0.258
925.000 0.252
930.000 0.244
935.000 0.236
940.000 0.230
945.000 0.219
950.000 0.207
955.000 0.217
960.000 0.217
965.000 0.202
970.000 0.195
975.000 0.195
980.000 0.179
985.000 0.175
990.000 0.182
995.000 0.169
1000.000 0.170
1005.000 0.161
1010.000 0.170
1015.000 0.160
1020.000 0.160
1025.000 0.147
1030.000 0.151
1035.000 0.144
1040.000 0.157
1045.000 0.148
1050.000 0.142
1055.000 0.150
1060.000 0.144
1065.000 0.151
1070.000 0.151
1075.000 0.156
1080.000 0.154
1085.000 0.154
1090.000 0.154
1095.000 0.166
1100.000 0.166
1105.000 0.151
1110.000 0.164
1115.000 0.171
1120.000 0.166
1125.000 0.176
1130.000 0.181
1135.000 0.197
1140.000 0.190
1145.000 0.199
1150.000 0.196
1155.000 0.202
1160.000 0.214
1165.000 0.225
1170.000 0.227
1175.000 0.240
1180.000 0.251
1185.000 0.248
1190.000 0.272
1195.000 0.282
1200.000 0.282
1205.000 0.302
1210.000 0.315
1215.000 0.310
1220.000 0.328
1225.000 0.336
1230.000 0.349
1235.000 0.376
1240.000 0.404
1245.000 0.410
1250.000 0.438
1255.000 0.472
1260.000 0.502
1265.000 0.512
1270.000 0.519
1275.000 0.597
1280.000 0.601
1285.000 0.618
1290.000 0.672
1295.000 0.732
1300.000 0.821
1305.000 0.817
1310.000 0.950
1315.000 1.060
1320.000 1.147
1325.000 1.147
1330.000 1.277
1335.000 1.322
1340.000 1.539
1345.000 1.643
1350.000 2.283
1355.000 2.283
1360.000 2.621
1365.000 3.063
1370.000 3.829
1375.000 4.558
1380.000 5.626
1385.000 6.624
1390.000 7.059
1395.000 6.438
1400.000 5.053
1405.000 3.996
1410.000 3.377
1415.000 2.915
1420.000 2.553
1425.000 2.269
1430.000 2.031
1435.000 1.874
1440.000 1.728
1445.000 1.627
1450.000 1.627
1455.000 1.498
1460.000 1.448
1465.000 1.356
1470.000 1.297
1475.000 1.256
1480.000 1.216
1485.000 1.172
1490.000 1.132
1495.000 1.106
1500.000 1.080
1505.000 1.048
1510.000 1.029
1515.000 1.014
1520.000 0.987
1525.000 0.971
1530.000 0.944
1535.000 0.931
1540.000 0.915
1545.000 0.906
1550.000 0.891
1555.000 0.868
1560.000 0.873
1565.000 0.855
1570.000 0.855
1575.000 0.849
1580.000 0.829
1585.000 0.829
1590.000 0.825
1595.000 0.817
1600.000 0.819
1605.000 0.804
1610.000 0.791
1615.000 0.781
1620.000 0.799
1625.000 0.780
1630.000 0.771
1635.000 0.754
1640.000 0.763
1645.000 0.757
1650.000 0.749
1655.000 0.745
1660.000 0.735
1665.000 0.730
1670.000 0.716
1675.000 0.699
1680.000 0.696
1685.000 0.691
1690.000 0.691
1695.000 0.671
1700.000 0.656
1705.000 0.628
1710.000 0.628
1715.000 0.611
1720.000 0.596
1725.000 0.595
1730.000 0.582
1735.000 0.579
1740.000 0.581
1745.000 0.587
1750.000 0.618
1755.000 0.643
1760.000 0.673
1765.000 0.720
1770.000 0.761
1775.000 0.814
1780.000 0.862
1785.000 0.912
1790.000 0.969
1795.000 1.024
1800.000 1.076
1805.000 1.137
1810.000 1.137
1815.000 1.183
1820.000 1.292
1825.000 1.347
1830.000 1.347
1835.000 1.436
1840.000 1.492
1845.000 1.492
1850.000 1.553
1855.000 1.621
1860.000 1.664
1865.000 1.714
1870.000 1.772
1875.000 1.847
1880.000 1.905
1885.000 1.971
1890.000 2.021
1895.000 2.098
1900.000 2.172
1905.000 2.245
1910.000 2.350
1915.000 2.394
1920.000 2.512
1925.000 2.631
1930.000 2.719
1935.000 2.719
1940.000 2.813
1945.000 2.900
1950.000 3.068
1955.000 3.147
1960.000 3.396
1965.000 3.560
1970.000 3.591
1975.000 3.769
1980.000 3.934
1985.000 4.133
1990.000 4.348
1995.000 4.553
2000.000 4.804
2005.000 5.056
2010.000 5.344
2015.000 5.626
2020.000 5.958
2025.000 6.308
2030.000 6.693
2035.000 7.106
2040.000 7.554
2045.000 8.025
2050.000 8.025
2055.000 8.538
2060.000 9.520
2065.000 9.520
2070.000 10.379
2075.000 10.709
2080.000 10.709
2085.000 10.897
2090.000 10.928
2095.000 10.787
2100.000 10.503
2105.000 10.098
2110.000 9.619
2115.000 9.065
2120.000 8.525
2125.000 8.007
2130.000 7.499
2135.000 7.027
2140.000 6.574
2145.000 6.176
2150.000 5.797
2155.000 5.462
2160.000 5.147
2165.000 4.861
2170.000 4.861
2175.000 4.606
2180.000 4.364
2185.000 3.949
2190.000 3.764
2195.000 3.764
2200.000 3.442
2205.000 3.442
2210.000 3.297
2215.000 3.160
2220.000 3.035
2225.000 2.924
2230.000 2.806
2235.000 2.705
2240.000 2.611
2245.000 2.521
2250.000 2.439
2255.000 2.361
2260.000 2.285
2265.000 2.220
2270.000 2.156
2275.000 2.091
2280.000 2.034
2285.000 1.986
2290.000 1.929
2295.000 1.929
2300.000 1.880
2305.000 1.838
2310.000 1.790
2315.000 1.752
2320.000 1.713
2325.000 1.640
2330.000 1.640
2335.000 1.605
2340.000 1.571
2345.000 1.543
2350.000 1.511
2355.000 1.488
2360.000 1.457
2365.000 1.438
2370.000 1.413
2375.000 1.389
2380.000 1.374
2385.000 1.351
2390.000 1.332
2395.000 1.324
2400.000 1.298
2405.000 1.285
2410.000 1.269
2415.000 1.258
2420.000 1.258
2425.000 1.241
2430.000 1.237
2435.000 1.222
2440.000 1.203
2445.000 1.203
2450.000 1.197
2455.000 1.188
2460.000 1.178
2465.000 1.173
2470.000 1.167
2475.000 1.162
2480.000 1.155
2485.000 1.156
2490.000 1.151
2495.000 1.152
2500.000 1.149
2505.000 1.151
2510.000 1.145
2515.000 1.148
2520.000 1.153
2525.000 1.161
2530.000 1.161
2535.000 1.155
2540.000 1.169
2545.000 1.165
2550.000 1.174
2555.000 1.173
2560.000 1.186
2565.000 1.205
2570.000 1.205
2575.000 1.213
2580.000 1.225
2585.000 1.241
2590.000 1.254
2595.000 1.275
2600.000 1.290
2605.000 1.310
2610.000 1.327
2615.000 1.354
2620.000 1.375
2625.000 1.404
2630.000 1.431
2635.000 1.461
2640.000 1.496
2645.000 1.537
2650.000 1.576
2655.000 1.576
2660.000 1.672
2665.000 1.672
2670.000 1.778
2675.000 1.778
2680.000 1.918
2685.000 1.918
2690.000 1.996
2695.000 2.078
2700.000 2.177
2705.000 2.293
2710.000 2.420
2715.000 2.560
2720.000 2.719
2725.000 2.907
2730.000 3.131
2735.000 3.381
2740.000 3.690
2745.000 4.062
2750.000 4.500
2755.000 5.052
2760.000 5.727
2765.000 6.576
2770.000 7.616
2775.000 8.811
2780.000 8.811
2785.000 11.034
2790.000 11.034
2795.000 11.209
2800.000 10.267
2805.000 7.059
2810.000 7.059
2815.000 5.923
2820.000 5.066
2825.000 4.419
2830.000 3.894
2835.000 3.488
2840.000 3.162
2845.000 2.876
2850.000 2.638
2855.000 2.432
2860.000 2.265
2865.000 2.118
2870.000 1.986
2875.000 1.869
2880.000 1.764
2885.000 1.669
2890.000 1.583
2895.000 1.514
2900.000 1.442
2905.000 1.382
2910.000 1.322
2915.000 1.322
2920.000 1.273
2925.000 1.223
2930.000 1.177
2935.000 1.098
2940.000 1.098
2945.000 1.067
2950.000 1.031
2955.000 1.000
2960.000 0.972
2965.000 0.945
2970.000 0.919
2975.000 0.895
2980.000 0.875
2985.000 0.859
2990.000 0.833
2995.000 0.821
3000.000 0.801
3005.000 0.787
3010.000 0.780
3015.000 0.766
3020.000 0.766
3025.000 0.746
3030.000 0.737
3035.000 0.720
3040.000 0.713
3045.000 0.705
3050.000 0.689
3055.000 0.679
3060.000 0.679
3065.000 0.669
3070.000 0.662
3075.000 0.652
3080.000 0.650
3085.000 0.644
3090.000 0.637
3095.000 0.630
3100.000 0.630
3105.000 0.621
3110.000 0.619
3115.000 0.622
3120.000 0.612
3125.000 0.612
3130.000 0.605
3135.000 0.608
3140.000 0.606
3145.000 0.603
3150.000 0.603
3155.000 0.601
3160.000 0.603
3165.000 0.601
3170.000 0.601
3175.000 0.602
3180.000 0.602
3185.000 0.602
3190.000 0.605
3195.000 0.605
3200.000 0.609
3205.000 0.615
3210.000 0.617
3215.000 0.621
3220.000 0.622
3225.000 0.626
3230.000 0.632
3235.000 0.641
3240.000 0.644
3245.000 0.651
3250.000 0.657
3255.000 0.666
3260.000 0.675
3265.000 0.684
3270.000 0.684
3275.000 0.694
3280.000 0.702
3285.000 0.728
3290.000 0.728
3295.000 0.741
3300.000 0.753
3305.000 0.770
3310.000 0.789
3315.000 0.808
3320.000 0.824
3325.000 0.849
3330.000 0.874
3335.000 0.894
3340.000 0.920
3345.000 0.947
3350.000 0.986
3355.000 1.017
3360.000 1.060
3365.000 1.102
3370.000 1.148
3375.000 1.194
3380.000 1.251
3385.000 1.319
3390.000 1.392
3395.000 1.392
3400.000 1.477
3405.000 1.675
3410.000 1.675
3415.000 1.951
3420.000 1.951
3425.000 2.325
3430.000 2.325
3435.000 2.579
3440.000 2.893
3445.000 3.280
3450.000 3.775
3455.000 4.484
3460.000 5.272
3465.000 6.236
3470.000 7.283
3475.000 8.072
3480.000 8.095
3485.000 7.038
3490.000 5.541
3495.000 4.469
3500.000 3.719
3505.000 3.719
3510.000 3.180
3515.000 2.458
3520.000 2.458
3525.000 2.202
3530.000 1.991
3535.000 1.821
3540.000 1.680
3545.000 1.553
3550.000 1.450
3555.000 1.360
3560.000 1.277
3565.000 1.205
3570.000 1.138
3575.000 1.081
3580.000 1.030
3585.000 0.985
3590.000 0.939
3595.000 0.904
3600.000 0.864
3605.000 0.833
3610.000 0.805
3615.000 0.777
3620.000 0.751
3625.000 0.729
3630.000 0.729
3635.000 0.704
3640.000 0.686
3645.000 0.651
3650.000 0.651
3655.000 0.634
3660.000 0.617
3665.000 0.603
3670.000 0.592
3675.000 0.575
3680.000 0.562
3685.000 0.554
3690.000 0.542
3695.000 0.537
3700.000 0.526
3705.000 0.518
3710.000 0.510
3715.000 0.500
3720.000 0.493
3725.000 0.491
3730.000 0.483
3735.000 0.472
3740.000 0.467
3745.000 0.465
3750.000 0.458
3755.000 0.458
3760.000 0.455
3765.000 0.447
3770.000 0.444
3775.000 0.439
3780.000 0.439
3785.000 0.431
3790.000 0.431
3795.000 0.436
3800.000 0.428
3805.000 0.426
3810.000 0.424
3815.000 0.420
3820.000 0.419
3825.000 0.420
3830.000 0.418
3835.000 0.417
3840.000 0.417
3845.000 0.414
3850.000 0.422
3855.000 0.415
3860.000 0.419
3865.000 0.422
3870.000 0.419
3875.000 0.424
3880.000 0.424
3885.000 0.424
3890.000 0.424
3895.000 0.426
3900.000 0.430
3905.000 0.430
3910.000 0.433
3915.000 0.440
3920.000 0.440
3925.000 0.442
3930.000 0.447
3935.000 0.451
3940.000 0.459
3945.000 0.464
3950.000 0.472
3955.000 0.476
3960.000 0.489
3965.000 0.494
3970.000 0.497
3975.000 0.505
3980.000 0.513
3985.000 0.529
3990.000 0.529
3995.000 0.539
4000.000 0.562
4005.000 0.569
4010.000 0.569
4015.000 0.589
4020.000 0.602
4025.000 0.622
4030.000 0.640
4035.000 0.658
4040.000 0.675
4045.000 0.703
4050.000 0.729
4055.000 0.758
4060.000 0.789
4065.000 0.826
4070.000 0.858
4075.000 0.902
4080.000 0.949
4085.000 1.006
4090.000 1.066
4095.000 1.135
4100.000 1.217
4105.000 1.311
4110.000 1.417
4115.000 1.417
4120.000 1.555
4125.000 1.909
4130.000 1.909
4135.000 2.152
4140.000 2.459
4145.000 2.857
4150.000 3.997
4155.000 3.997
4160.000 4.767
4165.000 5.512
4170.000 5.959
4175.000 5.658
4180.000 4.638
4185.000 3.591
4190.000 2.930
4195.000 2.459
4200.000 2.118
4205.000 1.856
4210.000 1.654
4215.000 1.481
4220.000 1.351
4225.000 1.236
4230.000 1.141
4235.000 1.061
4240.000 1.061
4245.000 0.992
4250.000 0.929
4255.000 0.872
4260.000 0.784
4265.000 0.784
4270.000 0.747
4275.000 0.713
4280.000 0.675
4285.000 0.647
4290.000 0.617
4295.000 0.591
4300.000 0.568
4305.000 0.544
4310.000 0.517
4315.000 0.501
4320.000 0.482
4325.000 0.460
4330.000 0.440
4335.000 0.423
4340.000 0.411
4345.000 0.397
4350.000 0.390
4355.000 0.380
4360.000 0.363
4365.000 0.363
4370.000 0.358
4375.000 0.353
4380.000 0.346
4385.000 0.339
4390.000 0.334
4395.000 0.329
4400.000 0.320
4405.000 0.320
4410.000 0.317
4415.000 0.311
4420.000 0.312
4425.000 0.308
4430.000 0.309
4435.000 0.303
4440.000 0.298
4445.000 0.301
4450.000 0.297
4455.000 0.294
4460.000 0.291
4465.000 0.290
4470.000 0.290
4475.000 0.291
4480.000 0.291
4485.000 0.288
4490.000 0.288
4495.000 0.292
4500.000 0.286
4505.000 0.289
4510.000 0.292
4515.000 0.292
4520.000 0.289
4525.000 0.293
4530.000 0.296
4535.000 0.296
4540.000 0.300
4545.000 0.302
4550.000 0.305
4555.000 0.309
4560.000 0.309
4565.000 0.313
4570.000 0.318
4575.000 0.328
4580.000 0.326
4585.000 0.331
4590.000 0.335
4595.000 0.340
4600.000 0.340
4605.000 0.350
4610.000 0.352
4615.000 0.364
4620.000 0.372
4625.000 0.375
4630.000 0.388
4635.000 0.399
4640.000 0.409
4645.000 0.420
4650.000 0.434
4655.000 0.448
4660.000 0.456
4665.000 0.472
4670.000 0.484
4675.000 0.505
4680.000 0.520
4685.000 0.537
4690.000 0.554
4695.000 0.576
4700.000 0.593
4705.000 0.618
4710.000 0.639
4715.000 0.660
4720.000 0.689
4725.000 0.716
4730.000 0.716
4735.000 0.740
4740.000 0.802
4745.000 0.802
4750.000 0.863
4755.000 0.863
4760.000 0.897
4765.000 0.978
4770.000 0.978
4775.000 1.018
4780.000 1.063
4785.000 1.115
4790.000 1.172
4795.000 1.233
4800.000 1.312
4805.000 1.401
4810.000 1.505
4815.000 1.639
4820.000 1.805
4825.000 2.011
4830.000 2.268
4835.000 2.603
4840.000 3.031
4845.000 3.551
4850.000 4.083
4855.000 4.470
4860.000 4.452
4865.000 4.452
4870.000 3.915
4875.000 3.167
4880.000 2.627
4885.000 1.982
4890.000 1.982
4895.000 1.780
4900.000 1.626
4905.000 1.507
4910.000 1.418
4915.000 1.342
4920.000 1.288
4925.000 1.237
4930.000 1.196
4935.000 1.160
4940.000 1.134
4945.000 1.118
4950.000 1.096
4955.000 1.086
4960.000 1.073
4965.000 1.073
4970.000 1.064
4975.000 1.056
4980.000 1.056
4985.000 1.055
4990.000 1.057
4995.000 1.056
5000.000 1.056
5005.000 1.063
5010.000 1.064
5015.000 1.071
5020.000 1.077
5025.000 1.083
5030.000 1.087
5035.000 1.097
5040.000 1.105
5045.000 1.110
5050.000 1.121
5055.000 1.128
5060.000 1.138
5065.000 1.146
5070.000 1.150
5075.000 1.157
5080.000 1.166
5085.000 1.174
5090.000 1.174
5095.000 1.183
5100.000 1.185
5105.000 1.192
5110.000 1.201
5115.000 1.201
5120.000 1.202
5125.000 1.208
5130.000 1.211
5135.000 1.214
5140.000 1.211
5145.000 1.216
5150.000 1.213
5155.000 1.210
5160.000 1.210
5165.000 1.208
5170.000 1.205
5175.000 1.204
5180.000 1.198
5185.000 1.193
5190.000 1.188
5195.000 1.180
5200.000 1.180
5205.000 1.171
5210.000 1.162
5215.000 1.162
5220.000 1.142
5225.000 1.133
5230.000 1.133
5235.000 1.113
5240.000 1.113
5245.000 1.082
5250.000 1.082
5255.000 1.055
5260.000 1.031
5265.000 1.014
5270.000 1.012
5275.000 1.025
5280.000 1.058
5285.000 1.086
5290.000 1.114
5295.000 1.142
5300.000 1.167
5305.000 1.191
5310.000 1.224
5315.000 1.243
5320.000 1.269
5325.000 1.291
5330.000 1.309
5335.000 1.333
5340.000 1.333
5345.000 1.355
5350.000 1.378
5355.000 1.402
5360.000 1.422
5365.000 1.452
5370.000 1.474
5375.000 1.500
5380.000 1.526
5385.000 1.555
5390.000 1.589
5395.000 1.625
5400.000 1.659
5405.000 1.697
5410.000 1.735
5415.000 1.784
5420.000 1.829
5425.000 1.881
5430.000 1.939
5435.000 2.009
5440.000 2.078
5445.000 2.157
5450.000 2.157
5455.000 2.240
5460.000 2.340
5465.000 2.570
5470.000 2.570
5475.000 2.871
5480.000 2.871
5485.000 3.048
5490.000 3.258
5495.000 3.507
5500.000 3.795
5505.000 4.133
5510.000 4.561
5515.000 5.070
5520.000 5.717
5525.000 6.520
5530.000 7.548
5535.000 8.826
5540.000 10.389
5545.000 12.029
5550.000 13.389
5555.000 13.677
5560.000 12.334
5565.000 9.995
5570.000 7.999
5575.000 7.999
5580.000 6.661
5585.000 5.661
5590.000 4.315
5595.000 4.315
5600.000 3.858
5605.000 3.481
5610.000 3.164
5615.000 2.908
5620.000 2.683
5625.000 2.497
5630.000 2.328
5635.000 2.182
5640.000 2.055
5645.000 1.938
5650.000 1.835
5655.000 1.742
5660.000 1.662
5665.000 1.585
5670.000 1.523
5675.000 1.459
5680.000 1.399
5685.000 1.346
5690.000 1.303
5695.000 1.257
5700.000 1.257
5705.000 1.176
5710.000 1.147
5715.000 1.108
5720.000 1.108
5725.000 1.076
5730.000 1.050
5735.000 1.028
5740.000 0.997
5745.000 0.973
5750.000 0.956
5755.000 0.934
5760.000 0.914
5765.000 0.896
5770.000 0.882
5775.000 0.862
5780.000 0.853
5785.000 0.837
5790.000 0.824
5795.000 0.810
5800.000 0.800
5805.000 0.787
5810.000 0.777
5815.000 0.767
5820.000 0.759
5825.000 0.759
5830.000 0.751
5835.000 0.747
5840.000 0.734
5845.000 0.722
5850.000 0.722
5855.000 0.718
5860.000 0.707
5865.000 0.707
5870.000 0.703
5875.000 0.700
5880.000 0.695
5885.000 0.695
5890.000 0.694
5895.000 0.692
5900.000 0.687
5905.000 0.691
5910.000 0.684
5915.000 0.687
5920.000 0.684
5925.000 0.685
5930.000 0.685
5935.000 0.685
5940.000 0.687
5945.000 0.692
5950.000 0.692
5955.000 0.696
5960.000 0.696
5965.000 0.706
5970.000 0.706
5975.000 0.707
5980.000 0.717
5985.000 0.720
5990.000 0.723
5995.000 0.728
6000.000 0.738
6005.000 0.743
6010.000 0.753
6015.000 0.761
6020.000 0.766
6025.000 0.780
6030.000 0.792
6035.000 0.802
6040.000 0.817
6045.000 0.829
6050.000 0.845
6055.000 0.859
6060.000 0.879
6065.000 0.879
6070.000 0.898
6075.000 0.917
6080.000 0.936
6085.000 0.959
6090.000 0.984
6095.000 1.037
6100.000 1.037
6105.000 1.071
6110.000 1.107
6115.000 1.140
6120.000 1.181
6125.000 1.226
6130.000 1.272
6135.000 1.322
6140.000 1.383
6145.000 1.449
6150.000 1.519
6155.000 1.599
6160.000 1.693
6165.000 1.797
6170.000 1.909
6175.000 2.042
6180.000 2.203
6185.000 2.203
6190.000 2.383
6195.000 2.594
6200.000 2.855
6205.000 3.558
6210.000 4.023
6215.000 4.617
6220.000 4.617
6225.000 5.379
6230.000 6.336
6235.000 7.459
6240.000 8.608
6245.000 9.416
6250.000 9.375
6255.000 8.233
6260.000 6.638
6265.000 5.414
6270.000 4.559
6275.000 3.899
6280.000 3.418
6285.000 3.046
6290.000 2.731
6295.000 2.476
6300.000 2.275
6305.000 2.099
6310.000 2.099
6315.000 1.949
6320.000 1.817
6325.000 1.604
6330.000 1.604
6335.000 1.437
6340.000 1.437
6345.000 1.367
6350.000 1.303
6355.000 1.241
6360.000 1.190
6365.000 1.145
6370.000 1.099
6375.000 1.060
6380.000 1.028
6385.000 0.992
6390.000 0.959
6395.000 0.931
6400.000 0.907
6405.000 0.882
6410.000 0.861
6415.000 0.840
6420.000 0.818
6425.000 0.804
6430.000 0.802
6435.000 0.765
6440.000 0.754
6445.000 0.754
6450.000 0.742
6455.000 0.728
6460.000 0.713
6465.000 0.703
6470.000 0.691
6475.000 0.681
6480.000 0.671
6485.000 0.666
6490.000 0.654
6495.000 0.648
6500.000 0.640
6505.000 0.637
6510.000 0.627
6515.000 0.622
6520.000 0.621
6525.000 0.617
6530.000 0.608
6535.000 0.606
6540.000 0.605
6545.000 0.598
6550.000 0.598
6555.000 0.598
6560.000 0.591
6565.000 0.591
6570.000 0.588
6575.000 0.587
6580.000 0.590
6585.000 0.588
6590.000 0.588
6595.000 0.586
6600.000 0.590
6605.000 0.587
6610.000 0.590
6615.000 0.593
6620.000 0.590
6625.000 0.594
6630.000 0.595
6635.000 0.598
6640.000 0.603
6645.000 0.602
6650.000 0.609
6655.000 0.610
6660.000 0.614
6665.000 0.622
6670.000 0.623
6675.000 0.623
6680.000 0.630
6685.000 0.641
6690.000 0.641
6695.000 0.650
6700.000 0.656
6705.000 0.676
6710.000 0.676
6715.000 0.683
6720.000 0.695
6725.000 0.704
6730.000 0.713
6735.000 0.726
6740.000 0.742
6745.000 0.753
6750.000 0.767
6755.000 0.783
6760.000 0.799
6765.000 0.818
6770.000 0.841
6775.000 0.856
6780.000 0.880
6785.000 0.903
6790.000 0.933
6795.000 0.954
6800.000 0.954
6805.000 0.989
6810.000 1.020
6815.000 1.060
6820.000 1.099
6825.000 1.143
6830.000 1.188
6835.000 1.243
6840.000 1.307
6845.000 1.374
6850.000 1.446
6855.000 1.529
6860.000 1.626
6865.000 1.733
6870.000 1.861
6875.000 2.007
6880.000 2.187
6885.000 2.386
6890.000 2.628
6895.000 2.933
6900.000 3.301
6905.000 3.760
6910.000 4.337
6915.000 5.047
6920.000 5.893
6925.000 5.999
6930.000 7.667
6935.000 7.667
6940.000 7.907
6945.000 7.332
6950.000 6.156
6955.000 5.051
6960.000 4.233
6965.000 3.632
6970.000 3.159
6975.000 2.808
6980.000 2.515
6985.000 2.292
6990.000 2.091
6995.000 1.927
7000.000 1.784
7005.000 1.667
7010.000 1.566
7015.000 1.473
7020.000 1.388
7025.000 1.315
7030.000 1.255
7035.000 1.255
7040.000 1.197
7045.000 1.144
7050.000 1.056
7055.000 1.056
7060.000 1.018
7065.000 0.978
7070.000 0.947
7075.000 0.919
7080.000 0.886
7085.000 0.863
7090.000 0.839
7095.000 0.815
7100.000 0.794
7105.000 0.777
7110.000 0.756
7115.000 0.740
7120.000 0.727
7125.000 0.712
7130.000 0.703
7135.000 0.687
7140.000 0.677
7145.000 0.662
7150.000 0.650
7155.000 0.643
7160.000 0.630
7165.000 0.625
7170.000 0.625
7175.000 0.613
7180.000 0.608
7185.000 0.593
7190.000 0.579
7195.000 0.579
7200.000 0.579
7205.000 0.575
7210.000 0.569
7215.000 0.557
7220.000 0.561
7225.000 0.555
7230.000 0.552
7235.000 0.546
7240.000 0.545
7245.000 0.539
7250.000 0.540
7255.000 0.535
7260.000 0.534
7265.000 0.531
7270.000 0.527
7275.000 0.525
7280.000 0.524
7285.000 0.524
7290.000 0.523
7295.000 0.523
7300.000 0.521
7305.000 0.523
7310.000 0.522
7315.000 0.521
7320.000 0.521
7325.000 0.524
7330.000 0.524
7335.000 0.526
7340.000 0.527
7345.000 0.528
7350.000 0.528
7355.000 0.537
7360.000 0.536
7365.000 0.538
7370.000 0.543
7375.000 0.547
7380.000 0.555
7385.000 0.556
7390.000 0.560
7395.000 0.568
7400.000 0.577
7405.000 0.586
7410.000 0.586
7415.000 0.589
7420.000 0.605
7425.000 0.605
7430.000 0.612
7435.000 0.623
7440.000 0.632
7445.000 0.638
7450.000 0.651
7455.000 0.656
7460.000 0.674
7465.000 0.689
7470.000 0.701
7475.000 0.732
7480.000 0.784
7485.000 0.844
7490.000 0.906
7495.000 0.958
7500.000 1.004
7505.000 1.039
7510.000 1.076
7515.000 1.120
7520.000 1.120
7525.000 1.160
7530.000 1.210
7535.000 1.328
7540.000 1.328
7545.000 1.395
7550.000 1.559
7555.000 1.662
7560.000 1.662
7565.000 1.780
7570.000 1.919
7575.000 2.078
7580.000 2.270
7585.000 2.507
7590.000 2.790
7595.000 3.133
7600.000 3.587
7605.000 4.116
7610.000 4.788
7615.000 5.565
7620.000 6.386
7625.000 7.038
7630.000 7.228
7635.000 6.699
7640.000 5.630
7645.000 4.631
7650.000 4.631
7655.000 3.894
7660.000 3.347
7665.000 2.931
7670.000 2.592
7675.000 2.322
7680.000 2.112
7685.000 1.932
7690.000 1.783
7695.000 1.650
7700.000 1.536
7705.000 1.435
7710.000 1.351
7715.000 1.277
7720.000 1.211
7725.000 1.151
7730.000 1.098
7735.000 1.049
7740.000 1.006
7745.000 0.965
7750.000 0.925
7755.000 0.900
7760.000 0.867
7765.000 0.836
7770.000 0.812
7775.000 0.812
7780.000 0.788
7785.000 0.743
7790.000 0.724
7795.000 0.705
7800.000 0.705
7805.000 0.692
7810.000 0.676
7815.000 0.657
7820.000 0.649
7825.000 0.635
7830.000 0.623
7835.000 0.614
7840.000 0.603
7845.000 0.590
7850.000 0.581
7855.000 0.572
7860.000 0.564
7865.000 0.555
7870.000 0.551
7875.000 0.545
7880.000 0.539
7885.000 0.532
7890.000 0.529
7895.000 0.529
7900.000 0.518
7905.000 0.518
7910.000 0.513
7915.000 0.513
7920.000 0.511
7925.000 0.504
7930.000 0.504
7935.000 0.498
7940.000 0.497
7945.000 0.501
7950.000 0.496
7955.000 0.495
7960.000 0.492
7965.000 0.492
7970.000 0.490
7975.000 0.492
7980.000 0.483
7985.000 0.482
7990.000 0.478
7995.000 0.484
8000.000 0.487
8005.000 0.490
8010.000 0.493
8015.000 0.493
8020.000 0.497
8025.000 0.503
8030.000 0.504
8035.000 0.510
8040.000 0.510
8045.000 0.515
8050.000 0.517
8055.000 0.522
8060.000 0.533
8065.000 0.538
8070.000 0.544
8075.000 0.550
8080.000 0.558
8085.000 0.565
8090.000 0.570
8095.000 0.573
8100.000 0.576
8105.000 0.574
8110.000 0.578
8115.000 0.592
8120.000 0.602
8125.000 0.615
8130.000 0.615
8135.000 0.629
8140.000 0.646
8145.000 0.657
8150.000 0.678
8155.000 0.691
8160.000 0.707
8165.000 0.725
8170.000 0.748
8175.000 0.772
8180.000 0.795
8185.000 0.818
8190.000 0.844
8195.000 0.877
8200.000 0.908
8205.000 0.947
8210.000 0.985
8215.000 1.032
8220.000 1.080
8225.000 1.128
8230.000 1.194
8235.000 1.259
8240.000 1.326
8245.000 1.407
8250.000 1.502
8255.000 1.502
8260.000 1.616
8265.000 1.754
8270.000 1.916
8275.000 2.114
8280.000 2.338
8285.000 2.608
8290.000 2.951
8295.000 3.369
8300.000 3.877
8305.000 4.463
8310.000 5.127
8315.000 5.763
8320.000 6.169
8325.000 6.087
8330.000 5.460
8335.000 4.612
8340.000 3.851
8345.000 3.290
8350.000 2.836
8355.000 2.498
8360.000 2.236
8365.000 2.016
8370.000 1.836
8375.000 1.680
8380.000 1.552
8385.000 1.440
8390.000 1.440
8395.000 1.347
8400.000 1.255
8405.000 1.105
8410.000 1.105
8415.000 1.047
8420.000 0.992
8425.000 0.942
8430.000 0.900
8435.000 0.862
8440.000 0.834
8445.000 0.812
8450.000 0.811
8455.000 0.808
8460.000 0.791
8465.000 0.771
8470.000 0.745
8475.000 0.721
8480.000 0.697
8485.000 0.679
8490.000 0.660
8495.000 0.660
8500.000 0.626
8505.000 0.626
8510.000 0.614
8515.000 0.601
8520.000 0.584
8525.000 0.566
8530.000 0.556
8535.000 0.556
8540.000 0.547
8545.000 0.533
8550.000 0.531
8555.000 0.521
8560.000 0.512
8565.000 0.506
8570.000 0.501
8575.000 0.496
8580.000 0.492
8585.000 0.485
8590.000 0.480
8595.000 0.479
8600.000 0.473
8605.000 0.470
8610.000 0.469
8615.000 0.466
8620.000 0.466
8625.000 0.462
8630.000 0.462
8635.000 0.459
8640.000 0.455
8645.000 0.455
8650.000 0.451
8655.000 0.455
8660.000 0.455
8665.000 0.454
8670.000 0.454
8675.000 0.457
8680.000 0.454
8685.000 0.453
8690.000 0.451
8695.000 0.449
8700.000 0.442
8705.000 0.437
8710.000 0.433
8715.000 0.434
8720.000 0.437
8725.000 0.441
8730.000 0.447
8735.000 0.451
8740.000 0.452
8745.000 0.452
8750.000 0.460
8755.000 0.462
8760.000 0.470
8765.000 0.470
8770.000 0.477
8775.000 0.480
8780.000 0.486
8785.000 0.496
8790.000 0.498
8795.000 0.510
8800.000 0.517
8805.000 0.524
8810.000 0.532
8815.000 0.542
8820.000 0.551
8825.000 0.563
8830.000 0.573
8835.000 0.586
8840.000 0.600
8845.000 0.612
8850.000 0.628
8855.000 0.644
8860.000 0.660
8865.000 0.681
8870.000 0.681
8875.000 0.701
8880.000 0.723
8885.000 0.745
8890.000 0.771
8895.000 0.800
8900.000 0.833
8905.000 0.874
8910.000 0.913
8915.000 0.952
8920.000 1.001
8925.000 1.055
8930.000 1.112
8935.000 1.180
8940.000 1.260
8945.000 1.348
8950.000 1.448
8955.000 1.567
8960.000 1.702
8965.000 1.866
8970.000 2.058
8975.000 2.280
8980.000 2.280
8985.000 2.535
8990.000 2.827
8995.000 3.119
9000.000 3.630
9005.000 3.960
9010.000 3.960
9015.000 4.663
9020.000 4.663
9025.000 4.680
9030.000 4.305
9035.000 3.699
9040.000 3.144
9045.000 2.641
9050.000 2.314
9055.000 2.056
9060.000 1.847
9065.000 1.681
9070.000 1.537
9075.000 1.414
9080.000 1.311
9085.000 1.219
9090.000 1.148
9095.000 1.078
9100.000 1.019
9105.000 1.019
9110.000 0.965
9115.000 0.913
9120.000 0.873
9125.000 0.830
9130.000 0.765
9135.000 0.738
9140.000 0.738
9145.000 0.709
9150.000 0.685
9155.000 0.665
9160.000 0.647
9165.000 0.622
9170.000 0.606
9175.000 0.589
9180.000 0.572
9185.000 0.557
9190.000 0.545
9195.000 0.532
9200.000 0.520
9205.000 0.510
9210.000 0.499
9215.000 0.491
9220.000 0.481
9225.000 0.472
9230.000 0.465
9235.000 0.465
9240.000 0.448
9245.000 0.448
9250.000 0.435
9255.000 0.431
9260.000 0.425
9265.000 0.422
9270.000 0.422
9275.000 0.415
9280.000 0.413
9285.000 0.407
9290.000 0.404
9295.000 0.398
9300.000 0.396
9305.000 0.393
9310.000 0.392
9315.000 0.387
9320.000 0.387
9325.000 0.383
9330.000 0.384
9335.000 0.384
9340.000 0.384
9345.000 0.389
9350.000 0.382
9355.000 0.382
9360.000 0.381
9365.000 0.379
9370.000 0.377
9375.000 0.379
9380.000 0.379
9385.000 0.380
9390.000 0.379
9395.000 0.383
9400.000 0.384
9405.000 0.383
9410.000 0.384
9415.000 0.387
9420.000 0.386
9425.000 0.391
9430.000 0.394
9435.000 0.395
9440.000 0.395
9445.000 0.402
9450.000 0.404
9455.000 0.410
9460.000 0.415
9465.000 0.417
9470.000 0.417
9475.000 0.422
9480.000 0.426
9485.000 0.438
9490.000 0.438
9495.000 0.443
9500.000 0.451
9505.000 0.458
9510.000 0.468
9515.000 0.472
9520.000 0.483
9525.000 0.490
9530.000 0.503
9535.000 0.514
9540.000 0.523
9545.000 0.536
9550.000 0.549
9555.000 0.566
9560.000 0.580
9565.000 0.596
9570.000 0.615
9575.000 0.635
9580.000 0.656
9585.000 0.684
9590.000 0.684
9595.000 0.736
9600.000 0.773
9605.000 0.773
9610.000 0.803
9615.000 0.844
9620.000 0.889
9625.000 0.939
9630.000 0.993
9635.000 1.054
9640.000 1.130
9645.000 1.212
9650.000 1.310
9655.000 1.425
9660.000 1.564
9665.000 1.723
9670.000 1.926
9675.000 2.158
9680.000 2.435
9685.000 2.767
9690.000 3.119
9695.000 3.445
9700.000 3.675
9705.000 3.701
9710.000 3.510
9715.000 3.510
9720.000 2.928
9725.000 2.662
9730.000 2.662
9735.000 2.386
9740.000 2.120
9745.000 1.879
9750.000 1.676
9755.000 1.502
9760.000 1.344
9765.000 1.233
9770.000 1.137
9775.000 1.055
9780.000 0.988
9785.000 0.921
9790.000 0.867
9795.000 0.820
9800.000 0.777
9805.000 0.738
9810.000 0.707
9815.000 0.678
9820.000 0.651
9825.000 0.624
9830.000 0.601
9835.000 0.575
9840.000 0.575
9845.000 0.561
9850.000 0.539
9855.000 0.523
9860.000 0.509
9865.000 0.493
9870.000 0.482
9875.000 0.465
9880.000 0.452
9885.000 0.444
9890.000 0.431
9895.000 0.422
9900.000 0.415
9905.000 0.403
9910.000 0.396
9915.000 0.391
9920.000 0.385
9925.000 0.375
9930.000 0.369
9935.000 0.363
9940.000 0.359
9945.000 0.355
9950.000 0.351
9955.000 0.351
9960.000 0.347
9965.000 0.341
9970.000 0.338
9975.000 0.332
9980.000 0.330
9985.000 0.330
9990.000 0.325
9995.000 0.326
10000.000 0.318
10005.000 0.319
10010.000 0.314
10015.000 0.314
10020.000 0.311
10025.000 0.309
10030.000 0.309
10035.000 0.306
10040.000 0.306
10045.000 0.304
10050.000 0.304
10055.000 0.304
10060.000 0.305
10065.000 0.307
10070.000 0.304
10075.000 0.307
10080.000 0.307
10085.000 0.304
10090.000 0.306
10095.000 0.306
10100.000 0.306
10105.000 0.310
10110.000 0.311
10115.000 0.314
10120.000 0.314
10125.000 0.316
10130.000 0.317
10135.000 0.318
10140.000 0.323
10145.000 0.326
10150.000 0.334
10155.000 0.338
10160.000 0.341
10165.000 0.348
10170.000 0.353
10175.000 0.358
10180.000 0.367
10185.000 0.371
10190.000 0.378
10195.000 0.384
10200.000 0.391
10205.000 0.391
10210.000 0.399
10215.000 0.404
10220.000 0.414
10225.000 0.420
10230.000 0.433
10235.000 0.442
10240.000 0.453
10245.000 0.464
10250.000 0.478
10255.000 0.492
10260.000 0.505
10265.000 0.525
10270.000 0.544
10275.000 0.558
10280.000 0.580
10285.000 0.602
10290.000 0.630
10295.000 0.656
10300.000 0.688
10305.000 0.725
10310.000 0.763
10315.000 0.810
10320.000 0.856
10325.000 0.910
10330.000 0.910
10335.000 0.979
10340.000 1.056
10345.000 1.242
10350.000 1.242
10355.000 1.371
10360.000 1.517
10365.000 1.699
10370.000 1.910
10375.000 2.160
10380.000 2.453
10385.000 2.754
10390.000 3.061
10395.000 3.223
10400.000 3.182
10405.000 2.873
10410.000 2.481
10415.000 2.139
10420.000 1.860
10425.000 1.635
10430.000 1.448
10435.000 1.299
10440.000 1.299
10445.000 1.176
10450.000 0.992
10455.000 0.992
10460.000 0.925
10465.000 0.803
10470.000 0.803
10475.000 0.709
10480.000 0.709
10485.000 0.672
10490.000 0.634
10495.000 0.605
10500.000 0.579
10505.000 0.551
10510.000 0.529
10515.000 0.509
10520.000 0.490
10525.000 0.474
10530.000 0.454
10535.000 0.442
10540.000 0.429
10545.000 0.416
10550.000 0.405
10555.000 0.393
10560.000 0.383
10565.000 0.383
10570.000 0.376
10575.000 0.367
10580.000 0.359
10585.000 0.345
10590.000 0.345
10595.000 0.331
10600.000 0.331
10605.000 0.327
10610.000 0.325
10615.000 0.318
10620.000 0.315
10625.000 0.311
10630.000 0.308
10635.000 0.302
10640.000 0.300
10645.000 0.296
10650.000 0.291
10655.000 0.288
10660.000 0.285
10665.000 0.283
10670.000 0.281
10675.000 0.278
10680.000 0.273
10685.000 0.274
10690.000 0.274
10695.000 0.274
10700.000 0.270
10705.000 0.270
10710.000 0.267
10715.000 0.267
10720.000 0.267
10725.000 0.262
10730.000 0.262
10735.000 0.261
10740.000 0.258
10745.000 0.262
10750.000 0.260
10755.000 0.263
10760.000 0.258
10765.000 0.258
10770.000 0.261
10775.000 0.261
10780.000 0.263
10785.000 0.262
10790.000 0.262
10795.000 0.264
10800.000 0.263
10805.000 0.267
10810.000 0.268
10815.000 0.268
10820.000 0.273
10825.000 0.271
10830.000 0.272
10835.000 0.277
10840.000 0.277
10845.000 0.281
10850.000 0.282
10855.000 0.287
10860.000 0.288
10865.000 0.293
10870.000 0.297
10875.000 0.304
10880.000 0.309
10885.000 0.314
10890.000 0.320
10895.000 0.321
10900.000 0.330
10905.000 0.334
10910.000 0.340
10915.000 0.350
10920.000 0.355
10925.000 0.355
10930.000 0.367
10935.000 0.375
10940.000 0.386
10945.000 0.395
10950.000 0.408
10955.000 0.423
10960.000 0.435
10965.000 0.447
10970.000 0.471
10975.000 0.486
10980.000 0.508
10985.000 0.530
10990.000 0.553
10995.000 0.581
11000.000 0.609
11005.000 0.638
11010.000 0.673
11015.000 0.713
11020.000 0.757
11025.000 0.803
11030.000 0.860
11035.000 0.913
11040.000 0.977
11045.000 1.057
11050.000 1.057
11055.000 1.158
11060.000 1.453
11065.000 1.643
11070.000 1.643
11075.000 1.875
11080.000 2.116
11085.000 2.544
11090.000 2.544
11095.000 2.613
11100.000 2.507
11105.000 2.254
11110.000 1.967
11115.000 1.699
11120.000 1.488
11125.000 1.311
11130.000 1.171
11135.000 1.053
11140.000 0.952
11145.000 0.879
11150.000 0.805
11155.000 0.746
11160.000 0.701
11165.000 0.655
11170.000 0.617
11175.000 0.617
11180.000 0.583
11185.000 0.554
11190.000 0.524
11195.000 0.478
11200.000 0.478
11205.000 0.457
11210.000 0.438
11215.000 0.424
11220.000 0.410
11225.000 0.395
11230.000 0.379
11235.000 0.367
11240.000 0.355
11245.000 0.344
11250.000 0.336
11255.000 0.328
11260.000 0.319
11265.000 0.310
11270.000 0.306
11275.000 0.299
11280.000 0.290
11285.000 0.285
11290.000 0.275
11295.000 0.273
11300.000 0.272
11305.000 0.272
11310.000 0.265
11315.000 0.259
11320.000 0.259
11325.000 0.248
11330.000 0.248
11335.000 0.244
11340.000 0.241
11345.000 0.240
11350.000 0.237
11355.000 0.236
11360.000 0.232
11365.000 0.233
11370.000 0.228
11375.000 0.226
11380.000 0.223
11385.000 0.222
11390.000 0.221
11395.000 0.223
11400.000 0.216
11405.000 0.215
11410.000 0.215
11415.000 0.217
11420.000 0.214
11425.000 0.214
11430.000 0.214
11435.000 0.215
11440.000 0.215
11445.000 0.215
11450.000 0.214
11455.000 0.214
11460.000 0.212
11465.000 0.216
11470.000 0.215
11475.000 0.214
11480.000 0.216
11485.000 0.217
11490.000 0.219
11495.000 0.217
11500.000 0.219
11505.000 0.222
11510.000 0.224
11515.000 0.225
11520.000 0.228
11525.000 0.234
11530.000 0.236
11535.000 0.237
11540.000 0.237
11545.000 0.241
11550.000 0.243
11555.000 0.244
11560.000 0.247
11565.000 0.254
11570.000 0.254
11575.000 0.258
11580.000 0.262
11585.000 0.267
11590.000 0.272
11595.000 0.277
11600.000 0.283
11605.000 0.290
11610.000 0.295
11615.000 0.303
11620.000 0.308
11625.000 0.317
11630.000 0.324
11635.000 0.331
11640.000 0.344
11645.000 0.354
11650.000 0.368
11655.000 0.380
11660.000 0.380
11665.000 0.409
11670.000 0.409
11675.000 0.428
11680.000 0.446
11685.000 0.489
11690.000 0.489
11695.000 0.514
11700.000 0.544
11705.000 0.574
11710.000 0.613
11715.000 0.655
11720.000 0.699
11725.000 0.757
11730.000 0.821
11735.000 0.896
11740.000 0.986
11745.000 1.088
11750.000 1.213
11755.000 1.358
11760.000 1.515
11765.000 1.691
11770.000 1.861
11775.000 1.995
11780.000 2.045
11785.000 1.983
11790.000 1.983
11795.000 1.824
11800.000 1.613
11805.000 1.253
11810.000 1.253
11815.000 0.994
11820.000 0.994
11825.000 0.889
11830.000 0.817
11835.000 0.746
11840.000 0.688
11845.000 0.640
11850.000 0.595
11855.000 0.563
11860.000 0.523
11865.000 0.499
11870.000 0.470
11875.000 0.444
11880.000 0.420
11885.000 0.404
11890.000 0.388
11895.000 0.371
11900.000 0.371
11905.000 0.359
11910.000 0.348
11915.000 0.319
11920.000 0.319
11925.000 0.311
11930.000 0.304
11935.000 0.293
11940.000 0.285
11945.000 0.277
11950.000 0.272
11955.000 0.264
11960.000 0.259
11965.000 0.254
11970.000 0.248
11975.000 0.244
11980.000 0.241
11985.000 0.234
11990.000 0.233
11995.000 0.229
12000.000 0.226
