105.000 0.044
110.000 0.320
115.000 0.220
120.000 0.237
125.000 0.232
130.000 0.255
135.000 0.243
140.000 0.247
145.000 0.239
150.000 0.254
155.000 0.263
160.000 0.520
165.000 0.295
170.000 0.336
175.000 0.306
180.000 0.340
185.000 0.332
190.000 0.408
195.000 0.350
200.000 0.298
205.000 0.359
210.000 0.360
215.000 0.394
220.000 0.371
225.000 0.371
230.000 0.443
235.000 0.450
240.000 0.445
245.000 0.463
250.000 0.451
255.000 0.451
260.000 0.460
265.000 0.460
270.000 0.520
275.000 0.605
280.000 0.578
285.000 0.564
290.000 0.593
295.000 0.597
300.000 0.684
305.000 0.676
310.000 0.753
315.000 0.728
320.000 0.725
325.000 0.796
330.000 0.830
335.000 0.866
340.000 0.880
345.000 0.994
350.000 0.994
355.000 0.985
360.000 1.031
365.000 1.082
370.000 1.186
375.000 1.238
380.000 1.356
385.000 1.356
390.000 1.456
395.000 1.571
400.000 1.623
405.000 1.785
410.000 1.907
415.000 2.133
420.000 2.287
425.000 2.436
430.000 2.678
435.000 2.827
440.000 2.968
445.000 3.137
450.000 3.298
455.000 3.432
460.000 3.583
465.000 3.667
470.000 3.802
475.000 3.802
480.000 3.917
485.000 4.048
490.000 4.136
495.000 4.238
500.000 4.377
505.000 4.634
510.000 4.634
515.000 4.764
520.000 4.908
525.000 5.137
530.000 5.404
535.000 5.618
540.000 6.062
545.000 6.481
550.000 7.034
555.000 7.573
560.000 8.536
565.000 9.461
570.000 11.038
575.000 12.987
580.000 15.551
585.000 18.538
590.000 21.026
595.000 21.026
600.000 20.184
605.000 14.967
610.000 7.565
615.000 7.565
620.000 6.106
625.000 5.029
630.000 4.265
635.000 3.746
640.000 3.172
645.000 2.814
650.000 2.497
655.000 2.275
660.000 2.052
665.000 1.845
670.000 1.710
675.000 1.562
680.000 1.441
685.000 1.340
690.000 1.260
695.000 1.157
700.000 1.128
705.000 1.013
710.000 0.961
715.000 0.959
720.000 0.921
725.000 0.857
730.000 0.799
735.000 0.793
740.000 0.768
745.000 0.708
750.000 0.687
755.000 0.624
760.000 0.599
765.000 0.579
770.000 0.555
775.000 0.539
780.000 0.530
785.000 0.527
790.000 0.500
795.000 0.458
800.000 0.446
805.000 0.421
810.000 0.397
815.000 0.396
820.000 0.388
825.000 0.381
830.000 0.356
835.000 0.356
840.000 0.351
845.000 0.311
850.000 0.311
855.000 0.314
860.000 0.316
865.000 0.300
870.000 0.293
875.000 0.273
880.000 0.270
885.000 0.255
890.000 0.266
895.000 0.256
900.000 0.233
905.000 0.231
910.000 0.216
915.000 0.218
920.000 0.218
925.000 0.215
930.000 0.206
935.000 0.222
940.000 0.224
945.000 0.224
950.000 0.212
955.000 0.222
960.000 0.222
965.000 0.210
970.000 0.233
975.000 0.233
980.000 0.215
985.000 0.209
990.000 0.209
995.000 0.222
1000.000 0.219
1005.000 0.214
1010.000 0.220
1015.000 0.225
1020.000 0.223
1025.000 0.231
1030.000 0.225
1035.000 0.232
1040.000 0.236
1045.000 0.255
1050.000 0.264
1055.000 0.283
1060.000 0.275
1065.000 0.300
1070.000 0.309
1075.000 0.341
1080.000 0.344
1085.000 0.344
1090.000 0.416
1095.000 0.416
1100.000 0.491
1105.000 0.491
1110.000 0.556
1115.000 0.587
1120.000 0.712
1125.000 0.805
1130.000 0.945
1135.000 1.144
1140.000 1.334
1145.000 1.719
1150.000 2.138
1155.000 2.691
1160.000 3.177
1165.000 3.228
1170.000 2.562
1175.000 1.758
1180.000 1.465
1185.000 1.221
1190.000 1.118
1195.000 1.118
1200.000 1.150
1205.000 0.925
1210.000 0.755
1215.000 0.755
1220.000 0.706
1225.000 0.650
1230.000 0.629
1235.000 0.588
1240.000 0.559
1245.000 0.545
1250.000 0.525
1255.000 0.501
1260.000 0.493
1265.000 0.485
1270.000 0.467
1275.000 0.461
1280.000 0.448
1285.000 0.442
1290.000 0.435
1295.000 0.430
1300.000 0.423
1305.000 0.417
1310.000 0.425
1315.000 0.416
1320.000 0.418
1325.000 0.418
1330.000 0.398
1335.000 0.405
1340.000 0.397
1345.000 0.403
1350.000 0.390
1355.000 0.392
1360.000 0.409
1365.000 0.407
1370.000 0.408
1375.000 0.390
1380.000 0.411
1385.000 0.418
1390.000 0.420
1395.000 0.410
1400.000 0.420
1405.000 0.420
1410.000 0.438
1415.000 0.445
1420.000 0.443
1425.000 0.423
1430.000 0.453
1435.000 0.450
1440.000 0.473
1445.000 0.473
1450.000 0.483
1455.000 0.482
1460.000 0.486
1465.000 0.506
1470.000 0.510
1475.000 0.521
1480.000 0.543
1485.000 0.543
1490.000 0.554
1495.000 0.569
1500.000 0.578
1505.000 0.586
1510.000 0.618
1515.000 0.633
1520.000 0.663
1525.000 0.658
1530.000 0.666
1535.000 0.696
1540.000 0.713
1545.000 0.721
1550.000 0.737
1555.000 0.773
1560.000 0.788
1565.000 0.807
1570.000 0.807
1575.000 0.837
1580.000 0.898
1585.000 0.953
1590.000 0.953
1595.000 0.975
1600.000 1.023
1605.000 1.075
1610.000 1.121
1615.000 1.186
1620.000 1.207
1625.000 1.287
1630.000 1.325
1635.000 1.395
1640.000 1.464
1645.000 1.549
1650.000 1.657
1655.000 1.752
1660.000 1.869
1665.000 1.960
1670.000 2.088
1675.000 2.238
1680.000 2.238
1685.000 2.405
1690.000 2.587
1695.000 2.813
1700.000 3.036
1705.000 3.330
1710.000 3.671
1715.000 4.076
1720.000 4.502
1725.000 4.999
1730.000 5.424
1735.000 5.718
1740.000 5.716
1745.000 5.373
1750.000 4.848
1755.000 4.335
1760.000 3.928
1765.000 3.629
1770.000 3.382
1775.000 3.203
1780.000 3.063
1785.000 2.920
1790.000 2.826
1795.000 2.713
1800.000 2.641
1805.000 2.641
1810.000 2.562
1815.000 2.498
1820.000 2.438
1825.000 2.383
1830.000 2.319
1835.000 2.244
1840.000 2.244
1845.000 2.180
1850.000 2.148
1855.000 2.133
1860.000 2.085
1865.000 2.047
1870.000 2.038
1875.000 2.001
1880.000 1.984
1885.000 1.959
1890.000 1.945
1895.000 1.937
1900.000 1.920
1905.000 1.890
1910.000 1.872
1915.000 1.870
1920.000 1.866
1925.000 1.851
1930.000 1.851
1935.000 1.861
1940.000 1.860
1945.000 1.805
1950.000 1.823
1955.000 1.803
1960.000 1.803
1965.000 1.795
1970.000 1.793
1975.000 1.808
1980.000 1.804
1985.000 1.804
1990.000 1.809
1995.000 1.817
2000.000 1.824
2005.000 1.822
2010.000 1.816
2015.000 1.821
2020.000 1.829
2025.000 1.826
2030.000 1.829
2035.000 1.841
2040.000 1.853
2045.000 1.853
2050.000 1.855
2055.000 1.864
2060.000 1.878
2065.000 1.878
2070.000 1.896
2075.000 1.900
2080.000 1.919
2085.000 1.930
2090.000 1.941
2095.000 1.955
2100.000 1.973
2105.000 1.988
2110.000 2.010
2115.000 2.025
2120.000 2.042
2125.000 2.065
2130.000 2.092
2135.000 2.114
2140.000 2.142
2145.000 2.172
2150.000 2.201
2155.000 2.239
2160.000 2.281
2165.000 2.315
2170.000 2.315
2175.000 2.363
2180.000 2.410
2185.000 2.458
2190.000 2.519
2195.000 2.576
2200.000 2.638
2205.000 2.713
2210.000 2.787
2215.000 2.876
2220.000 2.963
2225.000 3.071
2230.000 3.178
2235.000 3.305
2240.000 3.450
2245.000 3.618
2250.000 3.778
2255.000 3.994
2260.000 4.214
2265.000 4.475
2270.000 4.763
2275.000 5.113
2280.000 5.512
2285.000 5.975
2290.000 6.512
2295.000 6.512
2300.000 7.142
2305.000 7.868
2310.000 8.677
2315.000 9.548
2320.000 10.390
2325.000 11.046
2330.000 11.138
2335.000 11.138
2340.000 10.381
2345.000 9.359
2350.000 8.289
2355.000 7.293
2360.000 6.464
2365.000 5.776
2370.000 5.183
2375.000 4.696
2380.000 4.278
2385.000 3.929
2390.000 3.629
2395.000 3.364
2400.000 3.131
2405.000 2.931
2410.000 2.755
2415.000 2.596
2420.000 2.458
2425.000 2.326
2430.000 2.211
2435.000 2.211
2440.000 2.107
2445.000 2.014
2450.000 1.847
2455.000 1.847
2460.000 1.775
2465.000 1.710
2470.000 1.651
2475.000 1.586
2480.000 1.538
2485.000 1.486
2490.000 1.447
2495.000 1.408
2500.000 1.368
2505.000 1.331
2510.000 1.299
2515.000 1.265
2520.000 1.239
2525.000 1.209
2530.000 1.190
2535.000 1.162
2540.000 1.136
2545.000 1.136
2550.000 1.121
2555.000 1.105
2560.000 1.086
2565.000 1.056
2570.000 1.056
2575.000 1.040
2580.000 1.027
2585.000 1.017
2590.000 1.004
2595.000 0.990
2600.000 0.984
2605.000 0.973
2610.000 0.968
2615.000 0.964
2620.000 0.957
2625.000 0.957
2630.000 0.944
2635.000 0.945
2640.000 0.947
2645.000 0.948
2650.000 0.947
2655.000 0.947
2660.000 0.950
2665.000 0.950
2670.000 0.950
2675.000 0.952
2680.000 0.955
2685.000 0.964
2690.000 0.967
2695.000 0.974
2700.000 0.984
2705.000 0.989
2710.000 1.001
2715.000 1.013
2720.000 1.026
2725.000 1.046
2730.000 1.057
2735.000 1.069
2740.000 1.094
2745.000 1.112
2750.000 1.136
2755.000 1.168
2760.000 1.187
2765.000 1.221
2770.000 1.254
2775.000 1.293
2780.000 1.293
2785.000 1.333
2790.000 1.374
2795.000 1.428
2800.000 1.480
2805.000 1.543
2810.000 1.612
2815.000 1.685
2820.000 1.774
2825.000 1.877
2830.000 1.987
2835.000 2.118
2840.000 2.281
2845.000 2.453
2850.000 2.672
2855.000 2.919
2860.000 3.234
2865.000 3.618
2870.000 4.103
2875.000 4.725
2880.000 5.510
2885.000 6.499
2890.000 7.687
2895.000 8.917
2900.000 9.791
2905.000 9.791
2910.000 9.665
2915.000 6.501
2920.000 6.501
2925.000 4.366
2930.000 4.366
2935.000 3.734
2940.000 3.266
2945.000 2.887
2950.000 2.586
2955.000 2.340
2960.000 2.138
2965.000 1.978
2970.000 1.828
2975.000 1.701
2980.000 1.591
2985.000 1.493
2990.000 1.409
2995.000 1.343
3000.000 1.275
3005.000 1.213
3010.000 1.160
3015.000 1.110
3020.000 1.067
3025.000 1.024
3030.000 1.024
3035.000 0.946
3040.000 0.946
3045.000 0.923
3050.000 0.866
3055.000 0.866
3060.000 0.818
3065.000 0.799
3070.000 0.799
3075.000 0.777
3080.000 0.761
3085.000 0.745
3090.000 0.725
3095.000 0.713
3100.000 0.699
3105.000 0.684
3110.000 0.676
3115.000 0.663
3120.000 0.655
3125.000 0.644
3130.000 0.637
3135.000 0.630
3140.000 0.630
3145.000 0.619
3150.000 0.608
3155.000 0.608
3160.000 0.603
3165.000 0.594
3170.000 0.594
3175.000 0.597
3180.000 0.589
3185.000 0.585
3190.000 0.580
3195.000 0.580
3200.000 0.577
3205.000 0.585
3210.000 0.581
3215.000 0.583
3220.000 0.580
3225.000 0.586
3230.000 0.585
3235.000 0.587
3240.000 0.591
3245.000 0.594
3250.000 0.603
3255.000 0.606
3260.000 0.608
3265.000 0.617
3270.000 0.617
3275.000 0.621
3280.000 0.626
3285.000 0.636
3290.000 0.647
3295.000 0.651
3300.000 0.667
3305.000 0.679
3310.000 0.691
3315.000 0.703
3320.000 0.716
3325.000 0.734
3330.000 0.757
3335.000 0.772
3340.000 0.792
3345.000 0.820
3350.000 0.844
3355.000 0.872
3360.000 0.903
3365.000 0.941
3370.000 0.976
3375.000 1.015
3380.000 1.071
3385.000 1.126
3390.000 1.126
3395.000 1.186
3400.000 1.251
3405.000 1.335
3410.000 1.530
3415.000 1.530
3420.000 1.650
3425.000 1.801
3430.000 1.979
3435.000 2.201
3440.000 2.470
3445.000 2.819
3450.000 3.264
3455.000 3.836
3460.000 4.561
3465.000 5.474
3470.000 6.462
3475.000 7.242
3480.000 7.247
3485.000 6.173
3490.000 4.724
3495.000 3.773
3500.000 3.123
3505.000 2.667
3510.000 2.319
3515.000 2.319
3520.000 2.055
3525.000 1.838
3530.000 1.671
3535.000 1.520
3540.000 1.407
3545.000 1.306
3550.000 1.220
3555.000 1.138
3560.000 1.079
3565.000 1.006
3570.000 0.954
3575.000 0.909
3580.000 0.864
3585.000 0.830
3590.000 0.797
3595.000 0.765
3600.000 0.737
3605.000 0.710
3610.000 0.688
3615.000 0.668
3620.000 0.646
3625.000 0.626
3630.000 0.626
3635.000 0.613
3640.000 0.599
3645.000 0.566
3650.000 0.566
3655.000 0.545
3660.000 0.545
3665.000 0.532
3670.000 0.523
3675.000 0.514
3680.000 0.505
3685.000 0.499
3690.000 0.495
3695.000 0.482
3700.000 0.478
3705.000 0.473
3710.000 0.463
3715.000 0.464
3720.000 0.453
3725.000 0.448
3730.000 0.449
3735.000 0.448
3740.000 0.441
3745.000 0.437
3750.000 0.437
3755.000 0.438
3760.000 0.438
3765.000 0.430
3770.000 0.436
3775.000 0.436
3780.000 0.432
3785.000 0.432
3790.000 0.436
3795.000 0.433
3800.000 0.438
3805.000 0.436
3810.000 0.437
3815.000 0.439
3820.000 0.444
3825.000 0.447
3830.000 0.450
3835.000 0.453
3840.000 0.455
3845.000 0.465
3850.000 0.468
3855.000 0.475
3860.000 0.478
3865.000 0.487
3870.000 0.494
3875.000 0.498
3880.000 0.512
3885.000 0.512
3890.000 0.524
3895.000 0.529
3900.000 0.544
3905.000 0.570
3910.000 0.570
3915.000 0.584
3920.000 0.603
3925.000 0.627
3930.000 0.643
3935.000 0.659
3940.000 0.688
3945.000 0.716
3950.000 0.740
3955.000 0.781
3960.000 0.817
3965.000 0.858
3970.000 0.907
3975.000 0.965
3980.000 1.023
3985.000 1.096
3990.000 1.183
3995.000 1.277
4000.000 1.396
4005.000 1.396
4010.000 1.546
4015.000 1.719
4020.000 1.942
4025.000 2.234
4030.000 3.079
4035.000 3.079
4040.000 3.688
4045.000 4.436
4050.000 5.194
4055.000 5.647
4060.000 5.235
4065.000 4.103
4070.000 3.135
4075.000 2.555
4080.000 2.146
4085.000 1.845
4090.000 1.618
4095.000 1.444
4100.000 1.300
4105.000 1.184
4110.000 1.085
4115.000 1.001
4120.000 1.001
4125.000 0.934
4130.000 0.872
4135.000 0.815
4140.000 0.729
4145.000 0.729
4150.000 0.692
4155.000 0.660
4160.000 0.634
4165.000 0.605
4170.000 0.580
4175.000 0.558
4180.000 0.537
4185.000 0.519
4190.000 0.503
4195.000 0.485
4200.000 0.469
4205.000 0.462
4210.000 0.446
4215.000 0.438
4220.000 0.426
4225.000 0.415
4230.000 0.409
4235.000 0.397
4240.000 0.397
4245.000 0.390
4250.000 0.386
4255.000 0.373
4260.000 0.373
4265.000 0.365
4270.000 0.365
4275.000 0.356
4280.000 0.354
4285.000 0.348
4290.000 0.342
4295.000 0.336
4300.000 0.329
4305.000 0.326
4310.000 0.320
4315.000 0.313
4320.000 0.308
4325.000 0.301
4330.000 0.298
4335.000 0.294
4340.000 0.292
4345.000 0.293
4350.000 0.288
4355.000 0.287
4360.000 0.287
4365.000 0.287
4370.000 0.288
4375.000 0.289
4380.000 0.289
4385.000 0.288
4390.000 0.297
4395.000 0.297
4400.000 0.303
4405.000 0.300
4410.000 0.307
4415.000 0.310
4420.000 0.313
4425.000 0.320
4430.000 0.326
4435.000 0.326
4440.000 0.335
4445.000 0.338
4450.000 0.347
4455.000 0.354
4460.000 0.361
4465.000 0.370
4470.000 0.381
4475.000 0.390
4480.000 0.398
4485.000 0.412
4490.000 0.412
4495.000 0.422
4500.000 0.441
4505.000 0.458
4510.000 0.497
4515.000 0.516
4520.000 0.516
4525.000 0.543
4530.000 0.572
4535.000 0.599
4540.000 0.636
4545.000 0.674
4550.000 0.719
4555.000 0.772
4560.000 0.835
4565.000 0.906
4570.000 0.991
4575.000 1.088
4580.000 1.210
4585.000 1.355
4590.000 1.539
4595.000 1.767
4600.000 1.767
4605.000 2.050
4610.000 2.442
4615.000 2.936
4620.000 3.552
4625.000 4.227
4630.000 4.751
4635.000 4.800
4640.000 4.153
4645.000 3.251
4650.000 2.646
4655.000 2.236
4660.000 1.936
4665.000 1.713
4670.000 1.530
4675.000 1.396
4680.000 1.291
4685.000 1.193
4690.000 1.111
4695.000 1.041
4700.000 0.981
4705.000 0.933
4710.000 0.884
4715.000 0.843
4720.000 0.803
4725.000 0.769
4730.000 0.736
4735.000 0.736
4740.000 0.708
4745.000 0.679
4750.000 0.622
4755.000 0.622
4760.000 0.576
4765.000 0.576
4770.000 0.552
4775.000 0.531
4780.000 0.505
4785.000 0.481
4790.000 0.462
4795.000 0.442
4800.000 0.426
4805.000 0.409
4810.000 0.393
4815.000 0.373
4820.000 0.356
4825.000 0.346
4830.000 0.335
4835.000 0.327
4840.000 0.320
4845.000 0.311
4850.000 0.311
4855.000 0.304
4860.000 0.299
4865.000 0.303
4870.000 0.300
4875.000 0.298
4880.000 0.307
4885.000 0.320
4890.000 0.320
4895.000 0.320
4900.000 0.329
4905.000 0.342
4910.000 0.346
4915.000 0.363
4920.000 0.371
4925.000 0.388
4930.000 0.403
4935.000 0.418
4940.000 0.436
4945.000 0.455
4950.000 0.476
4955.000 0.499
4960.000 0.519
4965.000 0.541
4970.000 0.566
4975.000 0.566
4980.000 0.591
4985.000 0.617
4990.000 0.641
4995.000 0.678
5000.000 0.745
5005.000 0.745
5010.000 0.777
5015.000 0.822
5020.000 0.868
5025.000 0.906
5030.000 0.952
5035.000 0.998
5040.000 1.050
5045.000 1.104
5050.000 1.167
5055.000 1.227
5060.000 1.287
5065.000 1.353
5070.000 1.422
5075.000 1.494
5080.000 1.568
5085.000 1.568
5090.000 1.645
5095.000 1.723
5100.000 1.794
5105.000 1.851
5110.000 1.892
5115.000 1.892
5120.000 1.952
5125.000 1.952
5130.000 2.073
5135.000 2.264
5140.000 2.509
5145.000 2.804
5150.000 3.148
5155.000 3.555
5160.000 4.041
5165.000 4.612
5170.000 5.297
5175.000 6.106
5180.000 7.125
5185.000 8.361
5190.000 9.868
5195.000 11.554
5200.000 13.239
5205.000 14.395
5210.000 14.395
5215.000 14.371
5220.000 12.873
5225.000 8.985
5230.000 8.985
5235.000 7.624
5240.000 6.604
5245.000 5.780
5250.000 5.154
5255.000 4.641
5260.000 4.203
5265.000 3.845
5270.000 3.547
5275.000 3.278
5280.000 3.048
5285.000 2.847
5290.000 2.674
5295.000 2.517
5300.000 2.377
5305.000 2.254
5310.000 2.140
5315.000 2.034
5320.000 1.941
5325.000 1.857
5330.000 1.781
5335.000 1.781
5340.000 1.715
5345.000 1.646
5350.000 1.586
5355.000 1.535
5360.000 1.475
5365.000 1.436
5370.000 1.390
5375.000 1.350
5380.000 1.310
5385.000 1.277
5390.000 1.242
5395.000 1.215
5400.000 1.187
5405.000 1.161
5410.000 1.138
5415.000 1.112
5420.000 1.091
5425.000 1.074
5430.000 1.056
5435.000 1.038
5440.000 1.024
5445.000 1.007
5450.000 0.990
5455.000 0.984
5460.000 0.984
5465.000 0.964
5470.000 0.964
5475.000 0.951
5480.000 0.943
5485.000 0.933
5490.000 0.931
5495.000 0.922
5500.000 0.916
5505.000 0.916
5510.000 0.912
5515.000 0.911
5520.000 0.909
5525.000 0.904
5530.000 0.904
5535.000 0.906
5540.000 0.908
5545.000 0.912
5550.000 0.913
5555.000 0.919
5560.000 0.923
5565.000 0.928
5570.000 0.935
5575.000 0.935
5580.000 0.943
5585.000 0.952
5590.000 0.960
5595.000 0.974
5600.000 0.985
5605.000 1.001
5610.000 1.016
5615.000 1.033
5620.000 1.049
5625.000 1.069
5630.000 1.094
5635.000 1.121
5640.000 1.142
5645.000 1.171
5650.000 1.203
5655.000 1.240
5660.000 1.280
5665.000 1.319
5670.000 1.366
5675.000 1.415
5680.000 1.473
5685.000 1.534
5690.000 1.609
5695.000 1.694
5700.000 1.694
5705.000 1.884
5710.000 1.884
5715.000 2.004
5720.000 2.145
5725.000 2.487
5730.000 2.712
5735.000 2.712
5740.000 2.990
5745.000 3.321
5750.000 3.732
5755.000 4.240
5760.000 4.909
5765.000 5.735
5770.000 6.776
5775.000 7.971
5780.000 9.106
5785.000 9.712
5790.000 9.301
5795.000 7.819
5800.000 6.203
5805.000 5.067
5810.000 4.268
5815.000 3.671
5820.000 3.223
5825.000 3.223
5830.000 2.874
5835.000 2.585
5840.000 2.345
5845.000 2.142
5850.000 1.976
5855.000 1.833
5860.000 1.711
5865.000 1.614
5870.000 1.520
5875.000 1.438
5880.000 1.368
5885.000 1.298
5890.000 1.243
5895.000 1.189
5900.000 1.144
5905.000 1.101
5910.000 1.059
5915.000 1.019
5920.000 0.992
5925.000 0.958
5930.000 0.929
5935.000 0.906
5940.000 0.881
5945.000 0.859
5950.000 0.841
5955.000 0.822
5960.000 0.822
5965.000 0.802
5970.000 0.788
5975.000 0.774
5980.000 0.760
5985.000 0.738
5990.000 0.738
5995.000 0.722
6000.000 0.716
6005.000 0.708
6010.000 0.700
6015.000 0.692
6020.000 0.679
6025.000 0.674
6030.000 0.672
6035.000 0.662
6040.000 0.658
6045.000 0.655
6050.000 0.653
6055.000 0.648
6060.000 0.648
6065.000 0.646
6070.000 0.645
6075.000 0.645
6080.000 0.644
6085.000 0.646
6090.000 0.646
6095.000 0.645
6100.000 0.645
6105.000 0.652
6110.000 0.654
6115.000 0.653
6120.000 0.657
6125.000 0.663
6130.000 0.668
6135.000 0.672
6140.000 0.682
6145.000 0.689
6150.000 0.695
6155.000 0.708
6160.000 0.716
6165.000 0.723
6170.000 0.735
6175.000 0.745
6180.000 0.759
6185.000 0.777
6190.000 0.777
6195.000 0.789
6200.000 0.803
6205.000 0.842
6210.000 0.866
6215.000 0.866
6220.000 0.890
6225.000 0.917
6230.000 0.943
6235.000 0.979
6240.000 1.011
6245.000 1.051
6250.000 1.090
6255.000 1.136
6260.000 1.185
6265.000 1.242
6270.000 1.306
6275.000 1.378
6280.000 1.461
6285.000 1.550
6290.000 1.658
6295.000 1.779
6300.000 1.923
6305.000 2.090
6310.000 2.090
6315.000 2.540
6320.000 2.540
6325.000 3.214
6330.000 3.692
6335.000 4.306
6340.000 5.084
6345.000 5.084
6350.000 5.999
6355.000 7.012
6360.000 7.850
6365.000 8.055
6370.000 7.267
6375.000 5.861
6380.000 4.691
6385.000 3.903
6390.000 3.344
6395.000 2.896
6400.000 2.574
6405.000 2.308
6410.000 2.086
6415.000 1.905
6420.000 1.755
6425.000 1.625
6430.000 1.518
6435.000 1.518
6440.000 1.423
6445.000 1.345
6450.000 1.202
6455.000 1.143
6460.000 1.143
6465.000 1.093
6470.000 1.046
6475.000 1.006
6480.000 0.966
6485.000 0.931
6490.000 0.896
6495.000 0.870
6500.000 0.842
6505.000 0.818
6510.000 0.794
6515.000 0.773
6520.000 0.754
6525.000 0.738
6530.000 0.721
6535.000 0.704
6540.000 0.690
6545.000 0.690
6550.000 0.679
6555.000 0.664
6560.000 0.657
6565.000 0.647
6570.000 0.638
6575.000 0.626
6580.000 0.623
6585.000 0.612
6590.000 0.607
6595.000 0.601
6600.000 0.597
6605.000 0.589
6610.000 0.589
6615.000 0.581
6620.000 0.582
6625.000 0.574
6630.000 0.574
6635.000 0.573
6640.000 0.572
6645.000 0.576
6650.000 0.569
6655.000 0.570
6660.000 0.569
6665.000 0.575
6670.000 0.575
6675.000 0.573
6680.000 0.576
6685.000 0.577
6690.000 0.582
6695.000 0.585
6700.000 0.586
6705.000 0.595
6710.000 0.595
6715.000 0.606
6720.000 0.611
6725.000 0.621
6730.000 0.626
6735.000 0.636
6740.000 0.641
6745.000 0.657
6750.000 0.663
6755.000 0.678
6760.000 0.689
6765.000 0.701
6770.000 0.715
6775.000 0.737
6780.000 0.753
6785.000 0.772
6790.000 0.793
6795.000 0.793
6800.000 0.816
6805.000 0.843
6810.000 0.872
6815.000 0.900
6820.000 0.934
6825.000 0.972
6830.000 1.011
6835.000 1.054
6840.000 1.108
6845.000 1.162
6850.000 1.224
6855.000 1.294
6860.000 1.374
6865.000 1.466
6870.000 1.569
6875.000 1.690
6880.000 1.837
6885.000 2.009
6890.000 2.214
6895.000 2.456
6900.000 2.759
6905.000 3.148
6910.000 3.620
6915.000 4.236
6920.000 4.236
6925.000 4.987
6930.000 6.589
6935.000 6.589
6940.000 6.675
6945.000 5.679
6950.000 5.679
6955.000 3.802
6960.000 3.802
6965.000 3.237
6970.000 2.793
6975.000 2.461
6980.000 2.200
6985.000 1.991
6990.000 1.816
6995.000 1.668
7000.000 1.547
7005.000 1.440
7010.000 1.348
7015.000 1.269
7020.000 1.198
7025.000 1.142
7030.000 1.081
7035.000 1.074
7040.000 1.024
7045.000 0.983
7050.000 0.945
7055.000 0.876
7060.000 0.847
7065.000 0.847
7070.000 0.819
7075.000 0.790
7080.000 0.769
7085.000 0.748
7090.000 0.729
7095.000 0.709
7100.000 0.693
7105.000 0.683
7110.000 0.660
7115.000 0.650
7120.000 0.638
7125.000 0.626
7130.000 0.617
7135.000 0.607
7140.000 0.594
7145.000 0.590
7150.000 0.581
7155.000 0.581
7160.000 0.572
7165.000 0.565
7170.000 0.560
7175.000 0.555
7180.000 0.550
7185.000 0.548
7190.000 0.544
7195.000 0.537
7200.000 0.533
7205.000 0.533
7210.000 0.530
7215.000 0.532
7220.000 0.526
7225.000 0.524
7230.000 0.528
7235.000 0.525
7240.000 0.523
7245.000 0.520
7250.000 0.525
7255.000 0.525
7260.000 0.531
7265.000 0.530
7270.000 0.531
7275.000 0.531
7280.000 0.531
7285.000 0.538
7290.000 0.543
7295.000 0.543
7300.000 0.546
7305.000 0.556
7310.000 0.561
7315.000 0.565
7320.000 0.575
7325.000 0.582
7330.000 0.588
7335.000 0.603
7340.000 0.612
7345.000 0.620
7350.000 0.634
7355.000 0.643
7360.000 0.658
7365.000 0.672
7370.000 0.689
7375.000 0.708
7380.000 0.730
7385.000 0.745
7390.000 0.771
7395.000 0.797
7400.000 0.821
7405.000 0.848
7410.000 0.848
7415.000 0.877
7420.000 0.918
7425.000 1.069
7430.000 1.193
7435.000 1.303
7440.000 1.303
7445.000 1.420
7450.000 1.530
7455.000 1.659
7460.000 1.803
7465.000 1.968
7470.000 2.150
7475.000 2.382
7480.000 2.674
7485.000 3.036
7490.000 3.477
7495.000 4.036
7500.000 4.704
7505.000 5.462
7510.000 6.177
7515.000 6.534
7520.000 6.186
7525.000 5.217
7530.000 4.146
7535.000 3.465
7540.000 3.465
7545.000 2.543
7550.000 2.543
7555.000 2.015
7560.000 2.015
7565.000 1.824
7570.000 1.666
7575.000 1.530
7580.000 1.437
7585.000 1.341
7590.000 1.249
7595.000 1.175
7600.000 1.108
7605.000 1.055
7610.000 1.004
7615.000 0.956
7620.000 0.914
7625.000 0.877
7630.000 0.841
7635.000 0.815
7640.000 0.782
7645.000 0.782
7650.000 0.761
7655.000 0.735
7660.000 0.715
7665.000 0.692
7670.000 0.678
7675.000 0.660
7680.000 0.630
7685.000 0.630
7690.000 0.617
7695.000 0.606
7700.000 0.592
7705.000 0.586
7710.000 0.575
7715.000 0.560
7720.000 0.554
7725.000 0.550
7730.000 0.544
7735.000 0.532
7740.000 0.531
7745.000 0.522
7750.000 0.522
7755.000 0.514
7760.000 0.511
7765.000 0.508
7770.000 0.508
7775.000 0.505
7780.000 0.503
7785.000 0.498
7790.000 0.498
7795.000 0.498
7800.000 0.497
7805.000 0.498
7810.000 0.498
7815.000 0.496
7820.000 0.497
7825.000 0.498
7830.000 0.502
7835.000 0.498
7840.000 0.502
7845.000 0.509
7850.000 0.511
7855.000 0.515
7860.000 0.519
7865.000 0.524
7870.000 0.528
7875.000 0.538
7880.000 0.541
7885.000 0.549
7890.000 0.560
7895.000 0.560
7900.000 0.562
7905.000 0.580
7910.000 0.586
7915.000 0.594
7920.000 0.607
7925.000 0.618
7930.000 0.637
7935.000 0.651
7940.000 0.670
7945.000 0.682
7950.000 0.702
7955.000 0.729
7960.000 0.749
7965.000 0.777
7970.000 0.806
7975.000 0.832
7980.000 0.861
7985.000 0.888
7990.000 0.925
7995.000 0.969
8000.000 1.017
8005.000 1.067
8010.000 1.131
8015.000 1.206
8020.000 1.293
8025.000 1.401
8030.000 1.517
8035.000 1.517
8040.000 1.653
8045.000 1.816
8050.000 2.006
8055.000 2.229
8060.000 2.512
8065.000 2.816
8070.000 3.204
8075.000 3.708
8080.000 4.311
8085.000 4.959
8090.000 5.451
8095.000 5.544
8100.000 5.093
8105.000 4.279
8110.000 3.521
8115.000 2.968
8120.000 2.551
8125.000 2.237
8130.000 2.237
8135.000 1.987
8140.000 1.790
8145.000 1.629
8150.000 1.496
8155.000 1.381
8160.000 1.286
8165.000 1.207
8170.000 1.141
8175.000 1.083
8180.000 1.021
8185.000 0.970
8190.000 0.925
8195.000 0.882
8200.000 0.842
8205.000 0.808
8210.000 0.774
8215.000 0.749
8220.000 0.725
8225.000 0.703
8230.000 0.677
8235.000 0.664
8240.000 0.644
8245.000 0.626
8250.000 0.611
8255.000 0.611
8260.000 0.584
8265.000 0.584
8270.000 0.567
8275.000 0.558
8280.000 0.550
8285.000 0.539
8290.000 0.529
8295.000 0.520
8300.000 0.516
8305.000 0.504
8310.000 0.499
8315.000 0.498
8320.000 0.495
8325.000 0.489
8330.000 0.488
8335.000 0.484
8340.000 0.480
8345.000 0.474
8350.000 0.474
8355.000 0.470
8360.000 0.468
8365.000 0.467
8370.000 0.469
8375.000 0.465
8380.000 0.465
8385.000 0.465
8390.000 0.467
8395.000 0.468
8400.000 0.468
8405.000 0.467
8410.000 0.468
8415.000 0.468
8420.000 0.477
8425.000 0.477
8430.000 0.480
8435.000 0.483
8440.000 0.490
8445.000 0.494
8450.000 0.499
8455.000 0.506
8460.000 0.509
8465.000 0.518
8470.000 0.523
8475.000 0.533
8480.000 0.542
8485.000 0.547
8490.000 0.553
8495.000 0.560
8500.000 0.573
8505.000 0.573
8510.000 0.586
8515.000 0.602
8520.000 0.634
8525.000 0.634
8530.000 0.654
8535.000 0.674
8540.000 0.695
8545.000 0.718
8550.000 0.743
8555.000 0.772
8560.000 0.803
8565.000 0.839
8570.000 0.874
8575.000 0.915
8580.000 0.970
8585.000 1.019
8590.000 1.084
8595.000 1.151
8600.000 1.235
8605.000 1.327
8610.000 1.437
8615.000 1.437
8620.000 1.565
8625.000 1.717
8630.000 1.907
8635.000 2.135
8640.000 2.422
8645.000 2.781
8650.000 3.182
8655.000 3.680
8660.000 4.158
8665.000 4.505
8670.000 4.534
8675.000 4.151
8680.000 3.490
8685.000 2.882
8690.000 2.446
8695.000 2.149
8700.000 1.971
8705.000 1.878
8710.000 1.801
8715.000 1.682
8720.000 1.534
8725.000 1.406
8730.000 1.307
8735.000 1.208
8740.000 1.208
8745.000 1.128
8750.000 0.985
8755.000 0.985
8760.000 0.928
8765.000 0.879
8770.000 0.838
8775.000 0.795
8780.000 0.759
8785.000 0.729
8790.000 0.699
8795.000 0.676
8800.000 0.652
8805.000 0.632
8810.000 0.611
8815.000 0.593
8820.000 0.578
8825.000 0.562
8830.000 0.546
8835.000 0.538
8840.000 0.525
8845.000 0.515
8850.000 0.506
8855.000 0.496
8860.000 0.486
8865.000 0.475
8870.000 0.475
8875.000 0.469
8880.000 0.462
8885.000 0.457
8890.000 0.447
8895.000 0.440
8900.000 0.435
8905.000 0.433
8910.000 0.425
8915.000 0.422
8920.000 0.420
8925.000 0.417
8930.000 0.417
8935.000 0.412
8940.000 0.412
8945.000 0.418
8950.000 0.423
8955.000 0.422
8960.000 0.421
8965.000 0.417
8970.000 0.419
8975.000 0.421
8980.000 0.424
8985.000 0.422
8990.000 0.422
8995.000 0.429
9000.000 0.425
9005.000 0.426
9010.000 0.432
9015.000 0.433
9020.000 0.432
9025.000 0.441
9030.000 0.444
9035.000 0.450
9040.000 0.455
9045.000 0.463
9050.000 0.469
9055.000 0.475
9060.000 0.482
9065.000 0.491
9070.000 0.500
9075.000 0.512
9080.000 0.522
9085.000 0.534
9090.000 0.546
9095.000 0.559
9100.000 0.574
9105.000 0.591
9110.000 0.591
9115.000 0.605
9120.000 0.627
9125.000 0.647
9130.000 0.671
9135.000 0.693
9140.000 0.720
9145.000 0.755
9150.000 0.790
9155.000 0.829
9160.000 0.868
9165.000 0.922
9170.000 0.973
9175.000 1.040
9180.000 1.113
9185.000 1.196
9190.000 1.296
9195.000 1.417
9200.000 1.547
9205.000 1.706
9210.000 1.896
9215.000 2.110
9220.000 2.351
9225.000 2.635
9230.000 2.635
9235.000 3.410
9240.000 3.831
9245.000 3.831
9250.000 4.124
9255.000 4.124
9260.000 3.747
9265.000 2.659
9270.000 2.659
9275.000 2.284
9280.000 1.984
9285.000 1.747
9290.000 1.562
9295.000 1.406
9300.000 1.285
9305.000 1.177
9310.000 1.088
9315.000 1.014
9320.000 0.947
9325.000 0.891
9330.000 0.841
9335.000 0.795
9340.000 0.758
9345.000 0.722
9350.000 0.689
9355.000 0.689
9360.000 0.659
9365.000 0.636
9370.000 0.608
9375.000 0.570
9380.000 0.550
9385.000 0.550
9390.000 0.535
9395.000 0.518
9400.000 0.506
9405.000 0.491
9410.000 0.481
9415.000 0.467
9420.000 0.455
9425.000 0.448
9430.000 0.438
9435.000 0.428
9440.000 0.420
9445.000 0.418
9450.000 0.407
9455.000 0.401
9460.000 0.392
9465.000 0.386
9470.000 0.385
9475.000 0.381
9480.000 0.381
9485.000 0.376
9490.000 0.372
9495.000 0.364
9500.000 0.360
9505.000 0.360
9510.000 0.359
9515.000 0.358
9520.000 0.354
9525.000 0.355
9530.000 0.355
9535.000 0.352
9540.000 0.352
9545.000 0.353
9550.000 0.353
9555.000 0.355
9560.000 0.356
9565.000 0.354
9570.000 0.355
9575.000 0.360
9580.000 0.362
9585.000 0.365
9590.000 0.365
9595.000 0.366
9600.000 0.370
9605.000 0.371
9610.000 0.374
9615.000 0.379
9620.000 0.381
9625.000 0.389
9630.000 0.392
9635.000 0.400
9640.000 0.407
9645.000 0.414
9650.000 0.420
9655.000 0.430
9660.000 0.440
9665.000 0.447
9670.000 0.459
9675.000 0.470
9680.000 0.481
9685.000 0.497
9690.000 0.510
9695.000 0.534
9700.000 0.548
9705.000 0.565
9710.000 0.589
9715.000 0.589
9720.000 0.610
9725.000 0.639
9730.000 0.703
9735.000 0.703
9740.000 0.737
9745.000 0.780
9750.000 0.826
9755.000 0.883
9760.000 0.945
9765.000 1.022
9770.000 1.100
9775.000 1.205
9780.000 1.321
9785.000 1.464
9790.000 1.639
9795.000 1.851
9800.000 2.114
9805.000 2.413
9810.000 2.752
9815.000 3.078
9820.000 3.300
9825.000 3.297
9830.000 3.026
9835.000 2.606
9840.000 2.606
9845.000 2.213
9850.000 1.913
9855.000 1.690
9860.000 1.518
9865.000 1.372
9870.000 1.241
9875.000 1.141
9880.000 1.044
9885.000 0.963
9890.000 0.896
9895.000 0.838
9900.000 0.782
9905.000 0.739
9910.000 0.696
9915.000 0.665
9920.000 0.630
9925.000 0.603
9930.000 0.580
9935.000 0.554
9940.000 0.530
9945.000 0.515
9950.000 0.498
9955.000 0.481
9960.000 0.465
9965.000 0.465
9970.000 0.454
9975.000 0.436
9980.000 0.426
9985.000 0.417
9990.000 0.408
9995.000 0.396
10000.000 0.387
10005.000 0.380
10010.000 0.373
10015.000 0.364
10020.000 0.358
10025.000 0.349
10030.000 0.347
10035.000 0.342
10040.000 0.336
10045.000 0.336
10050.000 0.330
10055.000 0.324
10060.000 0.322
10065.000 0.319
10070.000 0.316
10075.000 0.315
10080.000 0.312
10085.000 0.309
10090.000 0.309
10095.000 0.306
10100.000 0.306
10105.000 0.305
10110.000 0.305
10115.000 0.304
10120.000 0.306
10125.000 0.308
10130.000 0.306
10135.000 0.304
10140.000 0.308
10145.000 0.308
10150.000 0.307
10155.000 0.312
10160.000 0.312
10165.000 0.315
10170.000 0.315
10175.000 0.320
10180.000 0.324
10185.000 0.327
10190.000 0.329
10195.000 0.333
10200.000 0.339
10205.000 0.339
10210.000 0.343
10215.000 0.354
10220.000 0.354
10225.000 0.362
10230.000 0.367
10235.000 0.383
10240.000 0.383
10245.000 0.391
10250.000 0.402
10255.000 0.411
10260.000 0.421
10265.000 0.435
10270.000 0.448
10275.000 0.464
10280.000 0.479
10285.000 0.497
10290.000 0.518
10295.000 0.539
10300.000 0.565
10305.000 0.593
10310.000 0.625
10315.000 0.658
10320.000 0.692
10325.000 0.692
10330.000 0.741
10335.000 0.794
10340.000 0.850
10345.000 0.918
10350.000 0.995
10355.000 1.207
10360.000 1.207
10365.000 1.345
10370.000 1.502
10375.000 1.677
10380.000 1.915
10385.000 2.177
10390.000 2.450
10395.000 2.680
10400.000 2.791
10405.000 2.698
10410.000 2.429
10415.000 2.084
10420.000 1.789
10425.000 1.505
10430.000 1.323
10435.000 1.175
10440.000 1.057
10445.000 0.958
10450.000 0.958
10455.000 0.875
10460.000 0.750
10465.000 0.750
10470.000 0.698
10475.000 0.654
10480.000 0.614
10485.000 0.551
10490.000 0.551
10495.000 0.523
10500.000 0.495
10505.000 0.476
10510.000 0.455
10515.000 0.437
10520.000 0.421
10525.000 0.410
10530.000 0.395
10535.000 0.383
10540.000 0.372
10545.000 0.362
10550.000 0.354
10555.000 0.344
10560.000 0.344
10565.000 0.338
10570.000 0.328
10575.000 0.315
10580.000 0.315
10585.000 0.310
10590.000 0.306
10595.000 0.302
10600.000 0.297
10605.000 0.293
10610.000 0.291
10615.000 0.288
10620.000 0.283
10625.000 0.283
10630.000 0.279
10635.000 0.278
10640.000 0.274
10645.000 0.272
10650.000 0.272
10655.000 0.269
10660.000 0.269
10665.000 0.268
10670.000 0.266
10675.000 0.263
10680.000 0.260
10685.000 0.260
10690.000 0.266
10695.000 0.263
10700.000 0.262
10705.000 0.264
10710.000 0.264
10715.000 0.265
10720.000 0.265
10725.000 0.265
10730.000 0.266
10735.000 0.271
10740.000 0.270
10745.000 0.269
10750.000 0.273
10755.000 0.275
10760.000 0.280
10765.000 0.279
10770.000 0.284
10775.000 0.290
10780.000 0.290
10785.000 0.294
10790.000 0.300
10795.000 0.303
10800.000 0.314
10805.000 0.316
10810.000 0.325
10815.000 0.330
10820.000 0.330
10825.000 0.339
10830.000 0.345
10835.000 0.358
10840.000 0.375
10845.000 0.375
10850.000 0.384
10855.000 0.401
10860.000 0.412
10865.000 0.428
10870.000 0.445
10875.000 0.464
10880.000 0.484
10885.000 0.508
10890.000 0.530
10895.000 0.559
10900.000 0.594
10905.000 0.631
10910.000 0.680
10915.000 0.722
10920.000 0.779
10925.000 0.845
10930.000 0.925
10935.000 0.925
10940.000 1.012
10945.000 1.113
10950.000 1.235
10955.000 1.353
10960.000 1.506
10965.000 1.681
10970.000 1.871
10975.000 2.076
10980.000 2.252
10985.000 2.291
10990.000 2.161
10995.000 1.872
11000.000 1.610
11005.000 1.389
11010.000 1.221
11015.000 1.083
11020.000 0.968
11025.000 0.871
11030.000 0.793
11035.000 0.727
11040.000 0.669
11045.000 0.629
11050.000 0.629
11055.000 0.550
11060.000 0.550
11065.000 0.517
11070.000 0.494
11075.000 0.469
11080.000 0.425
11085.000 0.425
11090.000 0.410
11095.000 0.392
11100.000 0.378
11105.000 0.369
11110.000 0.352
11115.000 0.345
11120.000 0.332
11125.000 0.322
11130.000 0.314
11135.000 0.308
11140.000 0.301
11145.000 0.291
11150.000 0.286
11155.000 0.278
11160.000 0.275
11165.000 0.268
11170.000 0.264
11175.000 0.258
11180.000 0.258
11185.000 0.249
11190.000 0.249
11195.000 0.247
11200.000 0.244
11205.000 0.242
11210.000 0.238
11215.000 0.239
11220.000 0.235
11225.000 0.233
11230.000 0.235
11235.000 0.230
11240.000 0.228
11245.000 0.228
11250.000 0.228
11255.000 0.227
11260.000 0.225
11265.000 0.224
11270.000 0.225
11275.000 0.224
11280.000 0.228
11285.000 0.228
11290.000 0.226
11295.000 0.225
11300.000 0.225
11305.000 0.227
11310.000 0.229
11315.000 0.231
11320.000 0.236
11325.000 0.237
11330.000 0.237
11335.000 0.237
11340.000 0.242
11345.000 0.240
11350.000 0.247
11355.000 0.248
11360.000 0.253
11365.000 0.254
11370.000 0.261
11375.000 0.265
11380.000 0.268
11385.000 0.271
11390.000 0.279
11395.000 0.286
11400.000 0.291
11405.000 0.297
11410.000 0.308
11415.000 0.316
11420.000 0.325
11425.000 0.335
11430.000 0.335
11435.000 0.347
11440.000 0.359
11445.000 0.374
11450.000 0.388
11455.000 0.421
11460.000 0.421
11465.000 0.444
11470.000 0.467
11475.000 0.493
11480.000 0.521
11485.000 0.558
11490.000 0.601
11495.000 0.648
11500.000 0.700
11505.000 0.765
11510.000 0.835
11515.000 0.925
11520.000 1.026
11525.000 1.154
11530.000 1.296
11535.000 1.296
11540.000 1.457
11545.000 1.640
11550.000 1.821
11555.000 1.945
11560.000 1.945
11565.000 1.833
11570.000 1.418
11575.000 1.418
11580.000 1.227
11585.000 1.073
11590.000 0.955
11595.000 0.848
11600.000 0.770
11605.000 0.698
11610.000 0.642
11615.000 0.597
11620.000 0.553
11625.000 0.517
11630.000 0.487
11635.000 0.457
11640.000 0.432
11645.000 0.410
11650.000 0.391
11655.000 0.376
11660.000 0.358
11665.000 0.345
11670.000 0.345
11675.000 0.331
11680.000 0.308
11685.000 0.308
11690.000 0.298
11695.000 0.291
11700.000 0.280
11705.000 0.274
11710.000 0.266
11715.000 0.260
11720.000 0.253
11725.000 0.248
11730.000 0.243
11735.000 0.237
11740.000 0.232
11745.000 0.230
11750.000 0.226
11755.000 0.223
11760.000 0.216
11765.000 0.213
11770.000 0.213
11775.000 0.211
11780.000 0.204
11785.000 0.204
11790.000 0.202
11795.000 0.202
11800.000 0.200
11805.000 0.195
11810.000 0.195
11815.000 0.194
11820.000 0.194
11825.000 0.194
11830.000 0.194
11835.000 0.194
11840.000 0.192
11845.000 0.193
11850.000 0.193
11855.000 0.192
11860.000 0.195
11865.000 0.191
11870.000 0.195
11875.000 0.193
11880.000 0.196
11885.000 0.198
11890.000 0.196
11895.000 0.200
11900.000 0.202
11905.000 0.202
11910.000 0.202
11915.000 0.206
11920.000 0.207
11925.000 0.210
11930.000 0.214
11935.000 0.216
11940.000 0.219
11945.000 0.221
11950.000 0.224
11955.000 0.230
11960.000 0.234
11965.000 0.241
11970.000 0.246
11975.000 0.252
11980.000 0.259
11985.000 0.266
11990.000 0.273
11995.000 0.279
12000.000 0.287
