105.000 0.148
110.000 0.174
115.000 0.283
120.000 0.283
125.000 0.160
130.000 0.194
135.000 0.324
140.000 0.279
145.000 0.362
150.000 0.204
155.000 0.185
160.000 0.251
165.000 0.410
170.000 0.225
175.000 0.266
180.000 0.255
185.000 0.255
190.000 0.417
195.000 0.206
200.000 0.367
205.000 0.335
210.000 0.335
215.000 0.442
220.000 0.367
225.000 0.385
230.000 0.386
235.000 0.386
240.000 0.356
245.000 0.465
250.000 0.475
255.000 0.521
260.000 0.488
265.000 0.447
270.000 0.537
275.000 0.657
280.000 0.788
285.000 0.585
290.000 0.689
295.000 0.698
300.000 0.838
305.000 0.857
310.000 0.945
315.000 0.975
320.000 0.975
325.000 1.004
330.000 1.004
335.000 0.981
340.000 0.991
345.000 1.017
350.000 1.017
355.000 1.185
360.000 1.329
365.000 1.423
370.000 1.392
375.000 1.856
380.000 1.763
385.000 1.907
390.000 2.095
395.000 2.344
400.000 2.256
405.000 2.362
410.000 2.869
415.000 3.016
420.000 3.702
425.000 3.770
430.000 4.405
435.000 4.883
440.000 5.505
445.000 6.166
450.000 6.166
455.000 6.741
460.000 7.445
465.000 8.926
470.000 9.837
475.000 9.837
480.000 12.861
485.000 12.861
490.000 14.664
495.000 16.941
500.000 20.356
505.000 23.506
510.000 25.906
515.000 26.032
520.000 21.762
525.000 15.939
530.000 11.920
535.000 9.571
540.000 7.689
545.000 6.498
550.000 5.786
555.000 5.082
560.000 4.322
565.000 3.871
570.000 3.387
575.000 2.934
580.000 2.788
585.000 2.603
590.000 2.284
595.000 2.088
600.000 1.881
605.000 1.815
610.000 1.815
615.000 1.639
620.000 1.538
625.000 1.429
630.000 1.622
635.000 1.278
640.000 1.162
645.000 1.138
650.000 1.024
655.000 0.980
660.000 0.961
665.000 0.954
670.000 0.849
675.000 0.810
680.000 0.810
685.000 0.802
690.000 0.822
695.000 0.713
700.000 0.656
705.000 0.654
710.000 0.654
715.000 0.596
720.000 0.619
725.000 0.593
730.000 0.581
735.000 0.560
740.000 0.547
745.000 0.539
750.000 0.525
755.000 0.483
760.000 0.465
765.000 0.474
770.000 0.473
775.000 0.457
780.000 0.451
785.000 0.452
790.000 0.428
795.000 0.432
800.000 0.424
805.000 0.426
810.000 0.416
815.000 0.408
820.000 0.425
825.000 0.423
830.000 0.441
835.000 0.403
840.000 0.402
845.000 0.397
850.000 0.397
855.000 0.394
860.000 0.391
865.000 0.416
870.000 0.402
875.000 0.397
880.000 0.404
885.000 0.393
890.000 0.396
895.000 0.407
900.000 0.407
905.000 0.421
910.000 0.426
915.000 0.442
920.000 0.487
925.000 0.496
930.000 0.515
935.000 0.515
940.000 0.592
945.000 0.600
950.000 0.696
955.000 0.696
960.000 0.907
965.000 0.944
970.000 1.223
975.000 1.223
980.000 1.420
985.000 1.710
990.000 2.136
995.000 2.600
1000.000 2.863
1005.000 2.546
1010.000 1.704
1015.000 1.151
1020.000 0.977
1025.000 0.795
1030.000 0.667
1035.000 0.574
1040.000 0.510
1045.000 0.460
1050.000 0.420
1055.000 0.359
1060.000 0.338
1065.000 0.315
1070.000 0.315
1075.000 0.294
1080.000 0.276
1085.000 0.266
1090.000 0.266
1095.000 0.239
1100.000 0.239
1105.000 0.236
1110.000 0.225
1115.000 0.229
1120.000 0.222
1125.000 0.216
1130.000 0.222
1135.000 0.227
1140.000 0.239
1145.000 0.217
1150.000 0.202
1155.000 0.205
1160.000 0.214
1165.000 0.208
1170.000 0.202
1175.000 0.203
1180.000 0.202
1185.000 0.209
1190.000 0.220
1195.000 0.220
1200.000 0.214
1205.000 0.229
1210.000 0.229
1215.000 0.215
1220.000 0.236
1225.000 0.232
1230.000 0.241
1235.000 0.237
1240.000 0.250
1245.000 0.241
1250.000 0.259
1255.000 0.267
1260.000 0.280
1265.000 0.271
1270.000 0.270
1275.000 0.290
1280.000 0.293
1285.000 0.289
1290.000 0.305
1295.000 0.305
1300.000 0.319
1305.000 0.337
1310.000 0.357
1315.000 0.357
1320.000 0.380
1325.000 0.386
1330.000 0.402
1335.000 0.402
1340.000 0.432
1345.000 0.438
1350.000 0.453
1355.000 0.474
1360.000 0.505
1365.000 0.537
1370.000 0.562
1375.000 0.595
1380.000 0.613
1385.000 0.658
1390.000 0.689
1395.000 0.755
1400.000 0.769
1405.000 0.844
1410.000 0.906
1415.000 0.986
1420.000 0.986
1425.000 1.192
1430.000 1.192
1435.000 1.483
1440.000 1.483
1445.000 1.903
1450.000 1.903
1455.000 2.190
1460.000 2.588
1465.000 3.112
1470.000 3.827
1475.000 4.744
1480.000 5.828
1485.000 6.845
1490.000 7.229
1495.000 6.273
1500.000 4.699
1505.000 3.674
1510.000 3.072
1515.000 2.676
1520.000 2.328
1525.000 2.127
1530.000 1.929
1535.000 1.765
1540.000 1.629
1545.000 1.629
1550.000 1.523
1555.000 1.446
1560.000 1.294
1565.000 1.242
1570.000 1.199
1575.000 1.136
1580.000 1.101
1585.000 1.101
1590.000 1.062
1595.000 1.028
1600.000 0.996
1605.000 0.973
1610.000 0.943
1615.000 0.930
1620.000 0.907
1625.000 0.880
1630.000 0.859
1635.000 0.843
1640.000 0.827
1645.000 0.819
1650.000 0.801
1655.000 0.786
1660.000 0.777
1665.000 0.773
1670.000 0.758
1675.000 0.723
1680.000 0.723
1685.000 0.700
1690.000 0.674
1695.000 0.674
1700.000 0.674
1705.000 0.649
1710.000 0.628
1715.000 0.611
1720.000 0.590
1725.000 0.581
1730.000 0.576
1735.000 0.569
1740.000 0.579
1745.000 0.598
1750.000 0.615
1755.000 0.650
1760.000 0.685
1765.000 0.726
1770.000 0.778
1775.000 0.825
1780.000 0.825
1785.000 0.950
1790.000 1.016
1795.000 1.016
1800.000 1.141
1805.000 1.141
1810.000 1.275
1815.000 1.275
1820.000 1.348
1825.000 1.424
1830.000 1.505
1835.000 1.566
1840.000 1.657
1845.000 1.720
1850.000 1.833
1855.000 1.911
1860.000 2.031
1865.000 2.122
1870.000 2.248
1875.000 2.404
1880.000 2.535
1885.000 2.690
1890.000 2.826
1895.000 3.010
1900.000 3.235
1905.000 3.495
1910.000 3.769
1915.000 4.093
1920.000 4.093
1925.000 4.355
1930.000 5.165
1935.000 5.734
1940.000 6.332
1945.000 6.332
1950.000 6.924
1955.000 7.731
1960.000 8.433
1965.000 9.291
1970.000 9.974
1975.000 10.565
1980.000 10.841
1985.000 10.737
1990.000 10.289
1995.000 9.537
2000.000 8.798
2005.000 8.033
2010.000 7.361
2015.000 6.703
2020.000 6.172
2025.000 5.704
2030.000 5.310
2035.000 4.931
2040.000 4.641
2045.000 4.359
2050.000 4.124
2055.000 3.909
2060.000 3.909
2065.000 3.531
2070.000 3.531
2075.000 3.381
2080.000 3.240
2085.000 3.097
2090.000 2.980
2095.000 2.857
2100.000 2.767
2105.000 2.668
2110.000 2.585
2115.000 2.507
2120.000 2.430
2125.000 2.362
2130.000 2.299
2135.000 2.235
2140.000 2.172
2145.000 2.129
2150.000 2.081
2155.000 2.081
2160.000 1.986
2165.000 1.941
2170.000 1.941
2175.000 1.877
2180.000 1.877
2185.000 1.840
2190.000 1.807
2195.000 1.789
2200.000 1.757
2205.000 1.740
2210.000 1.716
2215.000 1.686
2220.000 1.673
2225.000 1.653
2230.000 1.648
2235.000 1.626
2240.000 1.619
2245.000 1.605
2250.000 1.599
2255.000 1.585
2260.000 1.583
2265.000 1.572
2270.000 1.572
2275.000 1.577
2280.000 1.570
2285.000 1.577
2290.000 1.578
2295.000 1.578
2300.000 1.585
2305.000 1.589
2310.000 1.603
2315.000 1.616
2320.000 1.631
2325.000 1.648
2330.000 1.664
2335.000 1.685
2340.000 1.708
2345.000 1.734
2350.000 1.769
2355.000 1.802
2360.000 1.841
2365.000 1.873
2370.000 1.929
2375.000 1.988
2380.000 2.036
2385.000 2.106
2390.000 2.182
2395.000 2.182
2400.000 2.272
2405.000 2.473
2410.000 2.589
2415.000 2.729
2420.000 2.729
2425.000 3.080
2430.000 3.080
2435.000 3.297
2440.000 3.558
2445.000 3.868
2450.000 4.234
2455.000 4.690
2460.000 5.234
2465.000 5.914
2470.000 6.739
2475.000 7.742
2480.000 8.872
2485.000 9.974
2490.000 10.725
2495.000 10.709
2500.000 9.708
2505.000 8.169
2510.000 6.773
2515.000 6.773
2520.000 4.936
2525.000 4.304
2530.000 3.818
2535.000 3.428
2540.000 3.101
2545.000 3.101
2550.000 2.602
2555.000 2.602
2560.000 2.413
2565.000 2.240
2570.000 2.095
2575.000 1.972
2580.000 1.856
2585.000 1.754
2590.000 1.667
2595.000 1.586
2600.000 1.517
2605.000 1.451
2610.000 1.391
2615.000 1.339
2620.000 1.293
2625.000 1.245
2630.000 1.201
2635.000 1.167
2640.000 1.167
2645.000 1.135
2650.000 1.099
2655.000 1.070
2660.000 1.024
2665.000 1.024
2670.000 1.000
2675.000 0.984
2680.000 0.961
2685.000 0.941
2690.000 0.931
2695.000 0.913
2700.000 0.903
2705.000 0.892
2710.000 0.880
2715.000 0.872
2720.000 0.863
2725.000 0.854
2730.000 0.851
2735.000 0.847
2740.000 0.842
2745.000 0.836
2750.000 0.839
2755.000 0.839
2760.000 0.839
2765.000 0.837
2770.000 0.837
2775.000 0.839
2780.000 0.846
2785.000 0.846
2790.000 0.849
2795.000 0.856
2800.000 0.865
2805.000 0.872
2810.000 0.878
2815.000 0.889
2820.000 0.904
2825.000 0.922
2830.000 0.936
2835.000 0.951
2840.000 0.973
2845.000 0.992
2850.000 1.019
2855.000 1.044
2860.000 1.071
2865.000 1.113
2870.000 1.142
2875.000 1.181
2880.000 1.227
2885.000 1.279
2890.000 1.337
2895.000 1.337
2900.000 1.404
2905.000 1.564
2910.000 1.662
2915.000 1.778
2920.000 1.778
2925.000 1.910
2930.000 2.066
2935.000 2.254
2940.000 2.494
2945.000 2.780
2950.000 3.150
2955.000 3.610
2960.000 4.182
2965.000 4.981
2970.000 5.953
2975.000 7.129
2980.000 8.194
2985.000 8.677
2990.000 7.951
2995.000 6.204
3000.000 4.810
3005.000 3.880
3010.000 3.880
3015.000 3.274
3020.000 2.485
3025.000 2.212
3030.000 2.212
3035.000 1.820
3040.000 1.820
3045.000 1.667
3050.000 1.547
3055.000 1.438
3060.000 1.349
3065.000 1.269
3070.000 1.192
3075.000 1.133
3080.000 1.074
3085.000 1.024
3090.000 0.978
3095.000 0.942
3100.000 0.907
3105.000 0.871
3110.000 0.842
3115.000 0.811
3120.000 0.784
3125.000 0.764
3130.000 0.742
3135.000 0.726
3140.000 0.726
3145.000 0.693
3150.000 0.678
3155.000 0.678
3160.000 0.661
3165.000 0.649
3170.000 0.640
3175.000 0.627
3180.000 0.622
3185.000 0.612
3190.000 0.602
3195.000 0.596
3200.000 0.595
3205.000 0.584
3210.000 0.582
3215.000 0.581
3220.000 0.579
3225.000 0.575
3230.000 0.573
3235.000 0.574
3240.000 0.570
3245.000 0.573
3250.000 0.573
3255.000 0.570
3260.000 0.576
3265.000 0.576
3270.000 0.583
3275.000 0.588
3280.000 0.588
3285.000 0.590
3290.000 0.599
3295.000 0.603
3300.000 0.612
3305.000 0.624
3310.000 0.626
3315.000 0.638
3320.000 0.649
3325.000 0.670
3330.000 0.682
3335.000 0.694
3340.000 0.712
3345.000 0.733
3350.000 0.755
3355.000 0.774
3360.000 0.805
3365.000 0.834
3370.000 0.866
3375.000 0.906
3380.000 0.951
3385.000 0.993
3390.000 0.993
3395.000 1.108
3400.000 1.179
3405.000 1.179
3410.000 1.258
3415.000 1.349
3420.000 1.465
3425.000 1.598
3430.000 1.757
3435.000 1.950
3440.000 2.190
3445.000 2.509
3450.000 2.915
3455.000 3.452
3460.000 4.144
3465.000 4.992
3470.000 5.926
3475.000 6.584
3480.000 6.460
3485.000 5.301
3490.000 3.972
3495.000 3.972
3500.000 3.173
3505.000 2.261
3510.000 2.261
3515.000 1.749
3520.000 1.749
3525.000 1.571
3530.000 1.425
3535.000 1.304
3540.000 1.205
3545.000 1.120
3550.000 1.044
3555.000 0.979
3560.000 0.925
3565.000 0.877
3570.000 0.831
3575.000 0.795
3580.000 0.758
3585.000 0.732
3590.000 0.699
3595.000 0.674
3600.000 0.652
3605.000 0.628
3610.000 0.610
3615.000 0.610
3620.000 0.579
3625.000 0.579
3630.000 0.563
3635.000 0.535
3640.000 0.527
3645.000 0.526
3650.000 0.514
3655.000 0.507
3660.000 0.492
3665.000 0.490
3670.000 0.480
3675.000 0.476
3680.000 0.470
3685.000 0.468
3690.000 0.460
3695.000 0.450
3700.000 0.452
3705.000 0.448
3710.000 0.450
3715.000 0.449
3720.000 0.443
3725.000 0.443
3730.000 0.444
3735.000 0.441
3740.000 0.443
3745.000 0.442
3750.000 0.444
3755.000 0.444
3760.000 0.446
3765.000 0.450
3770.000 0.451
3775.000 0.459
3780.000 0.461
3785.000 0.465
3790.000 0.471
3795.000 0.477
3800.000 0.483
3805.000 0.491
3810.000 0.500
3815.000 0.511
3820.000 0.519
3825.000 0.528
3830.000 0.542
3835.000 0.556
3840.000 0.576
3845.000 0.591
3850.000 0.591
3855.000 0.632
3860.000 0.657
3865.000 0.679
3870.000 0.713
3875.000 0.713
3880.000 0.777
3885.000 0.820
3890.000 0.820
3895.000 0.871
3900.000 0.924
3905.000 0.990
3910.000 1.060
3915.000 1.151
3920.000 1.252
3925.000 1.386
3930.000 1.546
3935.000 1.739
3940.000 1.992
3945.000 2.319
3950.000 2.747
3955.000 3.308
3960.000 4.006
3965.000 4.761
3970.000 5.276
3975.000 5.092
3980.000 4.081
3985.000 3.022
3990.000 3.022
3995.000 2.029
4000.000 1.718
4005.000 1.503
4010.000 1.332
4015.000 1.332
4020.000 1.201
4025.000 1.089
4030.000 1.001
4035.000 0.926
4040.000 0.859
4045.000 0.801
4050.000 0.753
4055.000 0.713
4060.000 0.675
4065.000 0.639
4070.000 0.610
4075.000 0.586
4080.000 0.563
4085.000 0.537
4090.000 0.517
4095.000 0.500
4100.000 0.500
4105.000 0.483
4110.000 0.457
4115.000 0.447
4120.000 0.435
4125.000 0.422
4130.000 0.411
4135.000 0.403
4140.000 0.401
4145.000 0.394
4150.000 0.391
4155.000 0.383
4160.000 0.377
4165.000 0.369
4170.000 0.368
4175.000 0.364
4180.000 0.357
4185.000 0.356
4190.000 0.351
4195.000 0.350
4200.000 0.348
4205.000 0.348
4210.000 0.348
4215.000 0.345
4220.000 0.344
4225.000 0.341
4230.000 0.341
4235.000 0.340
4240.000 0.345
4245.000 0.346
4250.000 0.346
4255.000 0.351
4260.000 0.349
4265.000 0.353
4270.000 0.353
4275.000 0.358
4280.000 0.361
4285.000 0.365
4290.000 0.369
4295.000 0.378
4300.000 0.375
4305.000 0.380
4310.000 0.384
4315.000 0.390
4320.000 0.393
4325.000 0.397
4330.000 0.403
4335.000 0.403
4340.000 0.424
4345.000 0.429
4350.000 0.429
4355.000 0.460
4360.000 0.460
4365.000 0.493
4370.000 0.493
4375.000 0.523
4380.000 0.552
4385.000 0.578
4390.000 0.618
4395.000 0.659
4400.000 0.707
4405.000 0.765
4410.000 0.835
4415.000 0.915
4420.000 1.012
4425.000 1.136
4430.000 1.288
4435.000 1.484
4440.000 1.748
4445.000 2.084
4450.000 2.504
4455.000 3.024
4460.000 3.525
4465.000 3.767
4470.000 3.767
4475.000 2.698
4480.000 2.698
4485.000 1.699
4490.000 1.457
4495.000 1.256
4500.000 1.106
4505.000 1.106
4510.000 0.991
4515.000 0.896
4520.000 0.825
4525.000 0.760
4530.000 0.708
4535.000 0.666
4540.000 0.624
4545.000 0.593
4550.000 0.564
4555.000 0.543
4560.000 0.517
4565.000 0.499
4570.000 0.481
4575.000 0.469
4580.000 0.451
4585.000 0.437
4590.000 0.430
4595.000 0.417
4600.000 0.409
4605.000 0.406
4610.000 0.406
4615.000 0.400
4620.000 0.397
4625.000 0.386
4630.000 0.386
4635.000 0.381
4640.000 0.383
4645.000 0.380
4650.000 0.380
4655.000 0.378
4660.000 0.377
4665.000 0.380
4670.000 0.381
4675.000 0.382
4680.000 0.383
4685.000 0.381
4690.000 0.387
4695.000 0.384
4700.000 0.384
4705.000 0.392
4710.000 0.394
4715.000 0.394
4720.000 0.399
4725.000 0.399
4730.000 0.403
4735.000 0.406
4740.000 0.406
4745.000 0.408
4750.000 0.413
4755.000 0.412
4760.000 0.416
4765.000 0.415
4770.000 0.414
4775.000 0.412
4780.000 0.413
4785.000 0.413
4790.000 0.409
4795.000 0.410
4800.000 0.409
4805.000 0.408
4810.000 0.405
4815.000 0.412
4820.000 0.415
4825.000 0.417
4830.000 0.419
4835.000 0.419
4840.000 0.440
4845.000 0.449
4850.000 0.468
4855.000 0.486
4860.000 0.486
4865.000 0.517
4870.000 0.545
4875.000 0.582
4880.000 0.625
4885.000 0.677
4890.000 0.740
4895.000 0.813
4900.000 0.908
4905.000 1.022
4910.000 1.157
4915.000 1.333
4920.000 1.542
4925.000 1.825
4930.000 2.168
4935.000 2.627
4940.000 3.219
4945.000 3.968
4950.000 3.968
4955.000 5.538
4960.000 5.538
4965.000 5.804
4970.000 4.391
4975.000 3.664
4980.000 3.664
4985.000 2.818
4990.000 2.818
4995.000 2.548
5000.000 2.342
5005.000 2.178
5010.000 2.045
5015.000 1.937
5020.000 1.846
5025.000 1.772
5030.000 1.709
5035.000 1.656
5040.000 1.610
5045.000 1.568
5050.000 1.534
5055.000 1.503
5060.000 1.475
5065.000 1.454
5070.000 1.433
5075.000 1.433
5080.000 1.415
5085.000 1.381
5090.000 1.381
5095.000 1.365
5100.000 1.352
5105.000 1.329
5110.000 1.329
5115.000 1.314
5120.000 1.302
5125.000 1.297
5130.000 1.284
5135.000 1.273
5140.000 1.262
5145.000 1.248
5150.000 1.243
5155.000 1.231
5160.000 1.218
5165.000 1.207
5170.000 1.195
5175.000 1.183
5180.000 1.171
5185.000 1.171
5190.000 1.140
5195.000 1.140
5200.000 1.095
5205.000 1.058
5210.000 1.029
5215.000 1.010
5220.000 1.010
5225.000 1.010
5230.000 1.023
5235.000 1.039
5240.000 1.069
5245.000 1.089
5250.000 1.112
5255.000 1.138
5260.000 1.160
5265.000 1.188
5270.000 1.211
5275.000 1.237
5280.000 1.263
5285.000 1.288
5290.000 1.322
5295.000 1.350
5300.000 1.378
5305.000 1.409
5310.000 1.409
5315.000 1.445
5320.000 1.481
5325.000 1.563
5330.000 1.563
5335.000 1.612
5340.000 1.720
5345.000 1.779
5350.000 1.779
5355.000 1.848
5360.000 1.922
5365.000 2.006
5370.000 2.100
5375.000 2.205
5380.000 2.328
5385.000 2.461
5390.000 2.626
5395.000 2.815
5400.000 3.034
5405.000 3.303
5410.000 3.622
5415.000 4.010
5420.000 4.496
5425.000 5.130
5430.000 5.939
5435.000 5.939
5440.000 6.969
5445.000 9.735
5450.000 11.162
5455.000 11.872
5460.000 11.872
5465.000 8.955
5470.000 6.941
5475.000 6.941
5480.000 5.665
5485.000 4.753
5490.000 4.085
5495.000 3.577
5500.000 3.182
5505.000 2.862
5510.000 2.602
5515.000 2.378
5520.000 2.200
5525.000 2.024
5530.000 1.893
5535.000 1.776
5540.000 1.672
5545.000 1.583
5550.000 1.502
5555.000 1.430
5560.000 1.364
5565.000 1.306
5570.000 1.254
5575.000 1.205
5580.000 1.166
5585.000 1.123
5590.000 1.123
5595.000 1.087
5600.000 1.059
5605.000 1.029
5610.000 1.001
5615.000 0.976
5620.000 0.949
5625.000 0.929
5630.000 0.908
5635.000 0.892
5640.000 0.872
5645.000 0.862
5650.000 0.847
5655.000 0.835
5660.000 0.824
5665.000 0.810
5670.000 0.803
5675.000 0.803
5680.000 0.791
5685.000 0.784
5690.000 0.779
5695.000 0.779
5700.000 0.776
5705.000 0.773
5710.000 0.773
5715.000 0.767
5720.000 0.767
5725.000 0.769
5730.000 0.767
5735.000 0.769
5740.000 0.777
5745.000 0.778
5750.000 0.786
5755.000 0.791
5760.000 0.798
5765.000 0.803
5770.000 0.819
5775.000 0.823
5780.000 0.840
5785.000 0.851
5790.000 0.867
5795.000 0.886
5800.000 0.886
5805.000 0.907
5810.000 0.948
5815.000 0.975
5820.000 0.975
5825.000 0.999
5830.000 1.030
5835.000 1.064
5840.000 1.100
5845.000 1.138
5850.000 1.182
5855.000 1.236
5860.000 1.294
5865.000 1.359
5870.000 1.436
5875.000 1.520
5880.000 1.620
5885.000 1.736
5890.000 1.870
5895.000 2.027
5900.000 2.215
5905.000 2.444
5910.000 2.728
5915.000 3.087
5920.000 3.535
5925.000 3.535
5930.000 4.842
5935.000 5.741
5940.000 5.741
5945.000 7.758
5950.000 8.121
5955.000 7.362
5960.000 7.362
5965.000 5.849
5970.000 4.637
5975.000 3.823
5980.000 3.251
5985.000 2.821
5990.000 2.490
5995.000 2.222
6000.000 2.012
6005.000 1.839
6010.000 1.695
6015.000 1.571
6020.000 1.474
6025.000 1.385
6030.000 1.303
6035.000 1.232
6040.000 1.172
6045.000 1.116
6050.000 1.061
6055.000 1.020
6060.000 0.978
6065.000 0.942
6070.000 0.912
6075.000 0.883
6080.000 0.883
6085.000 0.851
6090.000 0.833
6095.000 0.811
6100.000 0.785
6105.000 0.768
6110.000 0.751
6115.000 0.735
6120.000 0.722
6125.000 0.703
6130.000 0.695
6135.000 0.685
6140.000 0.674
6145.000 0.667
6150.000 0.662
6155.000 0.662
6160.000 0.651
6165.000 0.646
6170.000 0.639
6175.000 0.633
6180.000 0.631
6185.000 0.627
6190.000 0.627
6195.000 0.624
6200.000 0.626
6205.000 0.627
6210.000 0.628
6215.000 0.627
6220.000 0.630
6225.000 0.633
6230.000 0.636
6235.000 0.642
6240.000 0.647
6245.000 0.651
6250.000 0.658
6255.000 0.666
6260.000 0.674
6265.000 0.680
6270.000 0.694
6275.000 0.704
6280.000 0.714
6285.000 0.714
6290.000 0.731
6295.000 0.764
6300.000 0.764
6305.000 0.804
6310.000 0.824
6315.000 0.824
6320.000 0.852
6325.000 0.880
6330.000 0.908
6335.000 0.948
6340.000 0.983
6345.000 1.026
6350.000 1.075
6355.000 1.127
6360.000 1.182
6365.000 1.256
6370.000 1.334
6375.000 1.422
6380.000 1.526
6385.000 1.649
6390.000 1.798
6395.000 1.974
6400.000 2.184
6405.000 2.439
6410.000 2.439
6415.000 3.139
6420.000 3.669
6425.000 4.318
6430.000 5.129
6435.000 5.129
6440.000 6.031
6445.000 6.952
6450.000 6.952
6455.000 6.239
6460.000 4.982
6465.000 3.995
6470.000 3.317
6475.000 2.832
6480.000 2.463
6485.000 2.174
6490.000 1.957
6495.000 1.775
6500.000 1.625
6505.000 1.498
6510.000 1.391
6515.000 1.305
6520.000 1.220
6525.000 1.154
6530.000 1.089
6535.000 1.037
6540.000 0.988
6545.000 0.943
6550.000 0.943
6555.000 0.868
6560.000 0.868
6565.000 0.811
6570.000 0.811
6575.000 0.782
6580.000 0.763
6585.000 0.742
6590.000 0.725
6595.000 0.703
6600.000 0.691
6605.000 0.675
6610.000 0.664
6615.000 0.650
6620.000 0.637
6625.000 0.626
6630.000 0.621
6635.000 0.612
6640.000 0.605
6645.000 0.605
6650.000 0.592
6655.000 0.590
6660.000 0.590
6665.000 0.580
6670.000 0.580
6675.000 0.578
6680.000 0.577
6685.000 0.577
6690.000 0.574
6695.000 0.572
6700.000 0.577
6705.000 0.578
6710.000 0.576
6715.000 0.581
6720.000 0.585
6725.000 0.586
6730.000 0.594
6735.000 0.596
6740.000 0.605
6745.000 0.610
6750.000 0.616
6755.000 0.624
6760.000 0.632
6765.000 0.645
6770.000 0.655
6775.000 0.666
6780.000 0.684
6785.000 0.698
6790.000 0.716
6795.000 0.734
6800.000 0.734
6805.000 0.751
6810.000 0.776
6815.000 0.802
6820.000 0.829
6825.000 0.857
6830.000 0.890
6835.000 0.929
6840.000 0.975
6845.000 1.016
6850.000 1.062
6855.000 1.125
6860.000 1.189
6865.000 1.265
6870.000 1.353
6875.000 1.458
6880.000 1.570
6885.000 1.716
6890.000 1.882
6895.000 2.088
6900.000 2.353
6905.000 2.353
6910.000 2.672
6915.000 3.602
6920.000 4.222
6925.000 4.945
6930.000 5.658
6935.000 5.658
6940.000 6.108
6945.000 5.954
6950.000 5.122
6955.000 4.106
6960.000 3.378
6965.000 2.842
6970.000 2.457
6975.000 2.164
6980.000 1.930
6985.000 1.740
6990.000 1.579
6995.000 1.454
7000.000 1.338
7005.000 1.244
7010.000 1.167
7015.000 1.098
7020.000 1.098
7025.000 0.990
7030.000 0.943
7035.000 0.943
7040.000 0.896
7045.000 0.860
7050.000 0.798
7055.000 0.770
7060.000 0.770
7065.000 0.744
7070.000 0.726
7075.000 0.704
7080.000 0.685
7085.000 0.666
7090.000 0.652
7095.000 0.637
7100.000 0.625
7105.000 0.611
7110.000 0.601
7115.000 0.589
7120.000 0.581
7125.000 0.571
7130.000 0.571
7135.000 0.566
7140.000 0.552
7145.000 0.549
7150.000 0.543
7155.000 0.538
7160.000 0.538
7165.000 0.535
7170.000 0.535
7175.000 0.533
7180.000 0.529
7185.000 0.530
7190.000 0.531
7195.000 0.530
7200.000 0.531
7205.000 0.534
7210.000 0.537
7215.000 0.534
7220.000 0.541
7225.000 0.546
7230.000 0.553
7235.000 0.556
7240.000 0.560
7245.000 0.569
7250.000 0.575
7255.000 0.582
7260.000 0.595
7265.000 0.601
7270.000 0.601
7275.000 0.614
7280.000 0.625
7285.000 0.650
7290.000 0.650
7295.000 0.668
7300.000 0.686
7305.000 0.707
7310.000 0.728
7315.000 0.748
7320.000 0.773
7325.000 0.797
7330.000 0.834
7335.000 0.872
7340.000 0.912
7345.000 0.954
7350.000 1.004
7355.000 1.062
7360.000 1.126
7365.000 1.201
7370.000 1.287
7375.000 1.388
7380.000 1.510
7385.000 1.655
7390.000 1.828
7395.000 2.039
7400.000 2.311
7405.000 2.609
7410.000 3.020
7415.000 3.020
7420.000 3.534
7425.000 4.129
7430.000 4.733
7435.000 5.175
7440.000 5.143
7445.000 4.522
7450.000 3.622
7455.000 2.940
7460.000 2.454
7465.000 2.107
7470.000 1.882
7475.000 1.738
7480.000 1.650
7485.000 1.558
7490.000 1.459
7495.000 1.363
7500.000 1.273
7505.000 1.175
7510.000 1.108
7515.000 1.040
7520.000 1.040
7525.000 0.983
7530.000 0.891
7535.000 0.891
7540.000 0.848
7545.000 0.814
7550.000 0.778
7555.000 0.755
7560.000 0.728
7565.000 0.702
7570.000 0.683
7575.000 0.662
7580.000 0.647
7585.000 0.631
7590.000 0.616
7595.000 0.602
7600.000 0.590
7605.000 0.577
7610.000 0.571
7615.000 0.571
7620.000 0.549
7625.000 0.547
7630.000 0.540
7635.000 0.540
7640.000 0.530
7645.000 0.530
7650.000 0.519
7655.000 0.519
7660.000 0.515
7665.000 0.512
7670.000 0.514
7675.000 0.510
7680.000 0.507
7685.000 0.508
7690.000 0.506
7695.000 0.506
7700.000 0.507
7705.000 0.510
7710.000 0.512
7715.000 0.514
7720.000 0.520
7725.000 0.522
7730.000 0.526
7735.000 0.533
7740.000 0.540
7745.000 0.549
7750.000 0.558
7755.000 0.558
7760.000 0.561
7765.000 0.588
7770.000 0.597
7775.000 0.597
7780.000 0.610
7785.000 0.623
7790.000 0.638
7795.000 0.656
7800.000 0.676
7805.000 0.696
7810.000 0.722
7815.000 0.743
7820.000 0.771
7825.000 0.808
7830.000 0.841
7835.000 0.880
7840.000 0.928
7845.000 0.977
7850.000 1.038
7855.000 1.102
7860.000 1.182
7865.000 1.274
7870.000 1.274
7875.000 1.495
7880.000 1.495
7885.000 1.821
7890.000 1.821
7895.000 2.364
7900.000 2.364
7905.000 2.730
7910.000 3.165
7915.000 3.708
7920.000 4.323
7925.000 4.866
7930.000 5.164
7935.000 4.924
7940.000 4.191
7945.000 3.406
7950.000 2.857
7955.000 2.443
7960.000 2.117
7965.000 1.867
7970.000 1.669
7975.000 1.522
7980.000 1.399
7985.000 1.291
7990.000 1.291
7995.000 1.116
8000.000 1.116
8005.000 0.989
8010.000 0.989
8015.000 0.939
8020.000 0.889
8025.000 0.808
8030.000 0.808
8035.000 0.780
8040.000 0.748
8045.000 0.718
8050.000 0.695
8055.000 0.668
8060.000 0.650
8065.000 0.628
8070.000 0.616
8075.000 0.596
8080.000 0.579
8085.000 0.570
8090.000 0.560
8095.000 0.548
8100.000 0.537
8105.000 0.528
8110.000 0.528
8115.000 0.513
8120.000 0.513
8125.000 0.505
8130.000 0.496
8135.000 0.496
8140.000 0.487
8145.000 0.487
8150.000 0.486
8155.000 0.481
8160.000 0.482
8165.000 0.476
8170.000 0.473
8175.000 0.478
8180.000 0.475
8185.000 0.480
8190.000 0.480
8195.000 0.477
8200.000 0.483
8205.000 0.485
8210.000 0.489
8215.000 0.494
8220.000 0.501
8225.000 0.504
8230.000 0.511
8235.000 0.511
8240.000 0.521
8245.000 0.521
8250.000 0.538
8255.000 0.548
8260.000 0.558
8265.000 0.558
8270.000 0.571
8275.000 0.583
8280.000 0.598
8285.000 0.615
8290.000 0.632
8295.000 0.649
8300.000 0.673
8305.000 0.698
8310.000 0.726
8315.000 0.755
8320.000 0.788
8325.000 0.823
8330.000 0.868
8335.000 0.906
8340.000 0.953
8345.000 0.996
8350.000 1.034
8355.000 1.034
8360.000 1.065
8365.000 1.219
8370.000 1.329
8375.000 1.470
8380.000 1.470
8385.000 1.838
8390.000 1.838
8395.000 2.092
8400.000 2.393
8405.000 2.764
8410.000 3.231
8415.000 3.750
8420.000 4.274
8425.000 4.614
8430.000 4.542
8435.000 4.009
8440.000 3.324
8445.000 2.748
8450.000 2.334
8455.000 2.017
8460.000 1.771
8465.000 1.582
8470.000 1.432
8475.000 1.310
8480.000 1.201
8485.000 1.108
8490.000 1.038
8495.000 1.038
8500.000 0.906
8505.000 0.852
8510.000 0.814
8515.000 0.814
8520.000 0.784
8525.000 0.760
8530.000 0.728
8535.000 0.703
8540.000 0.675
8545.000 0.650
8550.000 0.632
8555.000 0.611
8560.000 0.591
8565.000 0.577
8570.000 0.563
8575.000 0.547
8580.000 0.534
8585.000 0.526
8590.000 0.515
8595.000 0.505
8600.000 0.498
8605.000 0.490
8610.000 0.482
8615.000 0.477
8620.000 0.470
8625.000 0.467
8630.000 0.467
8635.000 0.466
8640.000 0.461
8645.000 0.457
8650.000 0.455
8655.000 0.454
8660.000 0.450
8665.000 0.453
8670.000 0.449
8675.000 0.455
8680.000 0.453
8685.000 0.455
8690.000 0.452
8695.000 0.452
8700.000 0.448
8705.000 0.443
8710.000 0.438
8715.000 0.447
8720.000 0.455
8725.000 0.459
8730.000 0.465
8735.000 0.465
8740.000 0.479
8745.000 0.487
8750.000 0.497
8755.000 0.497
8760.000 0.507
8765.000 0.519
8770.000 0.529
8775.000 0.542
8780.000 0.553
8785.000 0.571
8790.000 0.583
8795.000 0.603
8800.000 0.624
8805.000 0.643
8810.000 0.672
8815.000 0.698
8820.000 0.731
8825.000 0.763
8830.000 0.801
8835.000 0.843
8840.000 0.894
8845.000 0.949
8850.000 0.949
8855.000 1.089
8860.000 1.177
8865.000 1.177
8870.000 1.432
8875.000 1.432
8880.000 1.574
8885.000 1.758
8890.000 1.957
8895.000 2.178
8900.000 2.386
8905.000 2.563
8910.000 2.696
8915.000 2.868
8920.000 3.106
8925.000 3.334
8930.000 3.391
8935.000 3.117
8940.000 2.645
8945.000 2.288
8950.000 1.952
8955.000 1.708
8960.000 1.513
8965.000 1.513
8970.000 1.357
8975.000 1.125
8980.000 1.125
8985.000 0.961
8990.000 0.898
8995.000 0.847
9000.000 0.847
9005.000 0.797
9010.000 0.755
9015.000 0.720
9020.000 0.682
9025.000 0.656
9030.000 0.628
9035.000 0.603
9040.000 0.583
9045.000 0.567
9050.000 0.544
9055.000 0.530
9060.000 0.511
9065.000 0.497
9070.000 0.486
9075.000 0.476
9080.000 0.465
9085.000 0.458
9090.000 0.447
9095.000 0.447
9100.000 0.432
9105.000 0.425
9110.000 0.419
9115.000 0.419
9120.000 0.413
9125.000 0.409
9130.000 0.403
9135.000 0.403
9140.000 0.403
9145.000 0.403
9150.000 0.403
9155.000 0.401
9160.000 0.400
9165.000 0.396
9170.000 0.399
9175.000 0.398
9180.000 0.400
9185.000 0.401
9190.000 0.401
9195.000 0.407
9200.000 0.404
9205.000 0.406
9210.000 0.412
9215.000 0.412
9220.000 0.422
9225.000 0.427
9230.000 0.427
9235.000 0.437
9240.000 0.437
9245.000 0.442
9250.000 0.452
9255.000 0.459
9260.000 0.468
9265.000 0.479
9270.000 0.491
9275.000 0.504
9280.000 0.520
9285.000 0.536
9290.000 0.549
9295.000 0.566
9300.000 0.590
9305.000 0.610
9310.000 0.635
9315.000 0.664
9320.000 0.690
9325.000 0.724
9330.000 0.724
9335.000 0.768
9340.000 0.808
9345.000 0.914
9350.000 0.914
9355.000 1.064
9360.000 1.154
9365.000 1.154
9370.000 1.267
9375.000 1.398
9380.000 1.558
9385.000 1.746
9390.000 1.962
9395.000 2.212
9400.000 2.498
9405.000 2.836
9410.000 3.218
9415.000 3.448
9420.000 3.414
9425.000 3.069
9430.000 2.585
9435.000 2.175
9440.000 1.863
9445.000 1.617
9450.000 1.421
9455.000 1.421
9460.000 1.150
9465.000 1.051
9470.000 1.051
9475.000 0.970
9480.000 0.897
9485.000 0.787
9490.000 0.787
9495.000 0.744
9500.000 0.702
9505.000 0.665
9510.000 0.632
9515.000 0.604
9520.000 0.578
9525.000 0.556
9530.000 0.534
9535.000 0.512
9540.000 0.493
9545.000 0.480
9550.000 0.469
9555.000 0.454
9560.000 0.441
9565.000 0.430
9570.000 0.418
9575.000 0.410
9580.000 0.410
9585.000 0.396
9590.000 0.386
9595.000 0.377
9600.000 0.377
9605.000 0.374
9610.000 0.368
9615.000 0.365
9620.000 0.362
9625.000 0.357
9630.000 0.351
9635.000 0.353
9640.000 0.350
9645.000 0.347
9650.000 0.347
9655.000 0.347
9660.000 0.345
9665.000 0.346
9670.000 0.344
9675.000 0.343
9680.000 0.348
9685.000 0.342
9690.000 0.342
9695.000 0.347
9700.000 0.351
9705.000 0.353
9710.000 0.353
9715.000 0.358
9720.000 0.363
9725.000 0.363
9730.000 0.368
9735.000 0.373
9740.000 0.380
9745.000 0.384
9750.000 0.394
9755.000 0.399
9760.000 0.409
9765.000 0.420
9770.000 0.430
9775.000 0.439
9780.000 0.457
9785.000 0.469
9790.000 0.484
9795.000 0.503
9800.000 0.519
9805.000 0.542
9810.000 0.568
9815.000 0.591
9820.000 0.621
9825.000 0.654
9830.000 0.694
9835.000 0.694
9840.000 0.782
9845.000 0.782
9850.000 0.906
9855.000 0.906
9860.000 0.987
9865.000 1.081
9870.000 1.197
9875.000 1.332
9880.000 1.501
9885.000 1.717
9890.000 1.970
9895.000 2.261
9900.000 2.574
9905.000 2.831
9910.000 2.943
9915.000 2.810
9920.000 2.466
9925.000 2.082
9930.000 1.780
9935.000 1.525
9940.000 1.525
9945.000 1.182
9950.000 1.068
9955.000 0.969
9960.000 0.969
9965.000 0.824
9970.000 0.824
9975.000 0.708
9980.000 0.708
9985.000 0.665
9990.000 0.627
9995.000 0.591
10000.000 0.561
10005.000 0.529
10010.000 0.509
10015.000 0.487
10020.000 0.468
10025.000 0.450
10030.000 0.433
10035.000 0.419
10040.000 0.408
10045.000 0.392
10050.000 0.384
10055.000 0.373
10060.000 0.366
10065.000 0.356
10070.000 0.356
10075.000 0.339
10080.000 0.330
10085.000 0.330
10090.000 0.327
10095.000 0.323
10100.000 0.322
10105.000 0.318
10110.000 0.316
10115.000 0.312
10120.000 0.312
10125.000 0.307
10130.000 0.306
10135.000 0.306
10140.000 0.308
10145.000 0.306
10150.000 0.303
10155.000 0.308
10160.000 0.302
10165.000 0.303
10170.000 0.302
10175.000 0.306
10180.000 0.306
10185.000 0.307
10190.000 0.307
10195.000 0.312
10200.000 0.310
10205.000 0.319
10210.000 0.321
10215.000 0.321
10220.000 0.324
10225.000 0.327
10230.000 0.333
10235.000 0.338
10240.000 0.344
10245.000 0.353
10250.000 0.359
10255.000 0.367
10260.000 0.377
10265.000 0.384
10270.000 0.392
10275.000 0.407
10280.000 0.419
10285.000 0.431
10290.000 0.448
10295.000 0.464
10300.000 0.484
10305.000 0.507
10310.000 0.507
10315.000 0.529
10320.000 0.558
10325.000 0.624
10330.000 0.665
10335.000 0.711
10340.000 0.711
10345.000 0.768
10350.000 0.829
10355.000 0.904
10360.000 0.994
10365.000 1.101
10370.000 1.227
10375.000 1.391
10380.000 1.584
10385.000 1.817
10390.000 2.068
10395.000 2.291
10400.000 2.428
10405.000 2.409
10410.000 2.205
10415.000 1.904
10420.000 1.607
10425.000 1.394
10430.000 1.217
10435.000 1.074
10440.000 0.964
10445.000 0.875
10450.000 0.795
10455.000 0.795
10460.000 0.671
10465.000 0.671
10470.000 0.626
10475.000 0.590
10480.000 0.555
10485.000 0.519
10490.000 0.495
10495.000 0.472
10500.000 0.451
10505.000 0.427
10510.000 0.414
10515.000 0.398
10520.000 0.385
10525.000 0.366
10530.000 0.359
10535.000 0.346
10540.000 0.339
10545.000 0.330
10550.000 0.323
10555.000 0.323
10560.000 0.306
10565.000 0.302
10570.000 0.302
10575.000 0.293
10580.000 0.286
10585.000 0.283
10590.000 0.279
10595.000 0.277
10600.000 0.274
10605.000 0.272
10610.000 0.273
10615.000 0.270
10620.000 0.269
10625.000 0.265
10630.000 0.268
10635.000 0.268
10640.000 0.266
10645.000 0.263
10650.000 0.265
10655.000 0.264
10660.000 0.264
10665.000 0.262
10670.000 0.266
10675.000 0.266
10680.000 0.266
10685.000 0.265
10690.000 0.271
10695.000 0.273
10700.000 0.273
10705.000 0.280
10710.000 0.282
10715.000 0.281
10720.000 0.286
10725.000 0.290
10730.000 0.293
10735.000 0.298
10740.000 0.304
10745.000 0.313
10750.000 0.319
10755.000 0.324
10760.000 0.334
10765.000 0.342
10770.000 0.354
10775.000 0.361
10780.000 0.372
10785.000 0.388
10790.000 0.388
10795.000 0.400
10800.000 0.437
10805.000 0.455
10810.000 0.455
10815.000 0.507
10820.000 0.507
10825.000 0.536
10830.000 0.573
10835.000 0.611
10840.000 0.659
10845.000 0.711
10850.000 0.775
10855.000 0.841
10860.000 0.933
10865.000 1.043
10870.000 1.169
10875.000 1.324
10880.000 1.494
10885.000 1.644
10890.000 1.820
10895.000 1.942
10900.000 1.981
10905.000 1.917
10910.000 1.774
10915.000 1.575
10920.000 1.575
10925.000 1.188
10930.000 1.188
10935.000 0.925
10940.000 0.832
10945.000 0.753
10950.000 0.753
10955.000 0.689
10960.000 0.632
10965.000 0.591
10970.000 0.550
10975.000 0.515
10980.000 0.486
10985.000 0.459
10990.000 0.432
10995.000 0.414
11000.000 0.393
11005.000 0.378
11010.000 0.364
11015.000 0.354
11020.000 0.340
11025.000 0.327
11030.000 0.316
11035.000 0.316
11040.000 0.307
11045.000 0.293
11050.000 0.284
11055.000 0.275
11060.000 0.275
11065.000 0.268
11070.000 0.263
11075.000 0.262
11080.000 0.258
11085.000 0.251
11090.000 0.252
11095.000 0.248
11100.000 0.244
11105.000 0.244
11110.000 0.239
11115.000 0.238
11120.000 0.235
11125.000 0.235
11130.000 0.233
11135.000 0.233
11140.000 0.231
11145.000 0.230
11150.000 0.230
11155.000 0.231
11160.000 0.231
11165.000 0.231
11170.000 0.233
11175.000 0.234
11180.000 0.236
11185.000 0.236
11190.000 0.239
11195.000 0.239
11200.000 0.243
11205.000 0.245
11210.000 0.247
11215.000 0.253
11220.000 0.254
11225.000 0.260
11230.000 0.265
11235.000 0.271
11240.000 0.274
11245.000 0.279
11250.000 0.288
11255.000 0.290
11260.000 0.298
11265.000 0.307
11270.000 0.307
11275.000 0.316
11280.000 0.338
11285.000 0.351
11290.000 0.351
11295.000 0.385
11300.000 0.406
11305.000 0.406
11310.000 0.425
11315.000 0.450
11320.000 0.474
11325.000 0.505
11330.000 0.543
11335.000 0.582
11340.000 0.632
11345.000 0.686
11350.000 0.739
11355.000 0.814
11360.000 0.912
11365.000 1.022
11370.000 1.148
11375.000 1.312
11380.000 1.490
11385.000 1.662
11390.000 1.790
11395.000 1.790
11400.000 1.721
11405.000 1.531
11410.000 1.322
11415.000 1.133
11420.000 1.133
11425.000 0.873
11430.000 0.779
11435.000 0.779
11440.000 0.702
11445.000 0.643
11450.000 0.585
11455.000 0.541
11460.000 0.503
11465.000 0.473
11470.000 0.443
11475.000 0.416
11480.000 0.395
11485.000 0.377
11490.000 0.357
11495.000 0.342
11500.000 0.330
11505.000 0.318
11510.000 0.307
11515.000 0.294
11520.000 0.285
11525.000 0.285
11530.000 0.274
11535.000 0.267
11540.000 0.253
11545.000 0.253
11550.000 0.250
11555.000 0.239
11560.000 0.239
11565.000 0.235
11570.000 0.230
11575.000 0.224
11580.000 0.222
11585.000 0.219
11590.000 0.218
11595.000 0.214
11600.000 0.212
11605.000 0.211
11610.000 0.208
11615.000 0.209
11620.000 0.207
11625.000 0.207
11630.000 0.202
11635.000 0.202
11640.000 0.201
11645.000 0.201
11650.000 0.203
11655.000 0.205
11660.000 0.206
11665.000 0.205
11670.000 0.205
11675.000 0.207
11680.000 0.209
11685.000 0.209
11690.000 0.210
11695.000 0.212
11700.000 0.216
11705.000 0.219
11710.000 0.220
11715.000 0.226
11720.000 0.226
11725.000 0.233
11730.000 0.241
11735.000 0.238
11740.000 0.247
11745.000 0.255
11750.000 0.260
11755.000 0.267
11760.000 0.275
11765.000 0.285
11770.000 0.295
11775.000 0.305
11780.000 0.317
11785.000 0.317
11790.000 0.347
11795.000 0.347
11800.000 0.364
11805.000 0.384
11810.000 0.404
11815.000 0.431
11820.000 0.458
11825.000 0.491
11830.000 0.526
11835.000 0.570
11840.000 0.621
11845.000 0.683
11850.000 0.759
11855.000 0.827
11860.000 0.927
11865.000 1.045
11870.000 1.176
11875.000 1.314
11880.000 1.433
11885.000 1.433
11890.000 1.486
11895.000 1.379
11900.000 1.215
11905.000 1.060
11910.000 1.060
11915.000 0.925
11920.000 0.822
11925.000 0.728
11930.000 0.653
11935.000 0.596
11940.000 0.545
11945.000 0.502
11950.000 0.464
11955.000 0.434
11960.000 0.405
11965.000 0.375
11970.000 0.357
11975.000 0.338
11980.000 0.324
11985.000 0.309
11990.000 0.297
11995.000 0.285
12000.000 0.274
