105.000 0.129
110.000 0.129
115.000 0.170
120.000 0.221
125.000 0.136
130.000 0.264
135.000 0.164
140.000 0.275
145.000 0.179
150.000 0.257
155.000 0.226
160.000 0.253
165.000 0.205
170.000 0.267
175.000 0.258
180.000 0.271
185.000 0.271
190.000 0.327
195.000 0.297
200.000 0.268
205.000 0.301
210.000 0.372
215.000 0.334
220.000 0.387
225.000 0.341
230.000 0.366
235.000 0.381
240.000 0.459
245.000 0.562
250.000 0.537
255.000 0.455
260.000 0.523
265.000 0.513
270.000 0.566
275.000 0.670
280.000 0.642
285.000 0.585
290.000 0.695
295.000 0.752
300.000 0.709
305.000 1.097
310.000 1.097
315.000 1.266
320.000 1.140
325.000 1.002
330.000 1.144
335.000 1.022
340.000 1.353
345.000 1.241
350.000 1.502
355.000 1.602
360.000 1.833
365.000 1.969
370.000 2.243
375.000 2.302
380.000 2.883
385.000 2.964
390.000 3.590
395.000 4.139
400.000 4.856
405.000 5.731
410.000 6.980
415.000 8.413
420.000 10.273
425.000 12.512
430.000 15.445
435.000 15.445
440.000 18.821
445.000 21.103
450.000 21.261
455.000 19.112
460.000 16.369
465.000 13.850
470.000 11.860
475.000 10.150
480.000 8.865
485.000 7.734
490.000 6.869
495.000 6.051
500.000 5.445
505.000 4.828
510.000 4.345
515.000 3.938
520.000 3.607
525.000 3.259
530.000 3.045
535.000 2.768
540.000 2.656
545.000 2.656
550.000 2.415
555.000 2.258
560.000 2.100
565.000 1.952
570.000 1.839
575.000 1.688
580.000 1.599
585.000 1.515
590.000 1.369
595.000 1.318
600.000 1.271
605.000 1.210
610.000 1.165
615.000 1.099
620.000 1.022
625.000 0.996
630.000 0.977
635.000 0.933
640.000 0.899
645.000 0.859
650.000 0.827
655.000 0.814
660.000 0.787
665.000 0.783
670.000 0.783
675.000 0.757
680.000 0.734
685.000 0.740
690.000 0.678
695.000 0.657
700.000 0.672
705.000 0.656
710.000 0.654
715.000 0.661
720.000 0.641
725.000 0.673
730.000 0.643
735.000 0.648
740.000 0.654
745.000 0.721
750.000 0.679
755.000 0.646
760.000 0.713
765.000 0.719
770.000 0.774
775.000 1.022
780.000 0.887
785.000 0.853
790.000 0.773
795.000 0.773
800.000 0.839
805.000 0.805
810.000 0.855
815.000 0.922
820.000 0.961
825.000 1.039
830.000 1.132
835.000 1.217
840.000 1.369
845.000 1.536
850.000 1.795
855.000 2.072
860.000 2.538
865.000 3.186
870.000 3.930
875.000 4.390
880.000 4.063
885.000 2.750
890.000 1.726
895.000 1.346
900.000 1.143
905.000 0.854
910.000 0.768
915.000 0.625
920.000 0.625
925.000 0.641
930.000 0.509
935.000 0.452
940.000 0.452
945.000 0.399
950.000 0.419
955.000 0.351
960.000 0.349
965.000 0.295
970.000 0.291
975.000 0.256
980.000 0.249
985.000 0.252
990.000 0.211
995.000 0.314
1000.000 0.266
1005.000 0.232
1010.000 0.201
1015.000 0.234
1020.000 0.181
1025.000 0.161
1030.000 0.161
1035.000 0.228
1040.000 0.176
1045.000 0.150
1050.000 0.158
1055.000 0.157
1060.000 0.140
1065.000 0.156
1070.000 0.153
1075.000 0.140
1080.000 0.152
1085.000 0.143
1090.000 0.146
1095.000 0.157
1100.000 0.158
1105.000 0.152
1110.000 0.164
1115.000 0.162
1120.000 0.167
1125.000 0.173
1130.000 0.166
1135.000 0.174
1140.000 0.173
1145.000 0.182
1150.000 0.201
1155.000 0.201
1160.000 0.196
1165.000 0.211
1170.000 0.219
1175.000 0.226
1180.000 0.236
1185.000 0.253
1190.000 0.272
1195.000 0.281
1200.000 0.308
1205.000 0.329
1210.000 0.345
1215.000 0.368
1220.000 0.384
1225.000 0.431
1230.000 0.464
1235.000 0.493
1240.000 0.552
1245.000 0.603
1250.000 0.679
1255.000 0.777
1260.000 0.868
1265.000 1.017
1270.000 1.193
1275.000 1.415
1280.000 1.415
1285.000 1.739
1290.000 2.177
1295.000 2.805
1300.000 3.549
1305.000 4.338
1310.000 4.561
1315.000 3.681
1320.000 2.421
1325.000 1.947
1330.000 1.653
1335.000 1.414
1340.000 1.261
1345.000 1.154
1350.000 0.940
1355.000 0.922
1360.000 0.880
1365.000 0.836
1370.000 0.775
1375.000 0.784
1380.000 0.705
1385.000 0.695
1390.000 0.659
1395.000 0.623
1400.000 0.636
1405.000 0.636
1410.000 0.603
1415.000 0.587
1420.000 0.579
1425.000 0.577
1430.000 0.550
1435.000 0.549
1440.000 0.541
1445.000 0.535
1450.000 0.531
1455.000 0.534
1460.000 0.537
1465.000 0.526
1470.000 0.525
1475.000 0.518
1480.000 0.524
1485.000 0.529
1490.000 0.534
1495.000 0.534
1500.000 0.538
1505.000 0.539
1510.000 0.558
1515.000 0.549
1520.000 0.549
1525.000 0.564
1530.000 0.582
1535.000 0.587
1540.000 0.602
1545.000 0.618
1550.000 0.617
1555.000 0.643
1560.000 0.646
1565.000 0.676
1570.000 0.698
1575.000 0.727
1580.000 0.737
1585.000 0.755
1590.000 0.768
1595.000 0.796
1600.000 0.839
1605.000 0.864
1610.000 0.893
1615.000 0.926
1620.000 0.960
1625.000 0.995
1630.000 1.052
1635.000 1.105
1640.000 1.155
1645.000 1.155
1650.000 1.205
1655.000 1.271
1660.000 1.340
1665.000 1.426
1670.000 1.518
1675.000 1.624
1680.000 1.720
1685.000 1.853
1690.000 2.014
1695.000 2.209
1700.000 2.415
1705.000 2.659
1710.000 3.106
1715.000 3.288
1720.000 3.863
1725.000 4.344
1730.000 4.834
1735.000 5.107
1740.000 5.088
1745.000 4.558
1750.000 3.883
1755.000 3.325
1760.000 3.010
1765.000 2.797
1770.000 2.797
1775.000 2.583
1780.000 2.408
1785.000 2.293
1790.000 2.213
1795.000 2.143
1800.000 2.081
1805.000 2.018
1810.000 1.983
1815.000 1.932
1820.000 1.893
1825.000 1.861
1830.000 1.820
1835.000 1.796
1840.000 1.765
1845.000 1.760
1850.000 1.734
1855.000 1.717
1860.000 1.705
1865.000 1.687
1870.000 1.675
1875.000 1.666
1880.000 1.658
1885.000 1.644
1890.000 1.661
1895.000 1.661
1900.000 1.637
1905.000 1.647
1910.000 1.630
1915.000 1.656
1920.000 1.641
1925.000 1.643
1930.000 1.650
1935.000 1.644
1940.000 1.672
1945.000 1.691
1950.000 1.690
1955.000 1.720
1960.000 1.728
1965.000 1.743
1970.000 1.763
1975.000 1.790
1980.000 1.801
1985.000 1.832
1990.000 1.859
1995.000 1.892
2000.000 1.926
2005.000 1.926
2010.000 1.980
2015.000 2.009
2020.000 2.040
2025.000 2.087
2030.000 2.141
2035.000 2.189
2040.000 2.244
2045.000 2.300
2050.000 2.375
2055.000 2.444
2060.000 2.520
2065.000 2.611
2070.000 2.706
2075.000 2.811
2080.000 2.925
2085.000 3.048
2090.000 3.187
2095.000 3.342
2100.000 3.517
2105.000 3.708
2110.000 3.932
2115.000 4.189
2120.000 4.478
2125.000 4.802
2130.000 4.802
2135.000 5.195
2140.000 5.635
2145.000 6.130
2150.000 6.711
2155.000 7.357
2160.000 8.067
2165.000 8.798
2170.000 9.450
2175.000 9.941
2180.000 10.096
2185.000 9.847
2190.000 9.223
2195.000 8.408
2200.000 7.541
2205.000 6.730
2210.000 6.020
2215.000 5.400
2220.000 4.891
2225.000 4.457
2230.000 4.095
2235.000 3.775
2240.000 3.488
2245.000 3.249
2250.000 3.036
2255.000 3.036
2260.000 2.856
2265.000 2.687
2270.000 2.546
2275.000 2.419
2280.000 2.304
2285.000 2.197
2290.000 2.101
2295.000 2.020
2300.000 1.939
2305.000 1.865
2310.000 1.801
2315.000 1.740
2320.000 1.691
2325.000 1.642
2330.000 1.598
2335.000 1.548
2340.000 1.517
2345.000 1.482
2350.000 1.460
2355.000 1.425
2360.000 1.397
2365.000 1.375
2370.000 1.358
2375.000 1.340
2380.000 1.340
2385.000 1.319
2390.000 1.310
2395.000 1.294
2400.000 1.283
2405.000 1.277
2410.000 1.267
2415.000 1.264
2420.000 1.262
2425.000 1.263
2430.000 1.259
2435.000 1.270
2440.000 1.270
2445.000 1.276
2450.000 1.287
2455.000 1.299
2460.000 1.308
2465.000 1.329
2470.000 1.349
2475.000 1.371
2480.000 1.393
2485.000 1.422
2490.000 1.422
2495.000 1.459
2500.000 1.493
2505.000 1.545
2510.000 1.588
2515.000 1.642
2520.000 1.700
2525.000 1.771
2530.000 1.856
2535.000 1.944
2540.000 2.049
2545.000 2.167
2550.000 2.310
2555.000 2.478
2560.000 2.673
2565.000 2.904
2570.000 3.188
2575.000 3.552
2580.000 4.005
2585.000 4.550
2590.000 5.273
2595.000 6.186
2600.000 7.279
2605.000 8.471
2610.000 9.449
2615.000 9.449
2620.000 9.641
2625.000 8.621
2630.000 6.918
2635.000 5.540
2640.000 4.579
2645.000 3.898
2650.000 3.387
2655.000 2.984
2660.000 2.649
2665.000 2.396
2670.000 2.186
2675.000 2.015
2680.000 1.864
2685.000 1.736
2690.000 1.632
2695.000 1.530
2700.000 1.446
2705.000 1.374
2710.000 1.309
2715.000 1.246
2720.000 1.195
2725.000 1.150
2730.000 1.104
2735.000 1.063
2740.000 1.063
2745.000 1.034
2750.000 1.002
2755.000 0.968
2760.000 0.948
2765.000 0.919
2770.000 0.905
2775.000 0.885
2780.000 0.866
2785.000 0.854
2790.000 0.839
2795.000 0.827
2800.000 0.816
2805.000 0.808
2810.000 0.796
2815.000 0.790
2820.000 0.783
2825.000 0.776
2830.000 0.778
2835.000 0.772
2840.000 0.770
2845.000 0.770
2850.000 0.770
2855.000 0.773
2860.000 0.778
2865.000 0.778
2870.000 0.783
2875.000 0.788
2880.000 0.793
2885.000 0.801
2890.000 0.815
2895.000 0.824
2900.000 0.836
2905.000 0.852
2910.000 0.868
2915.000 0.891
2920.000 0.915
2925.000 0.936
2930.000 0.964
2935.000 0.996
2940.000 1.031
2945.000 1.073
2950.000 1.115
2955.000 1.169
2960.000 1.222
2965.000 1.290
2970.000 1.366
2975.000 1.366
2980.000 1.459
2985.000 1.556
2990.000 1.685
2995.000 1.841
3000.000 2.014
3005.000 2.251
3010.000 2.517
3015.000 2.884
3020.000 3.350
3025.000 3.947
3030.000 4.730
3035.000 5.713
3040.000 6.786
3045.000 7.576
3050.000 7.384
3055.000 6.000
3060.000 4.449
3065.000 3.558
3070.000 2.962
3075.000 2.534
3080.000 2.215
3085.000 1.948
3090.000 1.760
3095.000 1.586
3100.000 1.586
3105.000 1.459
3110.000 1.350
3115.000 1.248
3120.000 1.172
3125.000 1.101
3130.000 1.036
3135.000 0.979
3140.000 0.936
3145.000 0.893
3150.000 0.858
3155.000 0.820
3160.000 0.793
3165.000 0.765
3170.000 0.739
3175.000 0.717
3180.000 0.697
3185.000 0.676
3190.000 0.662
3195.000 0.650
3200.000 0.637
3205.000 0.620
3210.000 0.614
3215.000 0.601
3220.000 0.595
3225.000 0.589
3230.000 0.589
3235.000 0.581
3240.000 0.578
3245.000 0.572
3250.000 0.570
3255.000 0.563
3260.000 0.562
3265.000 0.557
3270.000 0.558
3275.000 0.559
3280.000 0.562
3285.000 0.563
3290.000 0.564
3295.000 0.570
3300.000 0.575
3305.000 0.576
3310.000 0.586
3315.000 0.595
3320.000 0.603
3325.000 0.614
3330.000 0.623
3335.000 0.637
3340.000 0.653
3345.000 0.671
3350.000 0.688
3355.000 0.688
3360.000 0.705
3365.000 0.733
3370.000 0.755
3375.000 0.785
3380.000 0.818
3385.000 0.858
3390.000 0.893
3395.000 0.943
3400.000 0.991
3405.000 1.056
3410.000 1.137
3415.000 1.229
3420.000 1.329
3425.000 1.449
3430.000 1.600
3435.000 1.792
3440.000 2.025
3445.000 2.328
3450.000 2.736
3455.000 3.257
3460.000 3.949
3465.000 3.949
3470.000 4.810
3475.000 5.611
3480.000 5.992
3485.000 5.423
3490.000 4.115
3495.000 3.137
3500.000 2.564
3505.000 2.162
3510.000 1.865
3515.000 1.643
3520.000 1.466
3525.000 1.327
3530.000 1.208
3535.000 1.114
3540.000 1.032
3545.000 0.964
3550.000 0.904
3555.000 0.857
3560.000 0.805
3565.000 0.766
3570.000 0.728
3575.000 0.698
3580.000 0.673
3585.000 0.647
3590.000 0.647
3595.000 0.623
3600.000 0.600
3605.000 0.582
3610.000 0.566
3615.000 0.553
3620.000 0.536
3625.000 0.527
3630.000 0.512
3635.000 0.502
3640.000 0.499
3645.000 0.488
3650.000 0.480
3655.000 0.474
3660.000 0.469
3665.000 0.460
3670.000 0.461
3675.000 0.459
3680.000 0.450
3685.000 0.450
3690.000 0.450
3695.000 0.448
3700.000 0.447
3705.000 0.450
3710.000 0.450
3715.000 0.450
3720.000 0.451
3725.000 0.453
3730.000 0.458
3735.000 0.463
3740.000 0.463
3745.000 0.474
3750.000 0.476
3755.000 0.485
3760.000 0.494
3765.000 0.504
3770.000 0.512
3775.000 0.524
3780.000 0.535
3785.000 0.551
3790.000 0.568
3795.000 0.587
3800.000 0.611
3805.000 0.630
3810.000 0.653
3815.000 0.687
3820.000 0.719
3825.000 0.758
3830.000 0.800
3835.000 0.850
3840.000 0.850
3845.000 0.908
3850.000 0.975
3855.000 1.052
3860.000 1.152
3865.000 1.269
3870.000 1.415
3875.000 1.601
3880.000 1.834
3885.000 2.142
3890.000 2.549
3895.000 3.077
3900.000 3.740
3905.000 4.517
3910.000 4.914
3915.000 4.565
3920.000 3.503
3925.000 2.618
3930.000 2.128
3935.000 1.780
3940.000 1.515
3945.000 1.329
3950.000 1.329
3955.000 1.188
3960.000 1.066
3965.000 0.971
3970.000 0.899
3975.000 0.831
3980.000 0.774
3985.000 0.721
3990.000 0.685
3995.000 0.646
4000.000 0.610
4005.000 0.586
4010.000 0.563
4015.000 0.533
4020.000 0.517
4025.000 0.496
4030.000 0.482
4035.000 0.466
4040.000 0.452
4045.000 0.441
4050.000 0.427
4055.000 0.422
4060.000 0.410
4065.000 0.403
4070.000 0.393
4075.000 0.393
4080.000 0.386
4085.000 0.383
4090.000 0.376
4095.000 0.374
4100.000 0.368
4105.000 0.367
4110.000 0.366
4115.000 0.365
4120.000 0.359
4125.000 0.356
4130.000 0.354
4135.000 0.356
4140.000 0.358
4145.000 0.359
4150.000 0.359
4155.000 0.359
4160.000 0.366
4165.000 0.369
4170.000 0.370
4175.000 0.378
4180.000 0.381
4185.000 0.388
4190.000 0.392
4195.000 0.397
4200.000 0.397
4205.000 0.412
4210.000 0.419
4215.000 0.430
4220.000 0.438
4225.000 0.454
4230.000 0.467
4235.000 0.487
4240.000 0.509
4245.000 0.527
4250.000 0.550
4255.000 0.577
4260.000 0.608
4265.000 0.642
4270.000 0.685
4275.000 0.727
4280.000 0.786
4285.000 0.847
4290.000 0.924
4295.000 1.020
4300.000 1.125
4305.000 1.263
4310.000 1.439
4315.000 1.659
4320.000 1.957
4325.000 1.957
4330.000 2.330
4335.000 2.787
4340.000 3.242
4345.000 3.489
4350.000 3.231
4355.000 2.487
4360.000 1.866
4365.000 1.507
4370.000 1.269
4375.000 1.091
4380.000 0.958
4385.000 0.858
4390.000 0.773
4395.000 0.710
4400.000 0.648
4405.000 0.605
4410.000 0.562
4415.000 0.531
4420.000 0.500
4425.000 0.476
4430.000 0.453
4435.000 0.453
4440.000 0.434
4445.000 0.414
4450.000 0.400
4455.000 0.386
4460.000 0.370
4465.000 0.362
4470.000 0.354
4475.000 0.342
4480.000 0.336
4485.000 0.330
4490.000 0.326
4495.000 0.316
4500.000 0.314
4505.000 0.311
4510.000 0.305
4515.000 0.304
4520.000 0.305
4525.000 0.298
4530.000 0.299
4535.000 0.296
4540.000 0.298
4545.000 0.298
4550.000 0.299
4555.000 0.304
4560.000 0.304
4565.000 0.301
4570.000 0.308
4575.000 0.309
4580.000 0.313
4585.000 0.315
4590.000 0.320
4595.000 0.325
4600.000 0.331
4605.000 0.340
4610.000 0.346
4615.000 0.356
4620.000 0.369
4625.000 0.377
4630.000 0.388
4635.000 0.403
4640.000 0.422
4645.000 0.437
4650.000 0.452
4655.000 0.476
4660.000 0.498
4665.000 0.525
4670.000 0.551
4675.000 0.578
4680.000 0.611
4685.000 0.611
4690.000 0.651
4695.000 0.695
4700.000 0.743
4705.000 0.798
4710.000 0.860
4715.000 0.938
4720.000 1.023
4725.000 1.120
4730.000 1.237
4735.000 1.384
4740.000 1.568
4745.000 1.802
4750.000 2.095
4755.000 2.473
4760.000 2.953
4765.000 3.517
4770.000 4.065
4775.000 4.330
4780.000 3.972
4785.000 3.058
4790.000 2.286
4795.000 1.827
4800.000 1.506
4805.000 1.274
4810.000 1.274
4815.000 1.090
4820.000 0.954
4825.000 0.844
4830.000 0.759
4835.000 0.686
4840.000 0.630
4845.000 0.575
4850.000 0.537
4855.000 0.505
4860.000 0.483
4865.000 0.459
4870.000 0.441
4875.000 0.432
4880.000 0.420
4885.000 0.413
4890.000 0.409
4895.000 0.410
4900.000 0.407
4905.000 0.412
4910.000 0.411
4915.000 0.421
4920.000 0.427
4925.000 0.427
4930.000 0.431
4935.000 0.441
4940.000 0.450
4945.000 0.462
4950.000 0.472
4955.000 0.484
4960.000 0.501
4965.000 0.509
4970.000 0.529
4975.000 0.545
4980.000 0.566
4985.000 0.583
4990.000 0.608
4995.000 0.627
5000.000 0.647
5005.000 0.673
5010.000 0.701
5015.000 0.729
5020.000 0.758
5025.000 0.788
5030.000 0.821
5035.000 0.859
5040.000 0.893
5045.000 0.934
5050.000 0.934
5055.000 0.974
5060.000 1.017
5065.000 1.066
5070.000 1.115
5075.000 1.175
5080.000 1.231
5085.000 1.294
5090.000 1.357
5095.000 1.424
5100.000 1.504
5105.000 1.593
5110.000 1.682
5115.000 1.780
5120.000 1.895
5125.000 2.018
5130.000 2.159
5135.000 2.314
5140.000 2.488
5145.000 2.692
5150.000 2.917
5155.000 3.202
5160.000 3.526
5165.000 3.924
5170.000 4.411
5175.000 4.411
5180.000 5.022
5185.000 5.782
5190.000 6.769
5195.000 7.987
5200.000 9.514
5205.000 10.990
5210.000 11.915
5215.000 11.509
5220.000 9.515
5225.000 7.271
5230.000 5.767
5235.000 4.689
5240.000 3.894
5245.000 3.377
5250.000 3.061
5255.000 2.831
5260.000 2.635
5265.000 2.463
5270.000 2.326
5275.000 2.211
5280.000 2.094
5285.000 1.998
5290.000 1.905
5295.000 1.820
5300.000 1.820
5305.000 1.748
5310.000 1.678
5315.000 1.613
5320.000 1.557
5325.000 1.503
5330.000 1.451
5335.000 1.405
5340.000 1.364
5345.000 1.326
5350.000 1.294
5355.000 1.259
5360.000 1.232
5365.000 1.200
5370.000 1.177
5375.000 1.153
5380.000 1.134
5385.000 1.118
5390.000 1.094
5395.000 1.079
5400.000 1.067
5405.000 1.054
5410.000 1.054
5415.000 1.041
5420.000 1.033
5425.000 1.024
5430.000 1.020
5435.000 1.014
5440.000 1.016
5445.000 1.011
5450.000 1.012
5455.000 1.010
5460.000 1.012
5465.000 1.017
5470.000 1.021
5475.000 1.029
5480.000 1.040
5485.000 1.050
5490.000 1.065
5495.000 1.080
5500.000 1.101
5505.000 1.121
5510.000 1.141
5515.000 1.166
5520.000 1.193
5525.000 1.232
5530.000 1.268
5535.000 1.268
5540.000 1.309
5545.000 1.361
5550.000 1.417
5555.000 1.475
5560.000 1.547
5565.000 1.630
5570.000 1.727
5575.000 1.838
5580.000 1.970
5585.000 2.126
5590.000 2.319
5595.000 2.543
5600.000 2.815
5605.000 3.161
5610.000 3.590
5615.000 4.154
5620.000 4.876
5625.000 5.793
5630.000 6.862
5635.000 7.975
5640.000 8.690
5645.000 8.353
5650.000 6.906
5655.000 5.321
5660.000 5.321
5665.000 4.310
5670.000 3.608
5675.000 3.105
5680.000 2.722
5685.000 2.421
5690.000 2.176
5695.000 1.993
5700.000 1.826
5705.000 1.679
5710.000 1.566
5715.000 1.466
5720.000 1.373
5725.000 1.300
5730.000 1.235
5735.000 1.172
5740.000 1.119
5745.000 1.072
5750.000 1.027
5755.000 0.993
5760.000 0.958
5765.000 0.926
5770.000 0.897
5775.000 0.872
5780.000 0.849
5785.000 0.849
5790.000 0.824
5795.000 0.809
5800.000 0.793
5805.000 0.777
5810.000 0.761
5815.000 0.759
5820.000 0.742
5825.000 0.735
5830.000 0.721
5835.000 0.719
5840.000 0.716
5845.000 0.708
5850.000 0.705
5855.000 0.702
5860.000 0.704
5865.000 0.699
5870.000 0.701
5875.000 0.702
5880.000 0.706
5885.000 0.706
5890.000 0.715
5895.000 0.715
5900.000 0.722
5905.000 0.725
5910.000 0.737
5915.000 0.745
5920.000 0.758
5925.000 0.769
5930.000 0.784
5935.000 0.800
5940.000 0.819
5945.000 0.838
5950.000 0.863
5955.000 0.883
5960.000 0.912
5965.000 0.945
5970.000 0.984
5975.000 1.017
5980.000 1.068
5985.000 1.114
5990.000 1.177
5995.000 1.242
6000.000 1.316
6005.000 1.407
6010.000 1.509
6015.000 1.631
6020.000 1.631
6025.000 1.775
6030.000 1.951
6035.000 2.193
6040.000 2.457
6045.000 2.789
6050.000 3.234
6055.000 3.795
6060.000 4.522
6065.000 5.384
6070.000 6.279
6075.000 6.859
6080.000 6.664
6085.000 5.559
6090.000 4.324
6095.000 3.571
6100.000 2.977
6105.000 2.567
6110.000 2.247
6115.000 1.997
6120.000 1.796
6125.000 1.640
6130.000 1.504
6135.000 1.393
6140.000 1.300
6145.000 1.300
6150.000 1.215
6155.000 1.147
6160.000 1.086
6165.000 1.032
6170.000 0.983
6175.000 0.940
6180.000 0.902
6185.000 0.870
6190.000 0.837
6195.000 0.810
6200.000 0.785
6205.000 0.765
6210.000 0.745
6215.000 0.728
6220.000 0.708
6225.000 0.695
6230.000 0.681
6235.000 0.668
6240.000 0.662
6245.000 0.648
6250.000 0.642
6255.000 0.633
6260.000 0.627
6265.000 0.623
6270.000 0.623
6275.000 0.616
6280.000 0.613
6285.000 0.611
6290.000 0.610
6295.000 0.610
6300.000 0.611
6305.000 0.612
6310.000 0.613
6315.000 0.615
6320.000 0.620
6325.000 0.622
6330.000 0.631
6335.000 0.637
6340.000 0.643
6345.000 0.655
6350.000 0.660
6355.000 0.674
6360.000 0.691
6365.000 0.705
6370.000 0.724
6375.000 0.741
6380.000 0.765
6385.000 0.768
6390.000 0.786
6395.000 0.816
6400.000 0.840
6405.000 0.875
6410.000 0.915
6415.000 0.952
6420.000 1.002
6425.000 1.055
6430.000 1.115
6435.000 1.185
6440.000 1.265
6445.000 1.358
6450.000 1.470
6455.000 1.606
6460.000 1.762
6465.000 1.958
6470.000 2.195
6475.000 2.504
6480.000 2.883
6485.000 3.378
6490.000 4.004
6495.000 4.747
6500.000 5.526
6505.000 5.526
6510.000 6.053
6515.000 5.946
6520.000 5.072
6525.000 3.988
6530.000 3.231
6535.000 2.715
6540.000 2.325
6545.000 2.042
6550.000 1.818
6555.000 1.641
6560.000 1.497
6565.000 1.376
6570.000 1.276
6575.000 1.190
6580.000 1.116
6585.000 1.052
6590.000 0.996
6595.000 0.947
6600.000 0.903
6605.000 0.867
6610.000 0.833
6615.000 0.804
6620.000 0.774
6625.000 0.746
6630.000 0.746
6635.000 0.724
6640.000 0.704
6645.000 0.689
6650.000 0.674
6655.000 0.660
6660.000 0.643
6665.000 0.634
6670.000 0.625
6675.000 0.615
6680.000 0.606
6685.000 0.602
6690.000 0.592
6695.000 0.590
6700.000 0.588
6705.000 0.582
6710.000 0.582
6715.000 0.579
6720.000 0.575
6725.000 0.578
6730.000 0.577
6735.000 0.579
6740.000 0.580
6745.000 0.584
6750.000 0.586
6755.000 0.586
6760.000 0.592
6765.000 0.597
6770.000 0.606
6775.000 0.612
6780.000 0.622
6785.000 0.632
6790.000 0.645
6795.000 0.659
6800.000 0.671
6805.000 0.688
6810.000 0.708
6815.000 0.726
6820.000 0.747
6825.000 0.773
6830.000 0.800
6835.000 0.833
6840.000 0.869
6845.000 0.903
6850.000 0.950
6855.000 1.002
6860.000 1.062
6865.000 1.126
6870.000 1.197
6875.000 1.291
6880.000 1.305
6885.000 1.406
6890.000 1.543
6895.000 1.693
6900.000 1.879
6905.000 2.115
6910.000 2.402
6915.000 2.787
6920.000 3.265
6925.000 3.828
6930.000 4.553
6935.000 5.152
6940.000 5.399
6945.000 5.023
6950.000 4.148
6955.000 3.338
6960.000 2.770
6965.000 2.357
6970.000 2.048
6975.000 1.817
6980.000 1.630
6985.000 1.485
6990.000 1.358
6995.000 1.358
7000.000 1.254
7005.000 1.162
7010.000 1.084
7015.000 1.022
7020.000 0.964
7025.000 0.912
7030.000 0.873
7035.000 0.832
7040.000 0.796
7045.000 0.765
7050.000 0.739
7055.000 0.715
7060.000 0.692
7065.000 0.673
7070.000 0.652
7075.000 0.638
7080.000 0.619
7085.000 0.608
7090.000 0.598
7095.000 0.589
7100.000 0.578
7105.000 0.567
7110.000 0.563
7115.000 0.552
7120.000 0.552
7125.000 0.552
7130.000 0.546
7135.000 0.540
7140.000 0.542
7145.000 0.539
7150.000 0.537
7155.000 0.535
7160.000 0.539
7165.000 0.538
7170.000 0.539
7175.000 0.542
7180.000 0.546
7185.000 0.550
7190.000 0.552
7195.000 0.557
7200.000 0.562
7205.000 0.570
7210.000 0.575
7215.000 0.588
7220.000 0.596
7225.000 0.608
7230.000 0.623
7235.000 0.640
7240.000 0.653
7245.000 0.653
7250.000 0.671
7255.000 0.687
7260.000 0.709
7265.000 0.736
7270.000 0.760
7275.000 0.794
7280.000 0.825
7285.000 0.865
7290.000 0.913
7295.000 0.966
7300.000 1.024
7305.000 1.089
7310.000 1.166
7315.000 1.263
7320.000 1.368
7325.000 1.499
7330.000 1.658
7335.000 1.857
7340.000 2.100
7345.000 2.403
7350.000 2.787
7355.000 3.206
7360.000 3.764
7365.000 4.349
7370.000 4.349
7375.000 4.821
7380.000 4.765
7385.000 4.165
7390.000 3.339
7395.000 2.724
7400.000 2.283
7405.000 1.957
7410.000 1.711
7415.000 1.525
7420.000 1.365
7425.000 1.232
7430.000 1.129
7435.000 1.039
7440.000 0.963
7445.000 0.899
7450.000 0.839
7455.000 0.797
7460.000 0.763
7465.000 0.752
7470.000 0.756
7475.000 0.754
7480.000 0.754
7485.000 0.743
7490.000 0.723
7495.000 0.702
7500.000 0.680
7505.000 0.658
7510.000 0.638
7515.000 0.618
7520.000 0.602
7525.000 0.589
7530.000 0.577
7535.000 0.568
7540.000 0.557
7545.000 0.548
7550.000 0.542
7555.000 0.531
7560.000 0.526
7565.000 0.523
7570.000 0.520
7575.000 0.519
7580.000 0.515
7585.000 0.515
7590.000 0.515
7595.000 0.513
7600.000 0.514
7605.000 0.514
7610.000 0.513
7615.000 0.516
7620.000 0.520
7625.000 0.525
7630.000 0.529
7635.000 0.534
7640.000 0.542
7645.000 0.544
7650.000 0.553
7655.000 0.566
7660.000 0.579
7665.000 0.594
7670.000 0.602
7675.000 0.623
7680.000 0.639
7685.000 0.659
7690.000 0.683
7695.000 0.702
7700.000 0.729
7705.000 0.762
7710.000 0.797
7715.000 0.834
7720.000 0.880
7725.000 0.928
7730.000 0.928
7735.000 0.987
7740.000 1.057
7745.000 1.128
7750.000 1.219
7755.000 1.327
7760.000 1.442
7765.000 1.588
7770.000 1.779
7775.000 2.013
7780.000 2.316
7785.000 2.678
7790.000 3.139
7795.000 3.680
7800.000 4.237
7805.000 4.647
7810.000 4.651
7815.000 4.120
7820.000 3.356
7825.000 2.753
7830.000 2.307
7835.000 1.984
7840.000 1.737
7845.000 1.549
7850.000 1.397
7855.000 1.397
7860.000 1.274
7865.000 1.169
7870.000 1.074
7875.000 0.999
7880.000 0.936
7885.000 0.882
7890.000 0.836
7895.000 0.793
7900.000 0.759
7905.000 0.727
7910.000 0.698
7915.000 0.671
7920.000 0.643
7925.000 0.627
7930.000 0.609
7935.000 0.588
7940.000 0.575
7945.000 0.559
7950.000 0.548
7955.000 0.534
7960.000 0.526
7965.000 0.526
7970.000 0.516
7975.000 0.507
7980.000 0.505
7985.000 0.501
7990.000 0.498
7995.000 0.495
8000.000 0.496
8005.000 0.490
8010.000 0.496
8015.000 0.489
8020.000 0.493
8025.000 0.490
8030.000 0.484
8035.000 0.482
8040.000 0.482
8045.000 0.484
8050.000 0.487
8055.000 0.491
8060.000 0.497
8065.000 0.498
8070.000 0.507
8075.000 0.510
8080.000 0.523
8085.000 0.534
8090.000 0.534
8095.000 0.549
8100.000 0.563
8105.000 0.577
8110.000 0.590
8115.000 0.607
8120.000 0.629
8125.000 0.651
8130.000 0.677
8135.000 0.702
8140.000 0.735
8145.000 0.770
8150.000 0.803
8155.000 0.845
8160.000 0.895
8165.000 0.939
8170.000 0.985
8175.000 1.049
8180.000 1.131
8185.000 1.230
8190.000 1.344
8195.000 1.491
8200.000 1.659
8205.000 1.873
8210.000 2.145
8215.000 2.145
8220.000 2.495
8225.000 2.910
8230.000 3.374
8235.000 3.873
8240.000 4.226
8245.000 4.214
8250.000 3.753
8255.000 3.091
8260.000 2.554
8265.000 2.161
8270.000 1.877
8275.000 1.661
8280.000 1.489
8285.000 1.343
8290.000 1.225
8295.000 1.125
8300.000 1.038
8305.000 0.968
8310.000 0.905
8315.000 0.857
8320.000 0.808
8325.000 0.768
8330.000 0.730
8335.000 0.698
8340.000 0.698
8345.000 0.668
8350.000 0.643
8355.000 0.624
8360.000 0.601
8365.000 0.578
8370.000 0.561
8375.000 0.550
8380.000 0.529
8385.000 0.522
8390.000 0.509
8395.000 0.503
8400.000 0.496
8405.000 0.488
8410.000 0.487
8415.000 0.481
8420.000 0.474
8425.000 0.471
8430.000 0.466
8435.000 0.466
8440.000 0.464
8445.000 0.463
8450.000 0.463
8455.000 0.460
8460.000 0.465
8465.000 0.461
8470.000 0.467
8475.000 0.465
8480.000 0.467
8485.000 0.477
8490.000 0.481
8495.000 0.486
8500.000 0.488
8505.000 0.500
8510.000 0.511
8515.000 0.517
8520.000 0.531
8525.000 0.545
8530.000 0.553
8535.000 0.555
8540.000 0.553
8545.000 0.548
8550.000 0.555
8555.000 0.575
8560.000 0.595
8565.000 0.622
8570.000 0.649
8575.000 0.684
8580.000 0.684
8585.000 0.714
8590.000 0.750
8595.000 0.794
8600.000 0.843
8605.000 0.899
8610.000 0.963
8615.000 1.040
8620.000 1.126
8625.000 1.234
8630.000 1.360
8635.000 1.519
8640.000 1.710
8645.000 1.945
8650.000 2.240
8655.000 2.594
8660.000 2.999
8665.000 3.447
8670.000 3.801
8675.000 3.800
8680.000 3.403
8685.000 2.808
8690.000 2.331
8695.000 2.008
8700.000 1.767
8705.000 1.767
8710.000 1.587
8715.000 1.423
8720.000 1.284
8725.000 1.163
8730.000 1.065
8735.000 0.987
8740.000 0.922
8745.000 0.867
8750.000 0.812
8755.000 0.765
8760.000 0.725
8765.000 0.687
8770.000 0.661
8775.000 0.631
8780.000 0.610
8785.000 0.583
8790.000 0.566
8795.000 0.547
8800.000 0.531
8805.000 0.517
8810.000 0.503
8815.000 0.491
8820.000 0.482
8825.000 0.469
8830.000 0.469
8835.000 0.462
8840.000 0.453
8845.000 0.445
8850.000 0.437
8855.000 0.430
8860.000 0.422
8865.000 0.414
8870.000 0.405
8875.000 0.401
8880.000 0.400
8885.000 0.405
8890.000 0.411
8895.000 0.414
8900.000 0.417
8905.000 0.418
8910.000 0.423
8915.000 0.422
8920.000 0.430
8925.000 0.429
8930.000 0.437
8935.000 0.438
8940.000 0.438
8945.000 0.446
8950.000 0.453
8955.000 0.462
8960.000 0.470
8965.000 0.477
8970.000 0.490
8975.000 0.501
8980.000 0.513
8985.000 0.527
8990.000 0.544
8995.000 0.558
9000.000 0.582
9005.000 0.604
9010.000 0.628
9015.000 0.658
9020.000 0.690
9025.000 0.727
9030.000 0.772
9035.000 0.824
9040.000 0.881
9045.000 0.951
9050.000 1.027
9055.000 1.125
9060.000 1.231
9065.000 1.231
9070.000 1.363
9075.000 1.513
9080.000 1.686
9085.000 1.892
9090.000 2.147
9095.000 2.452
9100.000 2.830
9105.000 3.177
9110.000 3.370
9115.000 3.251
9120.000 2.838
9125.000 2.409
9130.000 2.022
9135.000 1.726
9140.000 1.500
9145.000 1.327
9150.000 1.188
9155.000 1.075
9160.000 0.989
9165.000 0.913
9170.000 0.847
9175.000 0.784
9180.000 0.741
9185.000 0.697
9190.000 0.697
9195.000 0.664
9200.000 0.625
9205.000 0.598
9210.000 0.574
9215.000 0.550
9220.000 0.531
9225.000 0.513
9230.000 0.497
9235.000 0.482
9240.000 0.469
9245.000 0.459
9250.000 0.449
9255.000 0.443
9260.000 0.433
9265.000 0.426
9270.000 0.419
9275.000 0.414
9280.000 0.408
9285.000 0.406
9290.000 0.399
9295.000 0.391
9300.000 0.387
9305.000 0.382
9310.000 0.376
9315.000 0.376
9320.000 0.372
9325.000 0.372
9330.000 0.371
9335.000 0.371
9340.000 0.373
9345.000 0.376
9350.000 0.381
9355.000 0.383
9360.000 0.386
9365.000 0.391
9370.000 0.395
9375.000 0.401
9380.000 0.408
9385.000 0.415
9390.000 0.423
9395.000 0.429
9400.000 0.442
9405.000 0.454
9410.000 0.463
9415.000 0.478
9420.000 0.494
9425.000 0.494
9430.000 0.508
9435.000 0.523
9440.000 0.548
9445.000 0.572
9450.000 0.594
9455.000 0.628
9460.000 0.659
9465.000 0.698
9470.000 0.742
9475.000 0.793
9480.000 0.849
9485.000 0.906
9490.000 0.991
9495.000 1.087
9500.000 1.199
9505.000 1.343
9510.000 1.512
9515.000 1.734
9520.000 1.991
9525.000 2.309
9530.000 2.628
9535.000 2.910
9540.000 3.027
9545.000 2.880
9550.000 2.880
9555.000 2.501
9560.000 2.049
9565.000 1.723
9570.000 1.479
9575.000 1.287
9580.000 1.145
9585.000 1.023
9590.000 0.933
9595.000 0.849
9600.000 0.785
9605.000 0.731
9610.000 0.687
9615.000 0.645
9620.000 0.603
9625.000 0.575
9630.000 0.552
9635.000 0.523
9640.000 0.501
9645.000 0.482
9650.000 0.463
9655.000 0.447
9660.000 0.430
9665.000 0.421
9670.000 0.414
9675.000 0.414
9680.000 0.400
9685.000 0.390
9690.000 0.382
9695.000 0.373
9700.000 0.368
9705.000 0.361
9710.000 0.359
9715.000 0.352
9720.000 0.346
9725.000 0.341
9730.000 0.338
9735.000 0.338
9740.000 0.337
9745.000 0.335
9750.000 0.336
9755.000 0.339
9760.000 0.341
9765.000 0.341
9770.000 0.342
9775.000 0.344
9780.000 0.345
9785.000 0.342
9790.000 0.344
9795.000 0.348
9800.000 0.348
9805.000 0.347
9810.000 0.354
9815.000 0.358
9820.000 0.366
9825.000 0.374
9830.000 0.377
9835.000 0.387
9840.000 0.396
9845.000 0.404
9850.000 0.418
9855.000 0.427
9860.000 0.445
9865.000 0.458
9870.000 0.476
9875.000 0.489
9880.000 0.516
9885.000 0.540
9890.000 0.569
9895.000 0.601
9900.000 0.639
9905.000 0.680
9910.000 0.680
9915.000 0.728
9920.000 0.789
9925.000 0.856
9930.000 0.951
9935.000 1.056
9940.000 1.189
9945.000 1.334
9950.000 1.521
9955.000 1.749
9960.000 2.005
9965.000 2.278
9970.000 2.488
9975.000 2.536
9980.000 2.363
9985.000 2.044
9990.000 1.710
9995.000 1.451
10000.000 1.288
10005.000 1.127
10010.000 0.996
10015.000 0.900
10020.000 0.817
10025.000 0.756
10030.000 0.701
10035.000 0.701
10040.000 0.651
10045.000 0.614
10050.000 0.575
10055.000 0.544
10060.000 0.516
10065.000 0.488
10070.000 0.467
10075.000 0.446
10080.000 0.430
10085.000 0.416
10090.000 0.399
10095.000 0.385
10100.000 0.375
10105.000 0.366
10110.000 0.356
10115.000 0.350
10120.000 0.341
10125.000 0.338
10130.000 0.334
10135.000 0.327
10140.000 0.325
10145.000 0.319
10150.000 0.315
10155.000 0.310
10160.000 0.310
10165.000 0.309
10170.000 0.308
10175.000 0.302
10180.000 0.303
10185.000 0.300
10190.000 0.299
10195.000 0.301
10200.000 0.301
10205.000 0.303
10210.000 0.304
10215.000 0.303
10220.000 0.308
10225.000 0.308
10230.000 0.311
10235.000 0.315
10240.000 0.316
10245.000 0.321
10250.000 0.330
10255.000 0.335
10260.000 0.341
10265.000 0.346
10270.000 0.356
10275.000 0.363
10280.000 0.375
10285.000 0.375
10290.000 0.383
10295.000 0.398
10300.000 0.411
10305.000 0.432
10310.000 0.451
10315.000 0.474
10320.000 0.494
10325.000 0.524
10330.000 0.559
10335.000 0.592
10340.000 0.634
10345.000 0.688
10350.000 0.747
10355.000 0.814
10360.000 0.895
10365.000 0.996
10370.000 1.114
10375.000 1.237
10380.000 1.408
10385.000 1.609
10390.000 1.828
10395.000 2.032
10400.000 2.032
10405.000 2.165
10410.000 2.143
10415.000 1.956
10420.000 1.677
10425.000 1.418
10430.000 1.218
10435.000 1.061
10440.000 0.942
10445.000 0.842
10450.000 0.762
10455.000 0.694
10460.000 0.638
10465.000 0.589
10470.000 0.555
10475.000 0.515
10480.000 0.486
10485.000 0.461
10490.000 0.434
10495.000 0.414
10500.000 0.394
10505.000 0.379
10510.000 0.366
10515.000 0.352
10520.000 0.339
10525.000 0.339
10530.000 0.327
10535.000 0.322
10540.000 0.311
10545.000 0.305
10550.000 0.299
10555.000 0.292
10560.000 0.285
10565.000 0.284
10570.000 0.281
10575.000 0.279
10580.000 0.274
10585.000 0.273
10590.000 0.271
10595.000 0.267
10600.000 0.264
10605.000 0.266
10610.000 0.264
10615.000 0.265
10620.000 0.263
10625.000 0.264
10630.000 0.265
10635.000 0.265
10640.000 0.268
10645.000 0.268
10650.000 0.268
10655.000 0.271
10660.000 0.273
10665.000 0.275
10670.000 0.277
10675.000 0.280
10680.000 0.287
10685.000 0.290
10690.000 0.295
10695.000 0.304
10700.000 0.310
10705.000 0.314
10710.000 0.323
10715.000 0.333
10720.000 0.342
10725.000 0.355
10730.000 0.366
10735.000 0.381
10740.000 0.394
10745.000 0.413
10750.000 0.430
10755.000 0.453
10760.000 0.477
10765.000 0.508
10770.000 0.544
10775.000 0.544
10780.000 0.575
10785.000 0.618
10790.000 0.672
10795.000 0.729
10800.000 0.806
10805.000 0.896
10810.000 1.002
10815.000 1.128
10820.000 1.292
10825.000 1.464
10830.000 1.657
10835.000 1.812
10840.000 1.889
10845.000 1.814
10850.000 1.590
10855.000 1.362
10860.000 1.184
10865.000 1.038
10870.000 0.919
10875.000 0.819
10880.000 0.740
10885.000 0.740
10890.000 0.668
10895.000 0.612
10900.000 0.565
10905.000 0.527
10910.000 0.491
10915.000 0.462
10920.000 0.434
10925.000 0.412
10930.000 0.392
10935.000 0.371
10940.000 0.357
10945.000 0.349
10950.000 0.332
10955.000 0.322
10960.000 0.310
10965.000 0.302
10970.000 0.293
10975.000 0.283
10980.000 0.278
10985.000 0.274
10990.000 0.269
10995.000 0.262
11000.000 0.260
11005.000 0.251
11010.000 0.251
11015.000 0.252
11020.000 0.246
11025.000 0.245
11030.000 0.242
11035.000 0.240
11040.000 0.238
11045.000 0.236
11050.000 0.237
11055.000 0.238
11060.000 0.234
11065.000 0.235
11070.000 0.238
11075.000 0.237
11080.000 0.239
11085.000 0.239
11090.000 0.243
11095.000 0.245
11100.000 0.247
11105.000 0.248
11110.000 0.254
11115.000 0.257
11120.000 0.264
11125.000 0.267
11130.000 0.275
11135.000 0.275
11140.000 0.276
11145.000 0.284
11150.000 0.291
11155.000 0.298
11160.000 0.311
11165.000 0.319
11170.000 0.334
11175.000 0.347
11180.000 0.364
11185.000 0.381
11190.000 0.402
11195.000 0.421
11200.000 0.447
11205.000 0.472
11210.000 0.508
11215.000 0.549
11220.000 0.603
11225.000 0.658
11230.000 0.726
11235.000 0.807
11240.000 0.905
11245.000 1.017
11250.000 1.165
11255.000 1.324
11260.000 1.324
11265.000 1.490
11270.000 1.631
11275.000 1.693
11280.000 1.634
11285.000 1.463
11290.000 1.256
11295.000 1.074
11300.000 0.926
11305.000 0.819
11310.000 0.729
11315.000 0.653
11320.000 0.606
11325.000 0.551
11330.000 0.511
11335.000 0.469
11340.000 0.435
11345.000 0.409
11350.000 0.390
11355.000 0.369
11360.000 0.351
11365.000 0.334
11370.000 0.334
11375.000 0.318
11380.000 0.306
11385.000 0.298
11390.000 0.285
11395.000 0.278
11400.000 0.266
11405.000 0.260
11410.000 0.255
11415.000 0.247
11420.000 0.244
11425.000 0.238
11430.000 0.234
11435.000 0.230
11440.000 0.225
11445.000 0.222
11450.000 0.223
11455.000 0.217
11460.000 0.216
11465.000 0.211
11470.000 0.212
11475.000 0.211
11480.000 0.212
11485.000 0.210
11490.000 0.208
11495.000 0.208
11500.000 0.209
11505.000 0.212
11510.000 0.213
11515.000 0.213
11520.000 0.212
11525.000 0.213
11530.000 0.214
11535.000 0.221
11540.000 0.220
11545.000 0.225
11550.000 0.229
11555.000 0.236
11560.000 0.238
11565.000 0.244
11570.000 0.249
11575.000 0.256
11580.000 0.261
11585.000 0.267
11590.000 0.280
11595.000 0.289
11600.000 0.300
11605.000 0.309
11610.000 0.330
11615.000 0.342
11620.000 0.342
11625.000 0.361
11630.000 0.382
11635.000 0.405
11640.000 0.430
11645.000 0.460
11650.000 0.496
11655.000 0.541
11660.000 0.589
11665.000 0.649
11670.000 0.717
11675.000 0.804
11680.000 0.902
11685.000 1.026
11690.000 1.162
11695.000 1.303
11700.000 1.409
11705.000 1.454
11710.000 1.400
11715.000 1.257
11720.000 1.090
11725.000 0.937
11730.000 0.816
11735.000 0.732
11740.000 0.654
11745.000 0.654
11750.000 0.590
11755.000 0.535
11760.000 0.490
11765.000 0.453
11770.000 0.423
11775.000 0.392
11780.000 0.365
11785.000 0.346
11790.000 0.327
11795.000 0.312
11800.000 0.297
11805.000 0.285
11810.000 0.274
11815.000 0.264
11820.000 0.255
11825.000 0.247
11830.000 0.241
11835.000 0.232
11840.000 0.228
11845.000 0.223
11850.000 0.219
11855.000 0.219
11860.000 0.214
11865.000 0.207
11870.000 0.205
11875.000 0.203
11880.000 0.199
11885.000 0.197
11890.000 0.197
11895.000 0.196
11900.000 0.193
11905.000 0.191
11910.000 0.192
11915.000 0.189
11920.000 0.189
11925.000 0.190
11930.000 0.190
11935.000 0.189
11940.000 0.192
11945.000 0.192
11950.000 0.193
11955.000 0.198
11960.000 0.198
11965.000 0.200
11970.000 0.201
11975.000 0.208
11980.000 0.208
11985.000 0.209
11990.000 0.211
11995.000 0.217
12000.000 0.222
