105.000 0.148
110.000 0.194
115.000 0.290
120.000 0.131
125.000 0.300
130.000 0.170
135.000 0.184
140.000 0.248
145.000 0.178
150.000 0.184
155.000 0.217
160.000 0.234
165.000 0.248
170.000 0.204
175.000 0.231
180.000 0.276
185.000 0.221
190.000 0.284
195.000 0.372
200.000 0.372
205.000 0.349
210.000 0.440
215.000 0.367
220.000 0.367
225.000 0.411
230.000 0.404
235.000 0.404
240.000 0.532
245.000 0.635
250.000 0.641
255.000 0.610
260.000 0.671
265.000 0.719
270.000 0.720
275.000 0.737
280.000 0.867
285.000 0.953
290.000 0.855
295.000 1.116
300.000 1.333
305.000 1.001
310.000 1.091
315.000 1.193
320.000 1.193
325.000 1.662
330.000 1.662
335.000 1.887
340.000 2.210
345.000 2.344
350.000 3.124
355.000 3.124
360.000 3.595
365.000 4.180
370.000 4.830
375.000 5.855
380.000 7.999
385.000 10.453
390.000 12.573
395.000 14.619
400.000 15.136
405.000 13.456
410.000 9.675
415.000 8.154
420.000 7.539
425.000 6.890
430.000 6.240
435.000 5.535
440.000 5.660
445.000 5.660
450.000 5.246
455.000 4.749
460.000 4.439
465.000 4.323
470.000 4.323
475.000 3.871
480.000 3.700
485.000 3.700
490.000 3.368
495.000 3.079
500.000 2.907
505.000 2.724
510.000 2.547
515.000 2.391
520.000 2.167
525.000 2.153
530.000 1.988
535.000 1.958
540.000 1.799
545.000 1.718
550.000 1.643
555.000 1.643
560.000 1.507
565.000 1.439
570.000 1.384
575.000 1.384
580.000 1.272
585.000 1.264
590.000 1.222
595.000 1.189
600.000 1.147
605.000 1.110
610.000 1.088
615.000 1.052
620.000 1.052
625.000 1.026
630.000 0.997
635.000 0.995
640.000 0.963
645.000 0.967
650.000 0.973
655.000 0.970
660.000 0.963
665.000 0.964
670.000 0.983
675.000 0.982
680.000 0.992
685.000 1.004
690.000 1.041
695.000 1.064
700.000 1.118
705.000 1.176
710.000 1.229
715.000 1.295
720.000 1.295
725.000 1.305
730.000 1.470
735.000 1.510
740.000 1.724
745.000 1.918
750.000 2.193
755.000 2.558
760.000 3.156
765.000 3.855
770.000 4.861
775.000 6.138
780.000 6.989
785.000 6.173
790.000 3.629
795.000 2.429
800.000 1.968
805.000 1.968
810.000 1.646
815.000 1.388
820.000 0.958
825.000 0.958
830.000 0.800
835.000 0.800
840.000 0.650
845.000 0.650
850.000 0.594
855.000 0.522
860.000 0.497
865.000 0.460
870.000 0.407
875.000 0.394
880.000 0.370
885.000 0.345
890.000 0.321
895.000 0.302
900.000 0.279
905.000 0.263
910.000 0.261
915.000 0.245
920.000 0.240
925.000 0.229
930.000 0.224
935.000 0.229
940.000 0.222
945.000 0.202
950.000 0.202
955.000 0.194
960.000 0.190
965.000 0.193
970.000 0.183
975.000 0.176
980.000 0.187
985.000 0.176
990.000 0.174
995.000 0.172
1000.000 0.182
1005.000 0.160
1010.000 0.173
1015.000 0.168
1020.000 0.173
1025.000 0.178
1030.000 0.184
1035.000 0.182
1040.000 0.184
1045.000 0.184
1050.000 0.191
1055.000 0.191
1060.000 0.204
1065.000 0.208
1070.000 0.224
1075.000 0.224
1080.000 0.234
1085.000 0.250
1090.000 0.272
1095.000 0.297
1100.000 0.320
1105.000 0.350
1110.000 0.365
1115.000 0.426
1120.000 0.494
1125.000 0.560
1130.000 0.634
1135.000 0.778
1140.000 0.938
1145.000 1.235
1150.000 1.607
1155.000 2.082
1160.000 2.521
1165.000 2.521
1170.000 2.537
1175.000 1.854
1180.000 0.980
1185.000 0.830
1190.000 0.830
1195.000 0.644
1200.000 0.576
1205.000 0.540
1210.000 0.540
1215.000 0.484
1220.000 0.458
1225.000 0.450
1230.000 0.435
1235.000 0.385
1240.000 0.393
1245.000 0.377
1250.000 0.373
1255.000 0.365
1260.000 0.367
1265.000 0.341
1270.000 0.334
1275.000 0.342
1280.000 0.334
1285.000 0.320
1290.000 0.324
1295.000 0.324
1300.000 0.320
1305.000 0.322
1310.000 0.324
1315.000 0.330
1320.000 0.330
1325.000 0.325
1330.000 0.325
1335.000 0.326
1340.000 0.345
1345.000 0.343
1350.000 0.337
1355.000 0.352
1360.000 0.356
1365.000 0.380
1370.000 0.385
1375.000 0.395
1380.000 0.399
1385.000 0.407
1390.000 0.425
1395.000 0.443
1400.000 0.457
1405.000 0.479
1410.000 0.486
1415.000 0.515
1420.000 0.532
1425.000 0.563
1430.000 0.599
1435.000 0.599
1440.000 0.655
1445.000 0.655
1450.000 0.736
1455.000 0.736
1460.000 0.786
1465.000 0.853
1470.000 0.906
1475.000 0.985
1480.000 1.064
1485.000 1.186
1490.000 1.320
1495.000 1.466
1500.000 1.673
1505.000 1.911
1510.000 2.209
1515.000 2.630
1520.000 3.182
1525.000 3.937
1530.000 3.937
1535.000 5.889
1540.000 5.889
1545.000 6.618
1550.000 6.431
1555.000 3.828
1560.000 3.090
1565.000 2.629
1570.000 2.629
1575.000 2.293
1580.000 2.023
1585.000 1.815
1590.000 1.658
1595.000 1.512
1600.000 1.416
1605.000 1.322
1610.000 1.251
1615.000 1.178
1620.000 1.122
1625.000 1.061
1630.000 1.016
1635.000 0.988
1640.000 0.957
1645.000 0.913
1650.000 0.886
1655.000 0.855
1660.000 0.831
1665.000 0.804
1670.000 0.777
1675.000 0.777
1680.000 0.759
1685.000 0.713
1690.000 0.694
1695.000 0.694
1700.000 0.666
1705.000 0.650
1710.000 0.629
1715.000 0.608
1720.000 0.593
1725.000 0.582
1730.000 0.573
1735.000 0.568
1740.000 0.566
1745.000 0.589
1750.000 0.613
1755.000 0.639
1760.000 0.674
1765.000 0.726
1770.000 0.777
1775.000 0.843
1780.000 0.843
1785.000 0.973
1790.000 1.042
1795.000 1.042
1800.000 1.206
1805.000 1.283
1810.000 1.380
1815.000 1.380
1820.000 1.482
1825.000 1.575
1830.000 1.705
1835.000 1.833
1840.000 1.953
1845.000 2.091
1850.000 2.293
1855.000 2.453
1860.000 2.717
1865.000 2.968
1870.000 3.248
1875.000 3.581
1880.000 3.970
1885.000 4.481
1890.000 5.085
1895.000 5.751
1900.000 6.595
1905.000 7.634
1910.000 7.634
1915.000 8.690
1920.000 9.674
1925.000 10.633
1930.000 10.099
1935.000 10.099
1940.000 8.950
1945.000 7.823
1950.000 6.956
1955.000 6.138
1960.000 5.431
1965.000 4.921
1970.000 4.557
1975.000 4.216
1980.000 3.882
1985.000 3.572
1990.000 3.392
1995.000 3.224
2000.000 3.031
2005.000 2.912
2010.000 2.798
2015.000 2.798
2020.000 2.683
2025.000 2.481
2030.000 2.411
2035.000 2.411
2040.000 2.342
2045.000 2.212
2050.000 2.212
2055.000 2.165
2060.000 2.118
2065.000 2.078
2070.000 2.033
2075.000 1.999
2080.000 1.965
2085.000 1.932
2090.000 1.913
2095.000 1.896
2100.000 1.873
2105.000 1.853
2110.000 1.841
2115.000 1.824
2120.000 1.823
2125.000 1.811
2130.000 1.812
2135.000 1.803
2140.000 1.808
2145.000 1.808
2150.000 1.813
2155.000 1.819
2160.000 1.833
2165.000 1.833
2170.000 1.869
2175.000 1.869
2180.000 1.893
2185.000 1.915
2190.000 1.940
2195.000 1.973
2200.000 2.011
2205.000 2.053
2210.000 2.097
2215.000 2.152
2220.000 2.215
2225.000 2.282
2230.000 2.360
2235.000 2.450
2240.000 2.556
2245.000 2.670
2250.000 2.808
2255.000 2.963
2260.000 3.143
2265.000 3.357
2270.000 3.357
2275.000 3.606
2280.000 4.256
2285.000 4.687
2290.000 5.207
2295.000 5.207
2300.000 5.832
2305.000 6.591
2310.000 7.476
2315.000 8.444
2320.000 9.330
2325.000 9.868
2330.000 9.733
2335.000 8.865
2340.000 7.598
2345.000 6.420
2350.000 5.493
2355.000 4.781
2360.000 4.201
2365.000 3.738
2370.000 3.361
2375.000 3.061
2380.000 2.794
2385.000 2.579
2390.000 2.579
2395.000 2.397
2400.000 2.101
2405.000 1.967
2410.000 1.863
2415.000 1.773
2420.000 1.685
2425.000 1.609
2430.000 1.609
2435.000 1.550
2440.000 1.493
2445.000 1.436
2450.000 1.388
2455.000 1.346
2460.000 1.313
2465.000 1.271
2470.000 1.246
2475.000 1.210
2480.000 1.182
2485.000 1.170
2490.000 1.142
2495.000 1.131
2500.000 1.117
2505.000 1.117
2510.000 1.104
2515.000 1.093
2520.000 1.084
2525.000 1.078
2530.000 1.078
2535.000 1.078
2540.000 1.076
2545.000 1.079
2550.000 1.084
2555.000 1.087
2560.000 1.100
2565.000 1.114
2570.000 1.124
2575.000 1.140
2580.000 1.165
2585.000 1.181
2590.000 1.211
2595.000 1.236
2600.000 1.268
2605.000 1.310
2610.000 1.358
2615.000 1.411
2620.000 1.471
2625.000 1.540
2630.000 1.620
2635.000 1.711
2640.000 1.820
2645.000 1.820
2650.000 1.943
2655.000 2.098
2660.000 2.279
2665.000 2.489
2670.000 2.756
2675.000 3.107
2680.000 3.540
2685.000 4.101
2690.000 4.831
2695.000 5.766
2700.000 6.876
2705.000 7.986
2710.000 8.622
2715.000 8.090
2720.000 6.494
2725.000 5.007
2730.000 4.046
2735.000 3.389
2740.000 2.912
2745.000 2.549
2750.000 2.268
2755.000 2.039
2760.000 2.039
2765.000 1.859
2770.000 1.701
2775.000 1.573
2780.000 1.372
2785.000 1.372
2790.000 1.292
2795.000 1.218
2800.000 1.161
2805.000 1.102
2810.000 1.058
2815.000 1.010
2820.000 0.974
2825.000 0.945
2830.000 0.910
2835.000 0.881
2840.000 0.861
2845.000 0.837
2850.000 0.824
2855.000 0.806
2860.000 0.787
2865.000 0.774
2870.000 0.761
2875.000 0.761
2880.000 0.743
2885.000 0.743
2890.000 0.736
2895.000 0.732
2900.000 0.726
2905.000 0.722
2910.000 0.722
2915.000 0.721
2920.000 0.727
2925.000 0.726
2930.000 0.729
2935.000 0.734
2940.000 0.742
2945.000 0.748
2950.000 0.764
2955.000 0.774
2960.000 0.785
2965.000 0.808
2970.000 0.821
2975.000 0.845
2980.000 0.870
2985.000 0.895
2990.000 0.895
2995.000 0.926
3000.000 0.963
3005.000 1.005
3010.000 1.101
3015.000 1.101
3020.000 1.172
3025.000 1.238
3030.000 1.327
3035.000 1.426
3040.000 1.545
3045.000 1.697
3050.000 1.871
3055.000 2.101
3060.000 2.393
3065.000 2.765
3070.000 3.250
3075.000 3.911
3080.000 4.752
3085.000 5.744
3090.000 6.622
3095.000 6.809
3100.000 5.835
3105.000 4.292
3110.000 3.321
3115.000 2.719
3120.000 2.719
3125.000 1.996
3130.000 1.763
3135.000 1.763
3140.000 1.424
3145.000 1.305
3150.000 1.208
3155.000 1.208
3160.000 1.115
3165.000 1.045
3170.000 0.982
3175.000 0.932
3180.000 0.881
3185.000 0.838
3190.000 0.802
3195.000 0.772
3200.000 0.740
3205.000 0.718
3210.000 0.695
3215.000 0.668
3220.000 0.656
3225.000 0.638
3230.000 0.623
3235.000 0.610
3240.000 0.610
3245.000 0.590
3250.000 0.583
3255.000 0.583
3260.000 0.573
3265.000 0.565
3270.000 0.565
3275.000 0.562
3280.000 0.556
3285.000 0.555
3290.000 0.551
3295.000 0.556
3300.000 0.554
3305.000 0.557
3310.000 0.559
3315.000 0.565
3320.000 0.572
3325.000 0.575
3330.000 0.587
3335.000 0.595
3340.000 0.604
3345.000 0.623
3350.000 0.635
3355.000 0.650
3360.000 0.667
3365.000 0.667
3370.000 0.716
3375.000 0.741
3380.000 0.741
3385.000 0.804
3390.000 0.804
3395.000 0.845
3400.000 0.942
3405.000 0.942
3410.000 1.004
3415.000 1.083
3420.000 1.166
3425.000 1.267
3430.000 1.395
3435.000 1.556
3440.000 1.748
3445.000 2.006
3450.000 2.333
3455.000 2.770
3460.000 3.355
3465.000 4.178
3470.000 4.972
3475.000 5.469
3480.000 5.125
3485.000 5.125
3490.000 2.913
3495.000 2.913
3500.000 2.365
3505.000 1.705
3510.000 1.498
3515.000 1.498
3520.000 1.338
3525.000 1.203
3530.000 1.097
3535.000 1.009
3540.000 0.932
3545.000 0.877
3550.000 0.816
3555.000 0.776
3560.000 0.735
3565.000 0.698
3570.000 0.668
3575.000 0.644
3580.000 0.616
3585.000 0.593
3590.000 0.579
3595.000 0.556
3600.000 0.556
3605.000 0.541
3610.000 0.530
3615.000 0.518
3620.000 0.496
3625.000 0.496
3630.000 0.481
3635.000 0.481
3640.000 0.474
3645.000 0.468
3650.000 0.463
3655.000 0.460
3660.000 0.462
3665.000 0.455
3670.000 0.458
3675.000 0.450
3680.000 0.451
3685.000 0.456
3690.000 0.459
3695.000 0.463
3700.000 0.464
3705.000 0.468
3710.000 0.476
3715.000 0.484
3720.000 0.489
3725.000 0.501
3730.000 0.512
3735.000 0.512
3740.000 0.533
3745.000 0.533
3750.000 0.570
3755.000 0.570
3760.000 0.592
3765.000 0.615
3770.000 0.639
3775.000 0.670
3780.000 0.700
3785.000 0.744
3790.000 0.784
3795.000 0.839
3800.000 0.900
3805.000 0.974
3810.000 1.066
3815.000 1.173
3820.000 1.308
3825.000 1.481
3830.000 1.704
3835.000 1.990
3840.000 2.354
3845.000 2.854
3850.000 3.487
3855.000 3.487
3860.000 4.161
3865.000 4.598
3870.000 3.338
3875.000 3.338
3880.000 1.982
3885.000 1.982
3890.000 1.647
3895.000 1.420
3900.000 1.241
3905.000 1.107
3910.000 0.997
3915.000 0.908
3920.000 0.835
3925.000 0.776
3930.000 0.727
3935.000 0.677
3940.000 0.638
3945.000 0.605
3950.000 0.574
3955.000 0.550
3960.000 0.525
3965.000 0.506
3970.000 0.506
3975.000 0.484
3980.000 0.470
3985.000 0.443
3990.000 0.427
3995.000 0.427
4000.000 0.423
4005.000 0.413
4010.000 0.405
4015.000 0.398
4020.000 0.390
4025.000 0.389
4030.000 0.382
4035.000 0.381
4040.000 0.375
4045.000 0.377
4050.000 0.370
4055.000 0.373
4060.000 0.371
4065.000 0.373
4070.000 0.373
4075.000 0.373
4080.000 0.376
4085.000 0.379
4090.000 0.382
4095.000 0.382
4100.000 0.393
4105.000 0.398
4110.000 0.409
4115.000 0.409
4120.000 0.418
4125.000 0.432
4130.000 0.438
4135.000 0.451
4140.000 0.470
4145.000 0.483
4150.000 0.506
4155.000 0.526
4160.000 0.551
4165.000 0.578
4170.000 0.610
4175.000 0.647
4180.000 0.694
4185.000 0.747
4190.000 0.811
4195.000 0.894
4200.000 0.987
4205.000 1.110
4210.000 1.257
4215.000 1.257
4220.000 1.712
4225.000 2.046
4230.000 2.046
4235.000 3.025
4240.000 3.516
4245.000 3.699
4250.000 3.699
4255.000 3.257
4260.000 2.409
4265.000 1.847
4270.000 1.509
4275.000 1.274
4280.000 1.103
4285.000 0.975
4290.000 0.870
4295.000 0.784
4300.000 0.715
4305.000 0.650
4310.000 0.595
4315.000 0.555
4320.000 0.515
4325.000 0.481
4330.000 0.451
4335.000 0.451
4340.000 0.405
4345.000 0.405
4350.000 0.385
4355.000 0.367
4360.000 0.342
4365.000 0.342
4370.000 0.323
4375.000 0.323
4380.000 0.314
4385.000 0.308
4390.000 0.303
4395.000 0.302
4400.000 0.297
4405.000 0.295
4410.000 0.291
4415.000 0.288
4420.000 0.285
4425.000 0.285
4430.000 0.284
4435.000 0.287
4440.000 0.286
4445.000 0.286
4450.000 0.287
4455.000 0.288
4460.000 0.291
4465.000 0.293
4470.000 0.300
4475.000 0.300
4480.000 0.308
4485.000 0.308
4490.000 0.318
4495.000 0.325
4500.000 0.333
4505.000 0.337
4510.000 0.348
4515.000 0.360
4520.000 0.379
4525.000 0.392
4530.000 0.404
4535.000 0.425
4540.000 0.447
4545.000 0.474
4550.000 0.504
4555.000 0.538
4560.000 0.575
4565.000 0.618
4570.000 0.675
4575.000 0.744
4580.000 0.828
4585.000 0.828
4590.000 0.917
4595.000 1.046
4600.000 1.202
4605.000 1.408
4610.000 1.675
4615.000 2.042
4620.000 2.488
4625.000 3.002
4630.000 3.436
4635.000 3.509
4640.000 2.999
4645.000 2.274
4650.000 1.822
4655.000 1.520
4660.000 1.320
4665.000 1.166
4670.000 1.046
4675.000 0.953
4680.000 0.875
4685.000 0.816
4690.000 0.766
4695.000 0.766
4700.000 0.718
4705.000 0.650
4710.000 0.620
4715.000 0.620
4720.000 0.593
4725.000 0.573
4730.000 0.547
4735.000 0.532
4740.000 0.510
4745.000 0.492
4750.000 0.474
4755.000 0.465
4760.000 0.447
4765.000 0.432
4770.000 0.418
4775.000 0.406
4780.000 0.391
4785.000 0.378
4790.000 0.368
4795.000 0.359
4800.000 0.351
4805.000 0.334
4810.000 0.332
4815.000 0.319
4820.000 0.314
4825.000 0.314
4830.000 0.308
4835.000 0.301
4840.000 0.297
4845.000 0.297
4850.000 0.300
4855.000 0.306
4860.000 0.306
4865.000 0.309
4870.000 0.314
4875.000 0.327
4880.000 0.337
4885.000 0.351
4890.000 0.369
4895.000 0.387
4900.000 0.414
4905.000 0.440
4910.000 0.473
4915.000 0.507
4920.000 0.549
4925.000 0.596
4930.000 0.650
4935.000 0.711
4940.000 0.778
4945.000 0.862
4950.000 0.986
4955.000 1.106
4960.000 1.106
4965.000 1.431
4970.000 1.653
4975.000 1.653
4980.000 1.922
4985.000 2.280
4990.000 2.729
4995.000 3.313
5000.000 4.082
5005.000 5.004
5010.000 5.942
5015.000 6.576
5020.000 6.443
5025.000 5.549
5030.000 4.536
5035.000 3.822
5040.000 3.311
5045.000 2.948
5050.000 2.676
5055.000 2.456
5060.000 2.273
5065.000 2.131
5070.000 2.131
5075.000 2.012
5080.000 1.823
5085.000 1.749
5090.000 1.687
5095.000 1.687
5100.000 1.628
5105.000 1.582
5110.000 1.535
5115.000 1.499
5120.000 1.461
5125.000 1.428
5130.000 1.397
5135.000 1.377
5140.000 1.348
5145.000 1.325
5150.000 1.303
5155.000 1.279
5160.000 1.267
5165.000 1.249
5170.000 1.232
5175.000 1.220
5180.000 1.210
5185.000 1.197
5190.000 1.183
5195.000 1.183
5200.000 1.167
5205.000 1.152
5210.000 1.141
5215.000 1.141
5220.000 1.135
5225.000 1.128
5230.000 1.116
5235.000 1.104
5240.000 1.089
5245.000 1.072
5250.000 1.058
5255.000 1.055
5260.000 1.089
5265.000 1.139
5270.000 1.186
5275.000 1.239
5280.000 1.294
5285.000 1.350
5290.000 1.410
5295.000 1.471
5300.000 1.539
5305.000 1.606
5310.000 1.687
5315.000 1.687
5320.000 1.775
5325.000 1.983
5330.000 1.983
5335.000 2.258
5340.000 2.258
5345.000 2.641
5350.000 2.641
5355.000 2.892
5360.000 3.193
5365.000 3.573
5370.000 4.041
5375.000 4.640
5380.000 5.416
5385.000 6.410
5390.000 7.631
5395.000 8.960
5400.000 10.018
5405.000 10.072
5410.000 8.653
5415.000 6.488
5420.000 5.181
5425.000 4.290
5430.000 3.656
5435.000 3.190
5440.000 2.825
5445.000 2.531
5450.000 2.501
5455.000 2.262
5460.000 2.071
5465.000 1.910
5470.000 1.770
5475.000 1.653
5480.000 1.562
5485.000 1.470
5490.000 1.392
5495.000 1.328
5500.000 1.265
5505.000 1.209
5510.000 1.160
5515.000 1.119
5520.000 1.083
5525.000 1.047
5530.000 1.015
5535.000 0.989
5540.000 0.965
5545.000 0.940
5550.000 0.940
5555.000 0.923
5560.000 0.890
5565.000 0.890
5570.000 0.879
5575.000 0.863
5580.000 0.847
5585.000 0.847
5590.000 0.850
5595.000 0.843
5600.000 0.844
5605.000 0.838
5610.000 0.841
5615.000 0.842
5620.000 0.848
5625.000 0.849
5630.000 0.858
5635.000 0.871
5640.000 0.882
5645.000 0.892
5650.000 0.907
5655.000 0.929
5660.000 0.947
5665.000 0.973
5670.000 0.996
5675.000 1.028
5680.000 1.058
5685.000 1.096
5690.000 1.096
5695.000 1.138
5700.000 1.243
5705.000 1.308
5710.000 1.308
5715.000 1.388
5720.000 1.470
5725.000 1.575
5730.000 1.696
5735.000 1.841
5740.000 2.023
5745.000 2.241
5750.000 2.509
5755.000 2.855
5760.000 3.305
5765.000 3.866
5770.000 4.608
5775.000 5.469
5780.000 6.386
5785.000 6.976
5790.000 6.766
5795.000 6.766
5800.000 5.616
5805.000 4.323
5810.000 3.501
5815.000 2.935
5820.000 2.215
5825.000 2.215
5830.000 1.774
5835.000 1.774
5840.000 1.615
5845.000 1.481
5850.000 1.375
5855.000 1.281
5860.000 1.201
5865.000 1.133
5870.000 1.075
5875.000 1.019
5880.000 0.970
5885.000 0.934
5890.000 0.896
5895.000 0.863
5900.000 0.836
5905.000 0.811
5910.000 0.788
5915.000 0.768
5920.000 0.753
5925.000 0.753
5930.000 0.734
5935.000 0.713
5940.000 0.699
5945.000 0.699
5950.000 0.687
5955.000 0.684
5960.000 0.676
5965.000 0.668
5970.000 0.667
5975.000 0.660
5980.000 0.662
5985.000 0.664
5990.000 0.663
5995.000 0.666
6000.000 0.672
6005.000 0.674
6010.000 0.681
6015.000 0.690
6020.000 0.699
6025.000 0.710
6030.000 0.726
6035.000 0.735
6040.000 0.750
6045.000 0.773
6050.000 0.773
6055.000 0.818
6060.000 0.845
6065.000 0.873
6070.000 0.873
6075.000 0.910
6080.000 0.948
6085.000 0.995
6090.000 1.045
6095.000 1.104
6100.000 1.172
6105.000 1.254
6110.000 1.344
6115.000 1.451
6120.000 1.585
6125.000 1.754
6130.000 1.948
6135.000 2.163
6140.000 2.483
6145.000 2.874
6150.000 3.392
6155.000 3.392
6160.000 4.811
6165.000 5.586
6170.000 6.035
6175.000 5.728
6180.000 4.655
6185.000 3.632
6190.000 2.949
6195.000 2.949
6200.000 2.484
6205.000 2.141
6210.000 1.872
6215.000 1.674
6220.000 1.516
6225.000 1.382
6230.000 1.277
6235.000 1.182
6240.000 1.105
6245.000 1.041
6250.000 0.987
6255.000 0.934
6260.000 0.888
6265.000 0.852
6270.000 0.815
6275.000 0.787
6280.000 0.760
6285.000 0.737
6290.000 0.719
6295.000 0.719
6300.000 0.682
6305.000 0.682
6310.000 0.666
6315.000 0.655
6320.000 0.640
6325.000 0.634
6330.000 0.622
6335.000 0.620
6340.000 0.614
6345.000 0.606
6350.000 0.602
6355.000 0.599
6360.000 0.597
6365.000 0.598
6370.000 0.599
6375.000 0.600
6380.000 0.601
6385.000 0.606
6390.000 0.609
6395.000 0.618
6400.000 0.625
6405.000 0.634
6410.000 0.634
6415.000 0.644
6420.000 0.666
6425.000 0.666
6430.000 0.700
6435.000 0.722
6440.000 0.725
6445.000 0.747
6450.000 0.773
6455.000 0.805
6460.000 0.837
6465.000 0.873
6470.000 0.918
6475.000 0.958
6480.000 1.017
6485.000 1.077
6490.000 1.152
6495.000 1.241
6500.000 1.342
6505.000 1.465
6510.000 1.619
6515.000 1.619
6520.000 1.815
6525.000 2.345
6530.000 2.725
6535.000 2.725
6540.000 3.808
6545.000 4.513
6550.000 4.513
6555.000 5.161
6560.000 5.439
6565.000 5.018
6570.000 4.050
6575.000 3.193
6580.000 2.630
6585.000 2.233
6590.000 1.920
6595.000 1.699
6600.000 1.523
6605.000 1.383
6610.000 1.274
6615.000 1.178
6620.000 1.097
6625.000 1.028
6630.000 0.968
6635.000 0.913
6640.000 0.869
6645.000 0.826
6650.000 0.796
6655.000 0.796
6660.000 0.766
6665.000 0.738
6670.000 0.715
6675.000 0.674
6680.000 0.658
6685.000 0.658
6690.000 0.642
6695.000 0.630
6700.000 0.619
6705.000 0.609
6710.000 0.599
6715.000 0.591
6720.000 0.582
6725.000 0.579
6730.000 0.575
6735.000 0.572
6740.000 0.574
6745.000 0.566
6750.000 0.570
6755.000 0.569
6760.000 0.571
6765.000 0.576
6770.000 0.576
6775.000 0.581
6780.000 0.591
6785.000 0.591
6790.000 0.614
6795.000 0.622
6800.000 0.622
6805.000 0.635
6810.000 0.650
6815.000 0.664
6820.000 0.683
6825.000 0.703
6830.000 0.721
6835.000 0.750
6840.000 0.775
6845.000 0.809
6850.000 0.848
6855.000 0.891
6860.000 0.937
6865.000 0.992
6870.000 1.061
6875.000 1.133
6880.000 1.225
6885.000 1.328
6890.000 1.449
6895.000 1.449
6900.000 1.608
6905.000 2.068
6910.000 2.373
6915.000 2.777
6920.000 3.267
6925.000 3.871
6930.000 4.499
6935.000 4.561
6940.000 4.936
6945.000 4.796
6950.000 4.063
6955.000 3.231
6960.000 2.654
6965.000 2.247
6970.000 1.943
6975.000 1.731
6980.000 1.552
6985.000 1.398
6990.000 1.278
6995.000 1.178
7000.000 1.093
7005.000 1.093
7010.000 0.960
7015.000 0.902
7020.000 0.856
7025.000 0.823
7030.000 0.785
7035.000 0.785
7040.000 0.726
7045.000 0.726
7050.000 0.695
7055.000 0.672
7060.000 0.658
7065.000 0.638
7070.000 0.621
7075.000 0.610
7080.000 0.599
7085.000 0.589
7090.000 0.580
7095.000 0.573
7100.000 0.566
7105.000 0.558
7110.000 0.555
7115.000 0.551
7120.000 0.550
7125.000 0.545
7130.000 0.547
7135.000 0.547
7140.000 0.545
7145.000 0.546
7150.000 0.550
7155.000 0.550
7160.000 0.556
7165.000 0.565
7170.000 0.565
7175.000 0.571
7180.000 0.578
7185.000 0.588
7190.000 0.600
7195.000 0.613
7200.000 0.624
7205.000 0.641
7210.000 0.658
7215.000 0.678
7220.000 0.701
7225.000 0.731
7230.000 0.756
7235.000 0.788
7240.000 0.824
7245.000 0.870
7250.000 0.918
7255.000 0.978
7260.000 1.041
7265.000 1.122
7270.000 1.216
7275.000 1.216
7280.000 1.331
7285.000 1.632
7290.000 1.632
7295.000 1.854
7300.000 2.114
7305.000 2.464
7310.000 2.900
7315.000 3.421
7320.000 3.963
7325.000 4.360
7330.000 4.444
7335.000 3.984
7340.000 3.213
7345.000 2.590
7350.000 2.165
7355.000 1.847
7360.000 1.609
7365.000 1.426
7370.000 1.286
7375.000 1.169
7380.000 1.068
7385.000 1.068
7390.000 0.989
7395.000 0.857
7400.000 0.806
7405.000 0.806
7410.000 0.725
7415.000 0.725
7420.000 0.688
7425.000 0.657
7430.000 0.629
7435.000 0.599
7440.000 0.581
7445.000 0.561
7450.000 0.542
7455.000 0.527
7460.000 0.512
7465.000 0.511
7470.000 0.518
7475.000 0.534
7480.000 0.546
7485.000 0.552
7490.000 0.552
7495.000 0.554
7500.000 0.550
7505.000 0.544
7510.000 0.544
7515.000 0.538
7520.000 0.538
7525.000 0.533
7530.000 0.533
7535.000 0.530
7540.000 0.537
7545.000 0.537
7550.000 0.541
7555.000 0.548
7560.000 0.555
7565.000 0.561
7570.000 0.572
7575.000 0.579
7580.000 0.590
7585.000 0.607
7590.000 0.624
7595.000 0.643
7600.000 0.663
7605.000 0.682
7610.000 0.711
7615.000 0.711
7620.000 0.778
7625.000 0.819
7630.000 0.856
7635.000 0.856
7640.000 0.970
7645.000 1.042
7650.000 1.126
7655.000 1.126
7660.000 1.223
7665.000 1.343
7670.000 1.493
7675.000 1.665
7680.000 1.890
7685.000 2.173
7690.000 2.533
7695.000 2.968
7700.000 3.425
7705.000 3.946
7710.000 4.316
7715.000 4.271
7720.000 3.715
7725.000 3.001
7730.000 2.456
7735.000 2.064
7740.000 1.782
7745.000 1.782
7750.000 1.394
7755.000 1.263
7760.000 1.145
7765.000 1.145
7770.000 1.057
7775.000 0.983
7780.000 0.917
7785.000 0.860
7790.000 0.813
7795.000 0.775
7800.000 0.730
7805.000 0.696
7810.000 0.672
7815.000 0.643
7820.000 0.623
7825.000 0.605
7830.000 0.588
7835.000 0.574
7840.000 0.560
7845.000 0.546
7850.000 0.540
7855.000 0.524
7860.000 0.516
7865.000 0.510
7870.000 0.504
7875.000 0.504
7880.000 0.498
7885.000 0.495
7890.000 0.495
7895.000 0.494
7900.000 0.492
7905.000 0.493
7910.000 0.493
7915.000 0.494
7920.000 0.494
7925.000 0.498
7930.000 0.501
7935.000 0.512
7940.000 0.513
7945.000 0.520
7950.000 0.533
7955.000 0.540
7960.000 0.551
7965.000 0.568
7970.000 0.584
7975.000 0.584
7980.000 0.616
7985.000 0.641
7990.000 0.641
7995.000 0.674
8000.000 0.698
8005.000 0.698
8010.000 0.775
8015.000 0.775
8020.000 0.814
8025.000 0.868
8030.000 0.929
8035.000 1.000
8040.000 1.085
8045.000 1.183
8050.000 1.295
8055.000 1.432
8060.000 1.595
8065.000 1.777
8070.000 2.004
8075.000 2.316
8080.000 2.728
8085.000 3.195
8090.000 3.652
8095.000 3.919
8100.000 3.857
8105.000 3.857
8110.000 2.737
8115.000 2.737
8120.000 2.245
8125.000 1.664
8130.000 1.475
8135.000 1.475
8140.000 1.315
8145.000 1.191
8150.000 1.087
8155.000 1.003
8160.000 0.931
8165.000 0.871
8170.000 0.819
8175.000 0.773
8180.000 0.732
8185.000 0.696
8190.000 0.664
8195.000 0.638
8200.000 0.617
8205.000 0.600
8210.000 0.582
8215.000 0.565
8220.000 0.554
8225.000 0.554
8230.000 0.537
8235.000 0.523
8240.000 0.506
8245.000 0.506
8250.000 0.491
8255.000 0.491
8260.000 0.491
8265.000 0.482
8270.000 0.482
8275.000 0.475
8280.000 0.475
8285.000 0.475
8290.000 0.471
8295.000 0.474
8300.000 0.471
8305.000 0.465
8310.000 0.462
8315.000 0.469
8320.000 0.472
8325.000 0.480
8330.000 0.490
8335.000 0.497
8340.000 0.506
8345.000 0.518
8350.000 0.518
8355.000 0.547
8360.000 0.557
8365.000 0.581
8370.000 0.601
8375.000 0.624
8380.000 0.648
8385.000 0.677
8390.000 0.677
8395.000 0.710
8400.000 0.746
8405.000 0.788
8410.000 0.839
8415.000 0.894
8420.000 0.965
8425.000 1.046
8430.000 1.143
8435.000 1.258
8440.000 1.400
8445.000 1.577
8450.000 1.793
8455.000 2.073
8460.000 2.413
8465.000 2.815
8470.000 3.239
8475.000 3.239
8480.000 3.664
8485.000 3.664
8490.000 3.404
8495.000 2.858
8500.000 1.955
8505.000 1.955
8510.000 1.676
8515.000 1.462
8520.000 1.291
8525.000 1.154
8530.000 1.042
8535.000 0.958
8540.000 0.879
8545.000 0.823
8550.000 0.771
8555.000 0.745
8560.000 0.724
8565.000 0.699
8570.000 0.665
8575.000 0.638
8580.000 0.609
8585.000 0.585
8590.000 0.585
8595.000 0.544
8600.000 0.527
8605.000 0.527
8610.000 0.497
8615.000 0.497
8620.000 0.477
8625.000 0.477
8630.000 0.467
8635.000 0.457
8640.000 0.454
8645.000 0.448
8650.000 0.441
8655.000 0.440
8660.000 0.437
8665.000 0.431
8670.000 0.429
8675.000 0.432
8680.000 0.427
8685.000 0.429
8690.000 0.425
8695.000 0.433
8700.000 0.438
8705.000 0.441
8710.000 0.448
8715.000 0.448
8720.000 0.468
8725.000 0.477
8730.000 0.489
8735.000 0.495
8740.000 0.495
8745.000 0.507
8750.000 0.539
8755.000 0.539
8760.000 0.553
8765.000 0.576
8770.000 0.599
8775.000 0.629
8780.000 0.660
8785.000 0.687
8790.000 0.732
8795.000 0.774
8800.000 0.826
8805.000 0.887
8810.000 0.955
8815.000 1.041
8820.000 1.143
8825.000 1.260
8830.000 1.418
8835.000 1.595
8840.000 1.822
8845.000 2.087
8850.000 2.374
8855.000 2.374
8860.000 2.671
8865.000 3.077
8870.000 3.077
8875.000 3.064
8880.000 2.804
8885.000 2.388
8890.000 1.985
8895.000 1.688
8900.000 1.467
8905.000 1.290
8910.000 1.153
8915.000 1.029
8920.000 0.946
8925.000 0.871
8930.000 0.804
8935.000 0.750
8940.000 0.707
8945.000 0.668
8950.000 0.637
8955.000 0.604
8960.000 0.578
8965.000 0.578
8970.000 0.553
8975.000 0.535
8980.000 0.501
8985.000 0.487
8990.000 0.487
8995.000 0.473
9000.000 0.462
9005.000 0.453
9010.000 0.439
9015.000 0.436
9020.000 0.430
9025.000 0.429
9030.000 0.419
9035.000 0.415
9040.000 0.415
9045.000 0.408
9050.000 0.409
9055.000 0.407
9060.000 0.406
9065.000 0.409
9070.000 0.408
9075.000 0.408
9080.000 0.413
9085.000 0.413
9090.000 0.418
9095.000 0.418
9100.000 0.427
9105.000 0.437
9110.000 0.445
9115.000 0.445
9120.000 0.452
9125.000 0.466
9130.000 0.476
9135.000 0.490
9140.000 0.505
9145.000 0.523
9150.000 0.540
9155.000 0.562
9160.000 0.586
9165.000 0.617
9170.000 0.653
9175.000 0.688
9180.000 0.732
9185.000 0.785
9190.000 0.842
9195.000 0.909
9200.000 0.909
9205.000 0.990
9210.000 1.192
9215.000 1.316
9220.000 1.447
9225.000 1.447
9230.000 1.813
9235.000 1.813
9240.000 2.095
9245.000 2.427
9250.000 2.743
9255.000 2.917
9260.000 2.822
9265.000 2.464
9270.000 2.051
9275.000 1.722
9280.000 1.467
9285.000 1.280
9290.000 1.132
9295.000 1.018
9300.000 0.919
9305.000 0.847
9310.000 0.781
9315.000 0.733
9320.000 0.684
9325.000 0.684
9330.000 0.647
9335.000 0.610
9340.000 0.551
9345.000 0.530
9350.000 0.508
9355.000 0.486
9360.000 0.486
9365.000 0.469
9370.000 0.457
9375.000 0.443
9380.000 0.430
9385.000 0.419
9390.000 0.412
9395.000 0.401
9400.000 0.396
9405.000 0.385
9410.000 0.380
9415.000 0.377
9420.000 0.373
9425.000 0.369
9430.000 0.371
9435.000 0.366
9440.000 0.366
9445.000 0.369
9450.000 0.366
9455.000 0.368
9460.000 0.369
9465.000 0.369
9470.000 0.375
9475.000 0.375
9480.000 0.380
9485.000 0.382
9490.000 0.385
9495.000 0.394
9500.000 0.399
9505.000 0.406
9510.000 0.418
9515.000 0.427
9520.000 0.438
9525.000 0.453
9530.000 0.466
9535.000 0.484
9540.000 0.504
9545.000 0.524
9550.000 0.548
9555.000 0.575
9560.000 0.575
9565.000 0.605
9570.000 0.640
9575.000 0.682
9580.000 0.791
9585.000 0.859
9590.000 0.942
9595.000 0.942
9600.000 1.049
9605.000 1.169
9610.000 1.320
9615.000 1.499
9620.000 1.716
9625.000 1.959
9630.000 2.224
9635.000 2.404
9640.000 2.454
9645.000 2.344
9650.000 2.087
9655.000 1.760
9660.000 1.491
9665.000 1.279
9670.000 1.120
9675.000 0.989
9680.000 0.893
9685.000 0.811
9690.000 0.811
9695.000 0.742
9700.000 0.638
9705.000 0.638
9710.000 0.563
9715.000 0.534
9720.000 0.534
9725.000 0.508
9730.000 0.481
9735.000 0.462
9740.000 0.443
9745.000 0.427
9750.000 0.413
9755.000 0.401
9760.000 0.387
9765.000 0.378
9770.000 0.373
9775.000 0.362
9780.000 0.356
9785.000 0.348
9790.000 0.343
9795.000 0.340
9800.000 0.337
9805.000 0.333
9810.000 0.333
9815.000 0.333
9820.000 0.327
9825.000 0.327
9830.000 0.325
9835.000 0.322
9840.000 0.327
9845.000 0.324
9850.000 0.324
9855.000 0.328
9860.000 0.332
9865.000 0.337
9870.000 0.342
9875.000 0.344
9880.000 0.348
9885.000 0.353
9890.000 0.366
9895.000 0.372
9900.000 0.378
9905.000 0.393
9910.000 0.407
9915.000 0.418
9920.000 0.433
9925.000 0.433
9930.000 0.451
9935.000 0.495
9940.000 0.518
9945.000 0.518
9950.000 0.550
9955.000 0.624
9960.000 0.624
9965.000 0.672
9970.000 0.724
9975.000 0.791
9980.000 0.876
9985.000 0.968
9990.000 1.066
9995.000 1.207
10000.000 1.384
10005.000 1.588
10010.000 1.827
10015.000 2.070
10020.000 2.247
10025.000 2.266
10030.000 2.093
10035.000 1.777
10040.000 1.484
10045.000 1.484
10050.000 1.095
10055.000 1.095
10060.000 0.961
10065.000 0.771
10070.000 0.771
10075.000 0.696
10080.000 0.641
10085.000 0.594
10090.000 0.558
10095.000 0.523
10100.000 0.493
10105.000 0.475
10110.000 0.448
10115.000 0.426
10120.000 0.410
10125.000 0.398
10130.000 0.384
10135.000 0.374
10140.000 0.365
10145.000 0.354
10150.000 0.342
10155.000 0.337
10160.000 0.332
10165.000 0.326
10170.000 0.319
10175.000 0.316
10180.000 0.311
10185.000 0.311
10190.000 0.309
10195.000 0.303
10200.000 0.303
10205.000 0.299
10210.000 0.299
10215.000 0.299
10220.000 0.301
10225.000 0.299
10230.000 0.297
10235.000 0.302
10240.000 0.304
10245.000 0.307
10250.000 0.310
10255.000 0.314
10260.000 0.316
10265.000 0.324
10270.000 0.331
10275.000 0.339
10280.000 0.345
10285.000 0.352
10290.000 0.365
10295.000 0.378
10300.000 0.390
10305.000 0.407
10310.000 0.421
10315.000 0.421
10320.000 0.460
10325.000 0.482
10330.000 0.513
10335.000 0.513
10340.000 0.550
10345.000 0.590
10350.000 0.632
10355.000 0.689
10360.000 0.752
10365.000 0.830
10370.000 0.931
10375.000 1.047
10380.000 1.181
10385.000 1.325
10390.000 1.519
10395.000 1.723
10400.000 1.909
10405.000 1.968
10410.000 1.968
10415.000 1.865
10420.000 1.387
10425.000 1.181
10430.000 1.017
10435.000 0.893
10440.000 0.893
10445.000 0.718
10450.000 0.718
10455.000 0.653
10460.000 0.593
10465.000 0.547
10470.000 0.508
10475.000 0.477
10480.000 0.449
10485.000 0.425
10490.000 0.402
10495.000 0.383
10500.000 0.367
10505.000 0.354
10510.000 0.343
10515.000 0.331
10520.000 0.324
10525.000 0.312
10530.000 0.307
10535.000 0.300
10540.000 0.291
10545.000 0.291
10550.000 0.284
10555.000 0.284
10560.000 0.272
10565.000 0.272
10570.000 0.265
10575.000 0.265
10580.000 0.263
10585.000 0.256
10590.000 0.259
10595.000 0.257
10600.000 0.262
10605.000 0.261
10610.000 0.260
10615.000 0.264
10620.000 0.262
10625.000 0.270
10630.000 0.270
10635.000 0.273
10640.000 0.277
10645.000 0.284
10650.000 0.288
10655.000 0.294
10660.000 0.301
10665.000 0.301
10670.000 0.309
10675.000 0.317
10680.000 0.325
10685.000 0.351
10690.000 0.360
10695.000 0.360
10700.000 0.377
10705.000 0.395
10710.000 0.411
10715.000 0.432
10720.000 0.461
10725.000 0.484
10730.000 0.513
10735.000 0.556
10740.000 0.595
10745.000 0.650
10750.000 0.709
10755.000 0.790
10760.000 0.883
10765.000 0.995
10770.000 1.133
10775.000 1.295
10780.000 1.470
10785.000 1.470
10790.000 1.743
10795.000 1.732
10800.000 1.732
10805.000 1.574
10810.000 1.116
10815.000 0.959
10820.000 0.959
10825.000 0.842
10830.000 0.755
10835.000 0.686
10840.000 0.630
10845.000 0.579
10850.000 0.532
10855.000 0.493
10860.000 0.461
10865.000 0.433
10870.000 0.407
10875.000 0.386
10880.000 0.369
10885.000 0.349
10890.000 0.335
10895.000 0.326
10900.000 0.314
10905.000 0.314
10910.000 0.303
10915.000 0.293
10920.000 0.285
10925.000 0.272
10930.000 0.266
10935.000 0.266
10940.000 0.259
10945.000 0.254
10950.000 0.251
10955.000 0.250
10960.000 0.248
10965.000 0.244
10970.000 0.242
10975.000 0.242
10980.000 0.241
10985.000 0.238
10990.000 0.236
10995.000 0.241
11000.000 0.239
11005.000 0.244
11010.000 0.243
11015.000 0.246
11020.000 0.250
11025.000 0.253
11030.000 0.255
11035.000 0.255
11040.000 0.262
11045.000 0.272
11050.000 0.277
11055.000 0.284
11060.000 0.284
11065.000 0.292
11070.000 0.304
11075.000 0.313
11080.000 0.323
11085.000 0.335
11090.000 0.354
11095.000 0.370
11100.000 0.389
11105.000 0.413
11110.000 0.434
11115.000 0.466
11120.000 0.506
11125.000 0.538
11130.000 0.591
11135.000 0.646
11140.000 0.722
11145.000 0.722
11150.000 0.933
11155.000 1.067
11160.000 1.218
11165.000 1.375
11170.000 1.516
11175.000 1.516
11180.000 1.541
11185.000 1.541
11190.000 1.381
11195.000 1.180
11200.000 1.007
11205.000 0.872
11210.000 0.761
11215.000 0.676
11220.000 0.606
11225.000 0.553
11230.000 0.507
11235.000 0.466
11240.000 0.433
11245.000 0.411
11250.000 0.386
11255.000 0.363
11260.000 0.349
11265.000 0.333
11270.000 0.316
11275.000 0.316
11280.000 0.302
11285.000 0.293
11290.000 0.284
11295.000 0.273
11300.000 0.259
11305.000 0.259
11310.000 0.252
11315.000 0.246
11320.000 0.241
11325.000 0.237
11330.000 0.231
11335.000 0.231
11340.000 0.227
11345.000 0.222
11350.000 0.223
11355.000 0.222
11360.000 0.218
11365.000 0.219
11370.000 0.219
11375.000 0.219
11380.000 0.220
11385.000 0.220
11390.000 0.221
11395.000 0.221
11400.000 0.223
11405.000 0.228
11410.000 0.228
11415.000 0.230
11420.000 0.234
11425.000 0.239
11430.000 0.242
11435.000 0.249
11440.000 0.255
11445.000 0.264
11450.000 0.269
11455.000 0.277
11460.000 0.285
11465.000 0.298
11470.000 0.310
11475.000 0.322
11480.000 0.340
11485.000 0.359
11490.000 0.379
11495.000 0.402
11500.000 0.430
11505.000 0.430
11510.000 0.465
11515.000 0.504
11520.000 0.603
11525.000 0.603
11530.000 0.766
11535.000 0.873
11540.000 0.992
11545.000 0.992
11550.000 1.125
11555.000 1.259
11560.000 1.365
11565.000 1.399
11570.000 1.333
11575.000 1.185
11580.000 1.014
11585.000 0.872
11590.000 0.757
11595.000 0.666
11600.000 0.597
11605.000 0.538
11610.000 0.491
11615.000 0.453
11620.000 0.418
11625.000 0.389
11630.000 0.389
11635.000 0.342
11640.000 0.322
11645.000 0.322
11650.000 0.306
11655.000 0.280
11660.000 0.270
11665.000 0.257
11670.000 0.257
11675.000 0.251
11680.000 0.244
11685.000 0.238
11690.000 0.230
11695.000 0.226
11700.000 0.217
11705.000 0.214
11710.000 0.212
11715.000 0.209
11720.000 0.206
11725.000 0.202
11730.000 0.201
11735.000 0.199
11740.000 0.202
11745.000 0.199
11750.000 0.196
11755.000 0.196
11760.000 0.197
11765.000 0.197
11770.000 0.195
11775.000 0.199
11780.000 0.198
11785.000 0.205
11790.000 0.207
11795.000 0.207
11800.000 0.208
11805.000 0.211
11810.000 0.216
11815.000 0.222
11820.000 0.226
11825.000 0.231
11830.000 0.238
11835.000 0.245
11840.000 0.253
11845.000 0.263
11850.000 0.276
11855.000 0.285
11860.000 0.300
11865.000 0.315
11870.000 0.333
11875.000 0.353
11880.000 0.378
11885.000 0.408
11890.000 0.408
11895.000 0.440
11900.000 0.480
11905.000 0.578
11910.000 0.578
11915.000 0.640
11920.000 0.715
11925.000 0.807
11930.000 0.896
11935.000 1.005
11940.000 1.101
11945.000 1.163
11950.000 1.157
11955.000 1.076
11960.000 0.957
11965.000 0.828
11970.000 0.720
11975.000 0.637
11980.000 0.568
11985.000 0.507
11990.000 0.465
11995.000 0.465
12000.000 0.423
