2005.000 0.075
2010.000 0.080
2015.000 0.078
2020.000 0.073
2025.000 0.071
2030.000 0.075
2035.000 0.068
2040.000 0.070
2045.000 0.073
2050.000 0.069
2055.000 0.064
2060.000 0.069
2065.000 0.061
2070.000 0.056
2075.000 0.062
2080.000 0.058
2085.000 0.057
2090.000 0.060
2095.000 0.057
2100.000 0.054
2105.000 0.054
2110.000 0.053
2115.000 0.049
2120.000 0.049
2125.000 0.048
2130.000 0.058
2135.000 0.051
2140.000 0.057
2145.000 0.058
2150.000 0.045
2155.000 0.062
2160.000 0.053
2165.000 0.039
2170.000 0.042
2175.000 0.042
2180.000 0.038
2185.000 0.047
2190.000 0.056
2195.000 0.048
2200.000 0.038
2205.000 0.046
2210.000 0.045
2215.000 0.023
2220.000 0.035
2225.000 0.026
2230.000 0.032
2235.000 0.030
2240.000 0.024
2245.000 0.029
2250.000 0.020
2255.000 0.053
2260.000 0.076
2265.000 0.079
2270.000 0.081
2275.000 0.130
2280.000 0.179
2285.000 0.215
2290.000 0.368
2295.000 0.698
2300.000 1.384
2305.000 2.949
2310.000 4.726
2315.000 2.378
2320.000 0.906
2325.000 0.317
2330.000 0.166
2335.000 0.120
2340.000 0.104
2345.000 0.064
2350.000 0.039
2355.000 0.035
2360.000 0.027
2365.000 0.051
2370.000 0.054
2375.000 0.085
2380.000 0.090
2385.000 0.036
2390.000 0.016
2395.000 0.023
2400.000 0.031
2405.000 0.023
2410.000 0.031
2415.000 0.026
2420.000 0.027
2425.000 0.042
2430.000 0.034
2435.000 0.027
2440.000 0.028
2445.000 0.032
2450.000 0.030
2455.000 0.022
2460.000 0.023
2465.000 0.024
2470.000 0.028
2475.000 0.034
2480.000 0.028
2485.000 0.027
2490.000 0.027
2495.000 0.021
2500.000 0.024
2505.000 0.023
2510.000 0.024
2515.000 0.022
2520.000 0.028
2525.000 0.024
2530.000 0.025
2535.000 0.035
2540.000 0.029
2545.000 0.027
2550.000 0.028
2555.000 0.030
2560.000 0.033
2565.000 0.035
2570.000 0.041
2575.000 0.037
2580.000 0.031
2585.000 0.035
2590.000 0.039
2595.000 0.042
2600.000 0.037
2605.000 0.040
2610.000 0.042
2615.000 0.040
2620.000 0.041
2625.000 0.043
2630.000 0.049
2635.000 0.049
2640.000 0.057
2645.000 0.048
2650.000 0.049
2655.000 0.047
2660.000 0.055
2665.000 0.057
2670.000 0.056
2675.000 0.059
2680.000 0.062
2685.000 0.058
2690.000 0.063
2695.000 0.061
2700.000 0.067
2705.000 0.073
2710.000 0.068
2715.000 0.068
2720.000 0.072
2725.000 0.077
2730.000 0.079
2735.000 0.078
2740.000 0.081
2745.000 0.078
2750.000 0.075
2755.000 0.084
2760.000 0.089
2765.000 0.090
2770.000 0.089
2775.000 0.095
2780.000 0.103
2785.000 0.103
2790.000 0.101
2795.000 0.102
2800.000 0.101
2805.000 0.116
2810.000 0.117
2815.000 0.118
2820.000 0.122
2825.000 0.119
2830.000 0.119
2835.000 0.128
2840.000 0.123
2845.000 0.131
2850.000 0.129
2855.000 0.138
2860.000 0.139
2865.000 0.144
2870.000 0.143
2875.000 0.142
2880.000 0.149
2885.000 0.149
2890.000 0.148
2895.000 0.152
2900.000 0.156
2905.000 0.156
2910.000 0.158
2915.000 0.160
2920.000 0.162
2925.000 0.166
2930.000 0.165
2935.000 0.171
2940.000 0.173
2945.000 0.173
2950.000 0.172
2955.000 0.170
2960.000 0.170
2965.000 0.175
2970.000 0.176
2975.000 0.182
2980.000 0.180
2985.000 0.185
2990.000 0.183
2995.000 0.183
3000.000 0.189
3005.000 0.186
3010.000 0.184
3015.000 0.184
3020.000 0.187
3025.000 0.186
3030.000 0.190
3035.000 0.194
3040.000 0.191
3045.000 0.191
3050.000 0.193
3055.000 0.192
3060.000 0.197
3065.000 0.191
3070.000 0.194
3075.000 0.193
3080.000 0.190
3085.000 0.194
3090.000 0.197
3095.000 0.197
3100.000 0.193
3105.000 0.199
3110.000 0.201
3115.000 0.196
3120.000 0.195
3125.000 0.199
3130.000 0.201
3135.000 0.198
3140.000 0.202
3145.000 0.203
3150.000 0.199
3155.000 0.203
3160.000 0.208
3165.000 0.206
3170.000 0.203
3175.000 0.208
3180.000 0.207
3185.000 0.204
3190.000 0.206
3195.000 0.213
3200.000 0.211
3205.000 0.207
3210.000 0.210
3215.000 0.212
3220.000 0.214
3225.000 0.215
3230.000 0.219
3235.000 0.220
3240.000 0.219
3245.000 0.219
3250.000 0.219
3255.000 0.221
3260.000 0.224
3265.000 0.225
3270.000 0.223
3275.000 0.227
3280.000 0.226
3285.000 0.225
3290.000 0.232
3295.000 0.233
3300.000 0.234
3305.000 0.238
3310.000 0.240
3315.000 0.240
3320.000 0.242
3325.000 0.242
3330.000 0.245
3335.000 0.249
3340.000 0.250
3345.000 0.255
3350.000 0.254
3355.000 0.256
3360.000 0.261
3365.000 0.265
3370.000 0.268
3375.000 0.268
3380.000 0.271
3385.000 0.273
3390.000 0.281
3395.000 0.279
3400.000 0.291
3405.000 0.289
3410.000 0.295
3415.000 0.298
3420.000 0.304
3425.000 0.302
3430.000 0.313
3435.000 0.317
3440.000 0.321
3445.000 0.324
3450.000 0.332
3455.000 0.335
3460.000 0.344
3465.000 0.347
3470.000 0.352
3475.000 0.362
3480.000 0.367
3485.000 0.379
3490.000 0.386
3495.000 0.394
3500.000 0.397
3505.000 0.411
3510.000 0.414
3515.000 0.427
3520.000 0.437
3525.000 0.453
3530.000 0.460
3535.000 0.481
3540.000 0.490
3545.000 0.504
3550.000 0.520
3555.000 0.528
3560.000 0.549
3565.000 0.567
3570.000 0.583
3575.000 0.609
3580.000 0.630
3585.000 0.662
3590.000 0.687
3595.000 0.719
3600.000 0.751
3605.000 0.791
3610.000 0.835
3615.000 0.880
3620.000 0.909
3625.000 0.964
3630.000 1.035
3635.000 1.104
3640.000 1.192
3645.000 1.295
3650.000 1.416
3655.000 1.564
3660.000 1.745
3665.000 1.961
3670.000 2.242
3675.000 2.608
3680.000 2.835
3685.000 3.372
3690.000 4.164
3695.000 5.691
3700.000 9.457
3705.000 11.551
3710.000 8.140
3715.000 5.186
3720.000 3.846
3725.000 3.067
3730.000 2.519
3735.000 2.127
3740.000 1.886
3745.000 1.770
3750.000 1.572
3755.000 1.423
3760.000 1.285
3765.000 1.176
3770.000 1.087
3775.000 1.009
3780.000 0.936
3785.000 0.877
3790.000 0.818
3795.000 0.785
3800.000 0.750
3805.000 0.719
3810.000 0.684
3815.000 0.649
3820.000 0.616
3825.000 0.593
3830.000 0.565
3835.000 0.544
3840.000 0.525
3845.000 0.503
3850.000 0.488
3855.000 0.471
3860.000 0.465
3865.000 0.445
3870.000 0.429
3875.000 0.417
3880.000 0.406
3885.000 0.391
3890.000 0.387
3895.000 0.369
3900.000 0.359
3905.000 0.350
3910.000 0.347
3915.000 0.333
3920.000 0.331
3925.000 0.319
3930.000 0.318
3935.000 0.311
3940.000 0.303
3945.000 0.292
3950.000 0.286
3955.000 0.281
3960.000 0.275
3965.000 0.271
3970.000 0.270
3975.000 0.261
3980.000 0.254
3985.000 0.255
3990.000 0.253
3995.000 0.244
4000.000 0.244
4005.000 0.236
4010.000 0.237
4015.000 0.238
4020.000 0.229
4025.000 0.223
4030.000 0.222
4035.000 0.221
4040.000 0.217
4045.000 0.211
4050.000 0.209
4055.000 0.208
4060.000 0.210
4065.000 0.206
4070.000 0.201
4075.000 0.200
4080.000 0.200
4085.000 0.195
4090.000 0.190
4095.000 0.187
4100.000 0.186
4105.000 0.183
4110.000 0.181
4115.000 0.179
4120.000 0.177
4125.000 0.172
4130.000 0.176
4135.000 0.165
4140.000 0.172
4145.000 0.171
4150.000 0.160
4155.000 0.161
4160.000 0.165
4165.000 0.157
4170.000 0.158
4175.000 0.153
4180.000 0.157
4185.000 0.150
4190.000 0.149
4195.000 0.141
4200.000 0.142
4205.000 0.137
4210.000 0.141
4215.000 0.131
4220.000 0.132
4225.000 0.133
4230.000 0.128
4235.000 0.125
4240.000 0.122
4245.000 0.124
4250.000 0.125
4255.000 0.122
4260.000 0.119
4265.000 0.121
4270.000 0.125
4275.000 0.116
4280.000 0.116
4285.000 0.114
4290.000 0.116
4295.000 0.111
4300.000 0.118
4305.000 0.118
4310.000 0.115
4315.000 0.116
4320.000 0.113
4325.000 0.114
4330.000 0.110
4335.000 0.111
4340.000 0.118
4345.000 0.111
4350.000 0.114
4355.000 0.110
4360.000 0.108
4365.000 0.108
4370.000 0.113
4375.000 0.110
4380.000 0.109
4385.000 0.107
4390.000 0.107
4395.000 0.105
4400.000 0.105
4405.000 0.107
4410.000 0.110
4415.000 0.106
4420.000 0.107
4425.000 0.104
4430.000 0.106
4435.000 0.109
4440.000 0.105
4445.000 0.107
4450.000 0.106
4455.000 0.105
4460.000 0.101
4465.000 0.099
4470.000 0.101
4475.000 0.103
4480.000 0.107
4485.000 0.103
4490.000 0.104
4495.000 0.100
4500.000 0.102
4505.000 0.100
4510.000 0.097
4515.000 0.102
4520.000 0.101
4525.000 0.099
4530.000 0.096
4535.000 0.098
4540.000 0.097
4545.000 0.100
4550.000 0.096
4555.000 0.097
4560.000 0.097
4565.000 0.100
4570.000 0.095
4575.000 0.100
4580.000 0.096
4585.000 0.099
4590.000 0.098
4595.000 0.098
4600.000 0.097
4605.000 0.097
4610.000 0.098
4615.000 0.099
4620.000 0.099
4625.000 0.098
4630.000 0.099
4635.000 0.097
4640.000 0.097
4645.000 0.095
4650.000 0.094
4655.000 0.099
4660.000 0.099
4665.000 0.101
4670.000 0.097
4675.000 0.099
4680.000 0.095
4685.000 0.096
4690.000 0.102
4695.000 0.100
4700.000 0.094
4705.000 0.100
4710.000 0.105
4715.000 0.100
4720.000 0.103
4725.000 0.103
4730.000 0.101
4735.000 0.107
4740.000 0.102
4745.000 0.101
4750.000 0.105
4755.000 0.105
4760.000 0.104
4765.000 0.105
4770.000 0.104
4775.000 0.106
4780.000 0.109
4785.000 0.111
4790.000 0.107
4795.000 0.111
4800.000 0.108
4805.000 0.111
4810.000 0.114
4815.000 0.113
4820.000 0.116
4825.000 0.117
4830.000 0.120
4835.000 0.123
4840.000 0.121
4845.000 0.125
4850.000 0.124
4855.000 0.133
4860.000 0.140
4865.000 0.135
4870.000 0.142
4875.000 0.142
4880.000 0.145
4885.000 0.152
4890.000 0.157
4895.000 0.161
4900.000 0.161
4905.000 0.177
4910.000 0.183
4915.000 0.198
4920.000 0.203
4925.000 0.222
4930.000 0.243
4935.000 0.264
4940.000 0.291
4945.000 0.341
4950.000 0.415
4955.000 0.533
4960.000 0.613
4965.000 0.914
4970.000 1.567
4975.000 2.625
4980.000 2.265
4985.000 1.584
4990.000 1.093
4995.000 0.577
5000.000 0.694
5005.000 0.539
5010.000 0.309
5015.000 0.182
5020.000 0.177
5025.000 0.129
5030.000 0.107
5035.000 0.081
5040.000 0.072
5045.000 0.062
5050.000 0.050
5055.000 0.045
5060.000 0.040
5065.000 0.038
5070.000 0.034
5075.000 0.040
5080.000 0.032
5085.000 0.029
5090.000 0.031
5095.000 0.037
5100.000 0.036
5105.000 0.039
5110.000 0.044
5115.000 0.042
5120.000 0.047
5125.000 0.047
5130.000 0.053
5135.000 0.046
5140.000 0.051
5145.000 0.055
5150.000 0.059
5155.000 0.062
5160.000 0.058
5165.000 0.064
5170.000 0.068
5175.000 0.068
5180.000 0.069
5185.000 0.073
5190.000 0.071
5195.000 0.079
5200.000 0.079
5205.000 0.082
5210.000 0.081
5215.000 0.081
5220.000 0.084
5225.000 0.089
5230.000 0.088
5235.000 0.091
5240.000 0.091
5245.000 0.095
5250.000 0.096
5255.000 0.103
5260.000 0.100
5265.000 0.099
5270.000 0.105
5275.000 0.104
5280.000 0.109
5285.000 0.109
5290.000 0.110
5295.000 0.117
5300.000 0.109
5305.000 0.116
5310.000 0.123
5315.000 0.122
5320.000 0.124
5325.000 0.122
5330.000 0.126
5335.000 0.128
5340.000 0.133
5345.000 0.131
5350.000 0.134
5355.000 0.131
5360.000 0.140
5365.000 0.136
5370.000 0.143
5375.000 0.138
5380.000 0.140
5385.000 0.144
5390.000 0.149
5395.000 0.149
5400.000 0.146
5405.000 0.149
5410.000 0.150
5415.000 0.151
5420.000 0.152
5425.000 0.158
5430.000 0.164
5435.000 0.160
5440.000 0.155
5445.000 0.163
5450.000 0.160
5455.000 0.168
5460.000 0.166
5465.000 0.163
5470.000 0.167
5475.000 0.169
5480.000 0.169
5485.000 0.174
5490.000 0.171
5495.000 0.173
5500.000 0.173
5505.000 0.177
5510.000 0.174
5515.000 0.175
5520.000 0.181
5525.000 0.181
5530.000 0.182
5535.000 0.185
5540.000 0.179
5545.000 0.182
5550.000 0.182
5555.000 0.183
5560.000 0.189
5565.000 0.187
5570.000 0.191
5575.000 0.193
5580.000 0.190
5585.000 0.193
5590.000 0.195
5595.000 0.198
5600.000 0.201
5605.000 0.199
5610.000 0.202
5615.000 0.202
5620.000 0.203
5625.000 0.202
5630.000 0.207
5635.000 0.203
5640.000 0.210
5645.000 0.207
5650.000 0.213
5655.000 0.210
5660.000 0.214
5665.000 0.211
5670.000 0.217
5675.000 0.213
5680.000 0.220
5685.000 0.220
5690.000 0.226
5695.000 0.221
5700.000 0.226
5705.000 0.226
5710.000 0.228
5715.000 0.233
5720.000 0.233
5725.000 0.239
5730.000 0.237
5735.000 0.238
5740.000 0.241
5745.000 0.243
5750.000 0.242
5755.000 0.244
5760.000 0.249
5765.000 0.251
5770.000 0.252
5775.000 0.258
5780.000 0.260
5785.000 0.258
5790.000 0.265
5795.000 0.271
5800.000 0.271
5805.000 0.275
5810.000 0.276
5815.000 0.277
5820.000 0.280
5825.000 0.286
5830.000 0.291
5835.000 0.294
5840.000 0.298
5845.000 0.304
5850.000 0.307
5855.000 0.310
5860.000 0.311
5865.000 0.314
5870.000 0.320
5875.000 0.318
5880.000 0.326
5885.000 0.331
5890.000 0.332
5895.000 0.342
5900.000 0.344
5905.000 0.349
5910.000 0.354
5915.000 0.362
5920.000 0.365
5925.000 0.367
5930.000 0.375
5935.000 0.383
5940.000 0.382
5945.000 0.397
5950.000 0.395
5955.000 0.403
5960.000 0.404
5965.000 0.419
5970.000 0.421
5975.000 0.429
5980.000 0.435
5985.000 0.445
5990.000 0.456
5995.000 0.458
6000.000 0.466
6005.000 0.479
6010.000 0.481
6015.000 0.493
6020.000 0.496
6025.000 0.511
6030.000 0.515
6035.000 0.526
6040.000 0.540
6045.000 0.551
6050.000 0.556
6055.000 0.574
6060.000 0.576
6065.000 0.590
6070.000 0.601
6075.000 0.617
6080.000 0.631
6085.000 0.645
6090.000 0.662
6095.000 0.676
6100.000 0.698
6105.000 0.716
6110.000 0.740
6115.000 0.753
6120.000 0.768
6125.000 0.797
6130.000 0.822
6135.000 0.849
6140.000 0.883
6145.000 0.913
6150.000 0.954
6155.000 0.992
6160.000 1.042
6165.000 1.090
6170.000 1.142
6175.000 1.173
6180.000 1.242
6185.000 1.317
6190.000 1.399
6195.000 1.500
6200.000 1.609
6205.000 1.732
6210.000 1.888
6215.000 2.091
6220.000 2.350
6225.000 2.672
6230.000 3.088
6235.000 3.491
6240.000 3.568
6245.000 3.115
6250.000 2.379
6255.000 1.968
6260.000 1.654
6265.000 1.753
6270.000 1.884
6275.000 1.993
6280.000 2.056
6285.000 2.047
6290.000 2.017
6295.000 1.985
6300.000 1.903
6305.000 1.807
6310.000 1.710
6315.000 1.618
6320.000 1.523
6325.000 1.438
6330.000 1.357
6335.000 1.287
6340.000 1.225
6345.000 1.159
6350.000 1.095
6355.000 1.076
6360.000 1.022
6365.000 0.975
6370.000 0.937
6375.000 0.898
6380.000 0.868
6385.000 0.835
6390.000 0.800
6395.000 0.773
6400.000 0.741
6405.000 0.717
6410.000 0.695
6415.000 0.671
6420.000 0.658
6425.000 0.641
6430.000 0.620
6435.000 0.603
6440.000 0.586
6445.000 0.578
6450.000 0.561
6455.000 0.543
6460.000 0.532
6465.000 0.522
6470.000 0.502
6475.000 0.490
6480.000 0.486
6485.000 0.475
6490.000 0.470
6495.000 0.456
6500.000 0.446
6505.000 0.444
6510.000 0.429
6515.000 0.420
6520.000 0.407
6525.000 0.398
6530.000 0.380
6535.000 0.380
6540.000 0.374
6545.000 0.348
6550.000 0.323
6555.000 0.286
6560.000 0.263
6565.000 0.509
6570.000 1.565
6575.000 3.676
6580.000 4.218
6585.000 0.624
6590.000 0.441
6595.000 0.113
6600.000 0.193
6605.000 0.191
6610.000 0.217
6615.000 0.239
6620.000 0.248
6625.000 0.246
6630.000 0.249
6635.000 0.251
6640.000 0.256
6645.000 0.257
6650.000 0.251
6655.000 0.253
6660.000 0.252
6665.000 0.254
6670.000 0.246
6675.000 0.248
6680.000 0.241
6685.000 0.243
6690.000 0.245
6695.000 0.237
6700.000 0.240
6705.000 0.233
6710.000 0.238
6715.000 0.234
6720.000 0.232
6725.000 0.232
6730.000 0.226
6735.000 0.226
6740.000 0.226
6745.000 0.229
6750.000 0.222
6755.000 0.216
6760.000 0.220
6765.000 0.218
6770.000 0.216
6775.000 0.216
6780.000 0.211
6785.000 0.212
6790.000 0.208
6795.000 0.203
6800.000 0.207
6805.000 0.206
6810.000 0.208
6815.000 0.201
6820.000 0.197
6825.000 0.200
6830.000 0.197
6835.000 0.196
6840.000 0.196
6845.000 0.196
6850.000 0.190
6855.000 0.186
6860.000 0.195
6865.000 0.189
6870.000 0.188
6875.000 0.191
6880.000 0.187
6885.000 0.185
6890.000 0.188
6895.000 0.186
6900.000 0.180
6905.000 0.184
6910.000 0.180
6915.000 0.179
6920.000 0.181
6925.000 0.182
6930.000 0.178
6935.000 0.180
6940.000 0.173
6945.000 0.173
6950.000 0.177
6955.000 0.176
6960.000 0.174
6965.000 0.169
6970.000 0.173
6975.000 0.171
6980.000 0.171
6985.000 0.172
6990.000 0.166
6995.000 0.169
7000.000 0.170
7005.000 0.167
7010.000 0.170
7015.000 0.167
7020.000 0.167
7025.000 0.169
7030.000 0.162
7035.000 0.165
7040.000 0.164
7045.000 0.162
7050.000 0.165
7055.000 0.168
7060.000 0.165
7065.000 0.166
7070.000 0.161
7075.000 0.169
7080.000 0.162
7085.000 0.162
7090.000 0.165
7095.000 0.162
7100.000 0.161
7105.000 0.156
7110.000 0.163
7115.000 0.162
7120.000 0.159
7125.000 0.161
7130.000 0.161
7135.000 0.163
7140.000 0.161
7145.000 0.162
7150.000 0.162
7155.000 0.160
7160.000 0.161
7165.000 0.163
7170.000 0.159
7175.000 0.160
7180.000 0.157
7185.000 0.166
7190.000 0.161
7195.000 0.163
7200.000 0.160
7205.000 0.162
7210.000 0.164
7215.000 0.167
7220.000 0.162
7225.000 0.165
7230.000 0.163
7235.000 0.165
7240.000 0.161
7245.000 0.161
7250.000 0.168
7255.000 0.158
7260.000 0.164
7265.000 0.164
7270.000 0.167
7275.000 0.164
7280.000 0.166
7285.000 0.163
7290.000 0.171
7295.000 0.171
7300.000 0.168
7305.000 0.168
7310.000 0.171
7315.000 0.173
7320.000 0.170
7325.000 0.177
7330.000 0.174
7335.000 0.180
7340.000 0.182
7345.000 0.185
7350.000 0.182
7355.000 0.186
7360.000 0.188
7365.000 0.192
7370.000 0.186
7375.000 0.195
7380.000 0.202
7385.000 0.205
7390.000 0.205
7395.000 0.208
7400.000 0.217
7405.000 0.225
7410.000 0.235
7415.000 0.242
7420.000 0.259
7425.000 0.276
7430.000 0.294
7435.000 0.324
7440.000 0.355
7445.000 0.396
7450.000 0.434
7455.000 0.465
7460.000 0.510
7465.000 0.603
7470.000 0.658
7475.000 0.656
7480.000 0.749
7485.000 0.719
7490.000 0.476
7495.000 0.328
7500.000 0.264
7505.000 0.227
7510.000 0.206
7515.000 0.194
7520.000 0.184
7525.000 0.175
7530.000 0.168
7535.000 0.167
7540.000 0.166
7545.000 0.164
7550.000 0.159
7555.000 0.158
7560.000 0.157
7565.000 0.156
7570.000 0.156
7575.000 0.158
7580.000 0.162
7585.000 0.156
7590.000 0.151
7595.000 0.155
7600.000 0.163
7605.000 0.160
7610.000 0.161
7615.000 0.162
7620.000 0.161
7625.000 0.162
7630.000 0.158
7635.000 0.164
7640.000 0.160
7645.000 0.164
7650.000 0.169
7655.000 0.165
7660.000 0.169
7665.000 0.163
7670.000 0.166
7675.000 0.169
7680.000 0.173
7685.000 0.173
7690.000 0.176
7695.000 0.177
7700.000 0.174
7705.000 0.176
7710.000 0.176
7715.000 0.179
7720.000 0.181
7725.000 0.179
7730.000 0.187
7735.000 0.182
7740.000 0.192
7745.000 0.191
7750.000 0.188
7755.000 0.192
7760.000 0.190
7765.000 0.188
7770.000 0.193
7775.000 0.200
7780.000 0.193
7785.000 0.199
7790.000 0.205
7795.000 0.204
7800.000 0.208
7805.000 0.206
7810.000 0.210
7815.000 0.217
7820.000 0.216
7825.000 0.220
7830.000 0.216
7835.000 0.221
7840.000 0.226
7845.000 0.233
7850.000 0.231
7855.000 0.234
7860.000 0.236
7865.000 0.244
7870.000 0.249
7875.000 0.247
7880.000 0.253
7885.000 0.252
7890.000 0.258
7895.000 0.266
7900.000 0.272
7905.000 0.270
7910.000 0.286
7915.000 0.285
7920.000 0.289
7925.000 0.296
7930.000 0.311
7935.000 0.316
7940.000 0.323
7945.000 0.324
7950.000 0.343
7955.000 0.351
7960.000 0.366
7965.000 0.376
7970.000 0.388
7975.000 0.404
7980.000 0.421
7985.000 0.435
7990.000 0.462
7995.000 0.485
8000.000 0.513
