2005.000 0.290
2010.000 0.285
2015.000 0.281
2020.000 0.288
2025.000 0.276
2030.000 0.276
2035.000 0.280
2040.000 0.294
2045.000 0.272
2050.000 0.277
2055.000 0.279
2060.000 0.281
2065.000 0.280
2070.000 0.284
2075.000 0.280
2080.000 0.279
2085.000 0.279
2090.000 0.279
2095.000 0.286
2100.000 0.289
2105.000 0.292
2110.000 0.287
2115.000 0.293
2120.000 0.299
2125.000 0.295
2130.000 0.297
2135.000 0.302
2140.000 0.310
2145.000 0.312
2150.000 0.314
2155.000 0.323
2160.000 0.327
2165.000 0.322
2170.000 0.336
2175.000 0.350
2180.000 0.352
2185.000 0.365
2190.000 0.385
2195.000 0.375
2200.000 0.386
2205.000 0.396
2210.000 0.406
2215.000 0.426
2220.000 0.443
2225.000 0.461
2230.000 0.441
2235.000 0.460
2240.000 0.589
2245.000 0.556
2250.000 0.571
2255.000 0.625
2260.000 0.685
2265.000 0.753
2270.000 0.786
2275.000 0.912
2280.000 1.062
2285.000 1.116
2290.000 1.255
2295.000 1.556
2300.000 1.893
2305.000 2.509
2310.000 4.265
2315.000 6.054
2320.000 3.008
2325.000 1.809
2330.000 1.355
2335.000 1.177
2340.000 1.037
2345.000 0.820
2350.000 0.747
2355.000 0.588
2360.000 0.519
2365.000 0.464
2370.000 0.452
2375.000 0.433
2380.000 0.370
2385.000 0.327
2390.000 0.307
2395.000 0.281
2400.000 0.273
2405.000 0.249
2410.000 0.244
2415.000 0.231
2420.000 0.219
2425.000 0.206
2430.000 0.193
2435.000 0.185
2440.000 0.171
2445.000 0.189
2450.000 0.170
2455.000 0.212
2460.000 0.230
2465.000 0.204
2470.000 0.209
2475.000 0.137
2480.000 0.131
2485.000 0.125
2490.000 0.120
2495.000 0.120
2500.000 0.124
2505.000 0.119
2510.000 0.120
2515.000 0.123
2520.000 0.107
2525.000 0.106
2530.000 0.111
2535.000 0.106
2540.000 0.112
2545.000 0.104
2550.000 0.100
2555.000 0.097
2560.000 0.101
2565.000 0.105
2570.000 0.104
2575.000 0.104
2580.000 0.102
2585.000 0.106
2590.000 0.108
2595.000 0.100
2600.000 0.108
2605.000 0.099
2610.000 0.101
2615.000 0.104
2620.000 0.104
2625.000 0.102
2630.000 0.101
2635.000 0.111
2640.000 0.106
2645.000 0.110
2650.000 0.107
2655.000 0.118
2660.000 0.109
2665.000 0.117
2670.000 0.116
2675.000 0.116
2680.000 0.117
2685.000 0.114
2690.000 0.118
2695.000 0.118
2700.000 0.121
2705.000 0.121
2710.000 0.124
2715.000 0.123
2720.000 0.125
2725.000 0.128
2730.000 0.127
2735.000 0.126
2740.000 0.126
2745.000 0.133
2750.000 0.129
2755.000 0.136
2760.000 0.138
2765.000 0.138
2770.000 0.141
2775.000 0.136
2780.000 0.140
2785.000 0.144
2790.000 0.144
2795.000 0.144
2800.000 0.150
2805.000 0.146
2810.000 0.147
2815.000 0.147
2820.000 0.154
2825.000 0.150
2830.000 0.151
2835.000 0.156
2840.000 0.151
2845.000 0.155
2850.000 0.153
2855.000 0.157
2860.000 0.158
2865.000 0.153
2870.000 0.157
2875.000 0.162
2880.000 0.161
2885.000 0.158
2890.000 0.161
2895.000 0.165
2900.000 0.164
2905.000 0.166
2910.000 0.159
2915.000 0.161
2920.000 0.161
2925.000 0.159
2930.000 0.156
2935.000 0.151
2940.000 0.159
2945.000 0.158
2950.000 0.152
2955.000 0.162
2960.000 0.160
2965.000 0.153
2970.000 0.152
2975.000 0.151
2980.000 0.155
2985.000 0.147
2990.000 0.149
2995.000 0.149
3000.000 0.148
3005.000 0.147
3010.000 0.149
3015.000 0.142
3020.000 0.141
3025.000 0.139
3030.000 0.137
3035.000 0.136
3040.000 0.138
3045.000 0.134
3050.000 0.140
3055.000 0.129
3060.000 0.132
3065.000 0.134
3070.000 0.128
3075.000 0.130
3080.000 0.128
3085.000 0.127
3090.000 0.117
3095.000 0.122
3100.000 0.119
3105.000 0.117
3110.000 0.118
3115.000 0.116
3120.000 0.111
3125.000 0.114
3130.000 0.113
3135.000 0.111
3140.000 0.112
3145.000 0.117
3150.000 0.109
3155.000 0.114
3160.000 0.110
3165.000 0.108
3170.000 0.104
3175.000 0.100
3180.000 0.105
3185.000 0.100
3190.000 0.105
3195.000 0.102
3200.000 0.101
3205.000 0.097
3210.000 0.092
3215.000 0.096
3220.000 0.094
3225.000 0.100
3230.000 0.094
3235.000 0.094
3240.000 0.093
3245.000 0.088
3250.000 0.087
3255.000 0.089
3260.000 0.090
3265.000 0.086
3270.000 0.088
3275.000 0.085
3280.000 0.081
3285.000 0.085
3290.000 0.084
3295.000 0.087
3300.000 0.082
3305.000 0.080
3310.000 0.086
3315.000 0.087
3320.000 0.083
3325.000 0.073
3330.000 0.074
3335.000 0.078
3340.000 0.073
3345.000 0.077
3350.000 0.074
3355.000 0.076
3360.000 0.075
3365.000 0.075
3370.000 0.071
3375.000 0.075
3380.000 0.076
3385.000 0.074
3390.000 0.071
3395.000 0.072
3400.000 0.072
3405.000 0.068
3410.000 0.068
3415.000 0.069
3420.000 0.067
3425.000 0.062
3430.000 0.066
3435.000 0.064
3440.000 0.062
3445.000 0.065
3450.000 0.060
3455.000 0.060
3460.000 0.061
3465.000 0.060
3470.000 0.060
3475.000 0.061
3480.000 0.060
3485.000 0.057
3490.000 0.052
3495.000 0.056
3500.000 0.058
3505.000 0.054
3510.000 0.055
3515.000 0.057
3520.000 0.055
3525.000 0.047
3530.000 0.049
3535.000 0.048
3540.000 0.050
3545.000 0.050
3550.000 0.043
3555.000 0.045
3560.000 0.043
3565.000 0.041
3570.000 0.046
3575.000 0.038
3580.000 0.040
3585.000 0.036
3590.000 0.037
3595.000 0.037
3600.000 0.033
3605.000 0.028
3610.000 0.032
3615.000 0.033
3620.000 0.026
3625.000 0.023
3630.000 0.027
3635.000 0.021
3640.000 0.020
3645.000 0.023
3650.000 0.030
3655.000 0.041
3660.000 0.056
3665.000 0.076
3670.000 0.097
3675.000 0.141
3680.000 0.170
3685.000 0.266
3690.000 0.436
3695.000 0.852
3700.000 1.702
3705.000 2.556
3710.000 1.318
3715.000 0.563
3720.000 0.342
3725.000 0.246
3730.000 0.218
3735.000 0.191
3740.000 0.182
3745.000 0.165
3750.000 0.150
3755.000 0.150
3760.000 0.143
3765.000 0.133
3770.000 0.130
3775.000 0.124
3780.000 0.113
3785.000 0.114
3790.000 0.115
3795.000 0.112
3800.000 0.110
3805.000 0.107
3810.000 0.103
3815.000 0.102
3820.000 0.099
3825.000 0.102
3830.000 0.103
3835.000 0.099
3840.000 0.096
3845.000 0.094
3850.000 0.095
3855.000 0.091
3860.000 0.093
3865.000 0.093
3870.000 0.088
3875.000 0.088
3880.000 0.086
3885.000 0.083
3890.000 0.086
3895.000 0.084
3900.000 0.086
3905.000 0.087
3910.000 0.086
3915.000 0.083
3920.000 0.083
3925.000 0.082
3930.000 0.084
3935.000 0.088
3940.000 0.083
3945.000 0.084
3950.000 0.080
3955.000 0.085
3960.000 0.085
3965.000 0.081
3970.000 0.082
3975.000 0.084
3980.000 0.080
3985.000 0.075
3990.000 0.082
3995.000 0.081
4000.000 0.085
4005.000 0.084
4010.000 0.085
4015.000 0.086
4020.000 0.082
4025.000 0.079
4030.000 0.079
4035.000 0.084
4040.000 0.082
4045.000 0.082
4050.000 0.082
4055.000 0.082
4060.000 0.073
4065.000 0.087
4070.000 0.083
4075.000 0.081
4080.000 0.084
4085.000 0.078
4090.000 0.085
4095.000 0.082
4100.000 0.085
4105.000 0.085
4110.000 0.084
4115.000 0.083
4120.000 0.082
4125.000 0.085
4130.000 0.081
4135.000 0.080
4140.000 0.081
4145.000 0.084
4150.000 0.080
4155.000 0.081
4160.000 0.080
4165.000 0.085
4170.000 0.083
4175.000 0.077
4180.000 0.079
4185.000 0.082
4190.000 0.077
4195.000 0.078
4200.000 0.082
4205.000 0.074
4210.000 0.079
4215.000 0.077
4220.000 0.077
4225.000 0.072
4230.000 0.070
4235.000 0.075
4240.000 0.073
4245.000 0.076
4250.000 0.074
4255.000 0.074
4260.000 0.072
4265.000 0.073
4270.000 0.078
4275.000 0.076
4280.000 0.079
4285.000 0.074
4290.000 0.073
4295.000 0.081
4300.000 0.076
4305.000 0.078
4310.000 0.087
4315.000 0.083
4320.000 0.079
4325.000 0.080
4330.000 0.086
4335.000 0.083
4340.000 0.085
4345.000 0.085
4350.000 0.085
4355.000 0.088
4360.000 0.093
4365.000 0.088
4370.000 0.086
4375.000 0.096
4380.000 0.094
4385.000 0.088
4390.000 0.094
4395.000 0.091
4400.000 0.098
4405.000 0.096
4410.000 0.095
4415.000 0.101
4420.000 0.098
4425.000 0.096
4430.000 0.101
4435.000 0.101
4440.000 0.104
4445.000 0.102
4450.000 0.106
4455.000 0.101
4460.000 0.105
4465.000 0.109
4470.000 0.108
4475.000 0.111
4480.000 0.111
4485.000 0.111
4490.000 0.114
4495.000 0.115
4500.000 0.114
4505.000 0.109
4510.000 0.115
4515.000 0.118
4520.000 0.121
4525.000 0.119
4530.000 0.120
4535.000 0.122
4540.000 0.127
4545.000 0.128
4550.000 0.123
4555.000 0.129
4560.000 0.135
4565.000 0.135
4570.000 0.133
4575.000 0.136
4580.000 0.131
4585.000 0.135
4590.000 0.139
4595.000 0.137
4600.000 0.139
4605.000 0.146
4610.000 0.146
4615.000 0.143
4620.000 0.145
4625.000 0.148
4630.000 0.154
4635.000 0.152
4640.000 0.155
4645.000 0.159
4650.000 0.162
4655.000 0.165
4660.000 0.166
4665.000 0.171
4670.000 0.171
4675.000 0.171
4680.000 0.176
4685.000 0.177
4690.000 0.182
4695.000 0.182
4700.000 0.186
4705.000 0.189
4710.000 0.191
4715.000 0.197
4720.000 0.197
4725.000 0.201
4730.000 0.210
4735.000 0.212
4740.000 0.219
4745.000 0.216
4750.000 0.227
4755.000 0.232
4760.000 0.241
4765.000 0.243
4770.000 0.247
4775.000 0.256
4780.000 0.263
4785.000 0.269
4790.000 0.276
4795.000 0.277
4800.000 0.292
4805.000 0.301
4810.000 0.305
4815.000 0.317
4820.000 0.325
4825.000 0.336
4830.000 0.351
4835.000 0.357
4840.000 0.378
4845.000 0.389
4850.000 0.402
4855.000 0.421
4860.000 0.436
4865.000 0.466
4870.000 0.480
4875.000 0.503
4880.000 0.530
4885.000 0.556
4890.000 0.591
4895.000 0.606
4900.000 0.643
4905.000 0.686
4910.000 0.740
4915.000 0.796
4920.000 0.854
4925.000 0.924
4930.000 1.017
4935.000 1.124
4940.000 1.252
4945.000 1.411
4950.000 1.623
4955.000 1.912
4960.000 2.092
4965.000 2.602
4970.000 3.459
4975.000 4.626
4980.000 3.987
4985.000 3.208
4990.000 3.749
4995.000 5.983
5000.000 7.188
5005.000 4.617
5010.000 3.420
5015.000 3.044
5020.000 2.454
5025.000 2.092
5030.000 1.825
5035.000 1.626
5040.000 1.463
5045.000 1.334
5050.000 1.231
5055.000 1.148
5060.000 1.073
5065.000 1.009
5070.000 0.952
5075.000 0.929
5080.000 0.888
5085.000 0.847
5090.000 0.812
5095.000 0.781
5100.000 0.751
5105.000 0.726
5110.000 0.706
5115.000 0.685
5120.000 0.667
5125.000 0.649
5130.000 0.639
5135.000 0.622
5140.000 0.618
5145.000 0.606
5150.000 0.592
5155.000 0.580
5160.000 0.579
5165.000 0.567
5170.000 0.559
5175.000 0.545
5180.000 0.547
5185.000 0.542
5190.000 0.533
5195.000 0.524
5200.000 0.526
5205.000 0.517
5210.000 0.514
5215.000 0.510
5220.000 0.507
5225.000 0.506
5230.000 0.501
5235.000 0.497
5240.000 0.498
5245.000 0.488
5250.000 0.489
5255.000 0.485
5260.000 0.487
5265.000 0.484
5270.000 0.481
5275.000 0.480
5280.000 0.478
5285.000 0.474
5290.000 0.476
5295.000 0.476
5300.000 0.475
5305.000 0.471
5310.000 0.470
5315.000 0.464
5320.000 0.464
5325.000 0.464
5330.000 0.468
5335.000 0.462
5340.000 0.464
5345.000 0.460
5350.000 0.459
5355.000 0.460
5360.000 0.453
5365.000 0.449
5370.000 0.452
5375.000 0.456
5380.000 0.448
5385.000 0.451
5390.000 0.450
5395.000 0.446
5400.000 0.440
5405.000 0.444
5410.000 0.438
5415.000 0.443
5420.000 0.437
5425.000 0.441
5430.000 0.430
5435.000 0.432
5440.000 0.432
5445.000 0.430
5450.000 0.431
5455.000 0.425
5460.000 0.429
5465.000 0.423
5470.000 0.421
5475.000 0.425
5480.000 0.421
5485.000 0.421
5490.000 0.412
5495.000 0.419
5500.000 0.410
5505.000 0.412
5510.000 0.406
5515.000 0.403
5520.000 0.407
5525.000 0.409
5530.000 0.403
5535.000 0.405
5540.000 0.403
5545.000 0.402
5550.000 0.402
5555.000 0.406
5560.000 0.398
5565.000 0.398
5570.000 0.395
5575.000 0.394
5580.000 0.394
5585.000 0.391
5590.000 0.391
5595.000 0.390
5600.000 0.387
5605.000 0.387
5610.000 0.386
5615.000 0.392
5620.000 0.388
5625.000 0.388
5630.000 0.387
5635.000 0.388
5640.000 0.388
5645.000 0.384
5650.000 0.387
5655.000 0.387
5660.000 0.384
5665.000 0.390
5670.000 0.384
5675.000 0.382
5680.000 0.389
5685.000 0.385
5690.000 0.387
5695.000 0.387
5700.000 0.391
5705.000 0.386
5710.000 0.386
5715.000 0.386
5720.000 0.387
5725.000 0.387
5730.000 0.387
5735.000 0.393
5740.000 0.392
5745.000 0.395
5750.000 0.390
5755.000 0.398
5760.000 0.395
5765.000 0.397
5770.000 0.395
5775.000 0.396
5780.000 0.400
5785.000 0.402
5790.000 0.405
5795.000 0.407
5800.000 0.410
5805.000 0.407
5810.000 0.406
5815.000 0.411
5820.000 0.412
5825.000 0.413
5830.000 0.421
5835.000 0.420
5840.000 0.421
5845.000 0.422
5850.000 0.429
5855.000 0.430
5860.000 0.437
5865.000 0.438
5870.000 0.438
5875.000 0.438
5880.000 0.445
5885.000 0.448
5890.000 0.449
5895.000 0.455
5900.000 0.463
5905.000 0.463
5910.000 0.470
5915.000 0.475
5920.000 0.480
5925.000 0.484
5930.000 0.489
5935.000 0.491
5940.000 0.497
5945.000 0.502
5950.000 0.507
5955.000 0.510
5960.000 0.531
5965.000 0.528
5970.000 0.534
5975.000 0.543
5980.000 0.554
5985.000 0.561
5990.000 0.564
5995.000 0.572
6000.000 0.582
6005.000 0.594
6010.000 0.600
6015.000 0.606
6020.000 0.623
6025.000 0.629
6030.000 0.647
6035.000 0.657
6040.000 0.668
6045.000 0.673
6050.000 0.686
6055.000 0.708
6060.000 0.727
6065.000 0.755
6070.000 0.751
6075.000 0.781
6080.000 0.799
6085.000 0.818
6090.000 0.845
6095.000 0.867
6100.000 0.898
6105.000 0.928
6110.000 0.943
6115.000 0.975
6120.000 1.013
6125.000 1.059
6130.000 1.100
6135.000 1.147
6140.000 1.208
6145.000 1.267
6150.000 1.341
6155.000 1.410
6160.000 1.498
6165.000 1.601
6170.000 1.720
6175.000 1.784
6180.000 1.945
6185.000 2.111
6190.000 2.313
6195.000 2.603
6200.000 2.918
6205.000 3.349
6210.000 3.908
6215.000 4.670
6220.000 5.796
6225.000 7.311
6230.000 9.309
6235.000 10.384
6240.000 11.829
6245.000 10.658
6250.000 7.393
6255.000 4.499
6260.000 3.367
6265.000 2.936
6270.000 2.566
6275.000 2.329
6280.000 2.034
6285.000 1.873
6290.000 1.793
6295.000 1.644
6300.000 1.518
6305.000 1.401
6310.000 1.297
6315.000 1.213
6320.000 1.132
6325.000 1.058
6330.000 1.000
6335.000 0.940
6340.000 0.889
6345.000 0.835
6350.000 0.790
6355.000 0.762
6360.000 0.735
6365.000 0.696
6370.000 0.654
6375.000 0.635
6380.000 0.600
6385.000 0.570
6390.000 0.546
6395.000 0.520
6400.000 0.500
6405.000 0.473
6410.000 0.454
6415.000 0.445
6420.000 0.423
6425.000 0.408
6430.000 0.381
6435.000 0.367
6440.000 0.347
6445.000 0.334
6450.000 0.316
6455.000 0.298
6460.000 0.273
6465.000 0.261
6470.000 0.239
6475.000 0.224
6480.000 0.215
6485.000 0.194
6490.000 0.176
6495.000 0.156
6500.000 0.128
6505.000 0.106
6510.000 0.079
6515.000 0.044
6520.000 0.018
6525.000 0.034
6530.000 0.072
6535.000 0.100
6540.000 0.160
6545.000 0.244
6550.000 0.352
6555.000 0.497
6560.000 0.714
6565.000 1.092
6570.000 1.821
6575.000 3.129
6580.000 5.026
6585.000 5.796
6590.000 0.750
6595.000 1.188
6600.000 1.303
6605.000 1.026
6610.000 0.923
6615.000 0.797
6620.000 0.706
6625.000 0.667
6630.000 0.611
6635.000 0.588
6640.000 0.551
6645.000 0.522
6650.000 0.499
6655.000 0.476
6660.000 0.472
6665.000 0.449
6670.000 0.438
6675.000 0.427
6680.000 0.412
6685.000 0.401
6690.000 0.389
6695.000 0.384
6700.000 0.374
6705.000 0.360
6710.000 0.356
6715.000 0.349
6720.000 0.339
6725.000 0.337
6730.000 0.331
6735.000 0.328
6740.000 0.321
6745.000 0.317
6750.000 0.308
6755.000 0.308
6760.000 0.300
6765.000 0.301
6770.000 0.292
6775.000 0.288
6780.000 0.284
6785.000 0.289
6790.000 0.280
6795.000 0.279
6800.000 0.271
6805.000 0.271
6810.000 0.266
6815.000 0.263
6820.000 0.259
6825.000 0.264
6830.000 0.262
6835.000 0.255
6840.000 0.252
6845.000 0.251
6850.000 0.247
6855.000 0.238
6860.000 0.241
6865.000 0.247
6870.000 0.245
6875.000 0.241
6880.000 0.243
6885.000 0.236
6890.000 0.232
6895.000 0.231
6900.000 0.230
6905.000 0.231
6910.000 0.223
6915.000 0.226
6920.000 0.229
6925.000 0.225
6930.000 0.224
6935.000 0.221
6940.000 0.218
6945.000 0.219
6950.000 0.220
6955.000 0.213
6960.000 0.215
6965.000 0.220
6970.000 0.213
6975.000 0.215
6980.000 0.216
6985.000 0.214
6990.000 0.216
6995.000 0.210
7000.000 0.208
7005.000 0.214
7010.000 0.209
7015.000 0.212
7020.000 0.210
7025.000 0.211
7030.000 0.211
7035.000 0.209
7040.000 0.208
7045.000 0.206
7050.000 0.212
7055.000 0.207
7060.000 0.211
7065.000 0.208
7070.000 0.205
7075.000 0.211
7080.000 0.207
7085.000 0.205
7090.000 0.207
7095.000 0.205
7100.000 0.205
7105.000 0.208
7110.000 0.209
7115.000 0.213
7120.000 0.210
7125.000 0.208
7130.000 0.214
7135.000 0.212
7140.000 0.216
7145.000 0.217
7150.000 0.213
7155.000 0.215
7160.000 0.214
7165.000 0.217
7170.000 0.219
7175.000 0.219
7180.000 0.219
7185.000 0.226
7190.000 0.227
7195.000 0.229
7200.000 0.228
7205.000 0.228
7210.000 0.236
7215.000 0.236
7220.000 0.234
7225.000 0.237
7230.000 0.237
7235.000 0.242
7240.000 0.243
7245.000 0.248
7250.000 0.249
7255.000 0.251
7260.000 0.254
7265.000 0.259
7270.000 0.266
7275.000 0.264
7280.000 0.263
7285.000 0.273
7290.000 0.278
7295.000 0.286
7300.000 0.283
7305.000 0.289
7310.000 0.299
7315.000 0.303
7320.000 0.314
7325.000 0.314
7330.000 0.322
7335.000 0.334
7340.000 0.344
7345.000 0.355
7350.000 0.372
7355.000 0.380
7360.000 0.394
7365.000 0.410
7370.000 0.429
7375.000 0.454
7380.000 0.467
7385.000 0.494
7390.000 0.512
7395.000 0.539
7400.000 0.588
7405.000 0.629
7410.000 0.683
7415.000 0.753
7420.000 0.850
7425.000 0.964
7430.000 1.122
7435.000 1.320
7440.000 1.579
7445.000 1.909
7450.000 2.264
7455.000 2.376
7460.000 2.300
7465.000 1.788
7470.000 1.236
7475.000 0.799
7480.000 0.484
7485.000 0.334
7490.000 0.549
7495.000 0.545
7500.000 0.476
7505.000 0.415
7510.000 0.390
7515.000 0.347
7520.000 0.308
7525.000 0.274
7530.000 0.246
7535.000 0.229
7540.000 0.205
7545.000 0.188
7550.000 0.175
7555.000 0.161
7560.000 0.148
7565.000 0.133
7570.000 0.129
7575.000 0.119
7580.000 0.113
7585.000 0.100
7590.000 0.090
7595.000 0.086
7600.000 0.081
7605.000 0.072
7610.000 0.066
7615.000 0.062
7620.000 0.063
7625.000 0.054
7630.000 0.051
7635.000 0.045
7640.000 0.041
7645.000 0.035
7650.000 0.038
7655.000 0.031
7660.000 0.026
7665.000 0.028
7670.000 0.018
7675.000 0.023
7680.000 0.015
7685.000 0.013
7690.000 0.009
7695.000 0.005
7700.000 0.012
7705.000 0.004
7710.000 0.007
7715.000 0.006
7720.000 0.008
7725.000 0.010
7730.000 0.015
7735.000 0.014
7740.000 0.015
7745.000 0.017
7750.000 0.016
7755.000 0.022
7760.000 0.022
7765.000 0.021
7770.000 0.023
7775.000 0.026
7780.000 0.026
7785.000 0.028
7790.000 0.026
7795.000 0.034
7800.000 0.032
7805.000 0.033
7810.000 0.037
7815.000 0.034
7820.000 0.036
7825.000 0.040
7830.000 0.041
7835.000 0.043
7840.000 0.042
7845.000 0.038
7850.000 0.043
7855.000 0.046
7860.000 0.050
7865.000 0.047
7870.000 0.050
7875.000 0.048
7880.000 0.051
7885.000 0.052
7890.000 0.053
7895.000 0.057
7900.000 0.055
7905.000 0.059
7910.000 0.055
7915.000 0.060
7920.000 0.057
7925.000 0.060
7930.000 0.060
7935.000 0.060
7940.000 0.062
7945.000 0.060
7950.000 0.063
7955.000 0.068
7960.000 0.063
7965.000 0.069
7970.000 0.065
7975.000 0.072
7980.000 0.066
7985.000 0.073
7990.000 0.072
7995.000 0.070
8000.000 0.072
