2005.000 0.298
2010.000 0.293
2015.000 0.280
2020.000 0.278
2025.000 0.288
2030.000 0.292
2035.000 0.286
2040.000 0.293
2045.000 0.281
2050.000 0.306
2055.000 0.294
2060.000 0.291
2065.000 0.305
2070.000 0.289
2075.000 0.292
2080.000 0.295
2085.000 0.302
2090.000 0.298
2095.000 0.295
2100.000 0.309
2105.000 0.301
2110.000 0.306
2115.000 0.305
2120.000 0.311
2125.000 0.313
2130.000 0.315
2135.000 0.321
2140.000 0.321
2145.000 0.328
2150.000 0.323
2155.000 0.333
2160.000 0.340
2165.000 0.348
2170.000 0.357
2175.000 0.359
2180.000 0.379
2185.000 0.379
2190.000 0.408
2195.000 0.399
2200.000 0.414
2205.000 0.406
2210.000 0.431
2215.000 0.450
2220.000 0.481
2225.000 0.479
2230.000 0.494
2235.000 0.513
2240.000 0.559
2245.000 0.587
2250.000 0.617
2255.000 0.680
2260.000 0.733
2265.000 0.731
2270.000 0.895
2275.000 0.933
2280.000 1.059
2285.000 1.181
2290.000 1.457
2295.000 1.737
2300.000 2.196
2305.000 2.765
2310.000 4.507
2315.000 6.033
2320.000 3.011
2325.000 1.989
2330.000 1.718
2335.000 1.334
2340.000 1.140
2345.000 0.906
2350.000 0.775
2355.000 0.661
2360.000 0.571
2365.000 0.546
2370.000 0.443
2375.000 0.405
2380.000 0.380
2385.000 0.383
2390.000 0.323
2395.000 0.312
2400.000 0.314
2405.000 0.286
2410.000 0.257
2415.000 0.245
2420.000 0.238
2425.000 0.216
2430.000 0.213
2435.000 0.196
2440.000 0.194
2445.000 0.188
2450.000 0.176
2455.000 0.177
2460.000 0.160
2465.000 0.159
2470.000 0.155
2475.000 0.150
2480.000 0.140
2485.000 0.139
2490.000 0.136
2495.000 0.137
2500.000 0.128
2505.000 0.129
2510.000 0.127
2515.000 0.123
2520.000 0.119
2525.000 0.122
2530.000 0.119
2535.000 0.120
2540.000 0.122
2545.000 0.117
2550.000 0.111
2555.000 0.115
2560.000 0.112
2565.000 0.116
2570.000 0.113
2575.000 0.113
2580.000 0.118
2585.000 0.116
2590.000 0.116
2595.000 0.116
2600.000 0.117
2605.000 0.111
2610.000 0.115
2615.000 0.114
2620.000 0.116
2625.000 0.123
2630.000 0.118
2635.000 0.119
2640.000 0.123
2645.000 0.124
2650.000 0.125
2655.000 0.127
2660.000 0.129
2665.000 0.128
2670.000 0.127
2675.000 0.127
2680.000 0.133
2685.000 0.132
2690.000 0.136
2695.000 0.134
2700.000 0.138
2705.000 0.139
2710.000 0.139
2715.000 0.142
2720.000 0.142
2725.000 0.145
2730.000 0.144
2735.000 0.147
2740.000 0.145
2745.000 0.151
2750.000 0.148
2755.000 0.153
2760.000 0.157
2765.000 0.158
2770.000 0.159
2775.000 0.162
2780.000 0.169
2785.000 0.168
2790.000 0.170
2795.000 0.169
2800.000 0.170
2805.000 0.170
2810.000 0.174
2815.000 0.175
2820.000 0.175
2825.000 0.176
2830.000 0.179
2835.000 0.177
2840.000 0.184
2845.000 0.185
2850.000 0.185
2855.000 0.189
2860.000 0.188
2865.000 0.188
2870.000 0.189
2875.000 0.189
2880.000 0.187
2885.000 0.188
2890.000 0.190
2895.000 0.193
2900.000 0.192
2905.000 0.191
2910.000 0.192
2915.000 0.195
2920.000 0.190
2925.000 0.195
2930.000 0.187
2935.000 0.192
2940.000 0.194
2945.000 0.194
2950.000 0.191
2955.000 0.192
2960.000 0.192
2965.000 0.189
2970.000 0.189
2975.000 0.188
2980.000 0.182
2985.000 0.185
2990.000 0.176
2995.000 0.183
3000.000 0.179
3005.000 0.183
3010.000 0.176
3015.000 0.181
3020.000 0.175
3025.000 0.174
3030.000 0.168
3035.000 0.171
3040.000 0.175
3045.000 0.172
3050.000 0.167
3055.000 0.163
3060.000 0.170
3065.000 0.163
3070.000 0.164
3075.000 0.163
3080.000 0.161
3085.000 0.154
3090.000 0.155
3095.000 0.155
3100.000 0.157
3105.000 0.155
3110.000 0.149
3115.000 0.150
3120.000 0.151
3125.000 0.148
3130.000 0.149
3135.000 0.146
3140.000 0.142
3145.000 0.145
3150.000 0.142
3155.000 0.136
3160.000 0.143
3165.000 0.140
3170.000 0.136
3175.000 0.138
3180.000 0.136
3185.000 0.131
3190.000 0.135
3195.000 0.137
3200.000 0.135
3205.000 0.130
3210.000 0.131
3215.000 0.130
3220.000 0.127
3225.000 0.129
3230.000 0.126
3235.000 0.123
3240.000 0.126
3245.000 0.127
3250.000 0.124
3255.000 0.127
3260.000 0.119
3265.000 0.121
3270.000 0.125
3275.000 0.123
3280.000 0.123
3285.000 0.121
3290.000 0.122
3295.000 0.120
3300.000 0.113
3305.000 0.121
3310.000 0.118
3315.000 0.115
3320.000 0.115
3325.000 0.118
3330.000 0.116
3335.000 0.113
3340.000 0.116
3345.000 0.112
3350.000 0.117
3355.000 0.116
3360.000 0.111
3365.000 0.113
3370.000 0.115
3375.000 0.114
3380.000 0.111
3385.000 0.115
3390.000 0.116
3395.000 0.114
3400.000 0.112
3405.000 0.116
3410.000 0.116
3415.000 0.114
3420.000 0.115
3425.000 0.111
3430.000 0.109
3435.000 0.113
3440.000 0.112
3445.000 0.115
3450.000 0.113
3455.000 0.115
3460.000 0.113
3465.000 0.116
3470.000 0.112
3475.000 0.117
3480.000 0.113
3485.000 0.116
3490.000 0.113
3495.000 0.120
3500.000 0.118
3505.000 0.126
3510.000 0.125
3515.000 0.123
3520.000 0.114
3525.000 0.123
3530.000 0.125
3535.000 0.124
3540.000 0.126
3545.000 0.128
3550.000 0.130
3555.000 0.130
3560.000 0.132
3565.000 0.132
3570.000 0.129
3575.000 0.138
3580.000 0.140
3585.000 0.144
3590.000 0.143
3595.000 0.150
3600.000 0.150
3605.000 0.150
3610.000 0.160
3615.000 0.162
3620.000 0.162
3625.000 0.174
3630.000 0.180
3635.000 0.190
3640.000 0.206
3645.000 0.206
3650.000 0.229
3655.000 0.244
3660.000 0.262
3665.000 0.293
3670.000 0.307
3675.000 0.352
3680.000 0.424
3685.000 0.504
3690.000 0.626
3695.000 0.721
3700.000 0.573
3705.000 0.199
3710.000 0.438
3715.000 0.426
3720.000 0.306
3725.000 0.266
3730.000 0.209
3735.000 0.165
3740.000 0.136
3745.000 0.108
3750.000 0.096
3755.000 0.080
3760.000 0.066
3765.000 0.060
3770.000 0.051
3775.000 0.044
3780.000 0.030
3785.000 0.026
3790.000 0.026
3795.000 0.025
3800.000 0.021
3805.000 0.013
3810.000 0.014
3815.000 0.009
3820.000 0.009
3825.000 0.009
3830.000 0.008
3835.000 0.012
3840.000 0.012
3845.000 0.014
3850.000 0.018
3855.000 0.019
3860.000 0.014
3865.000 0.017
3870.000 0.019
3875.000 0.023
3880.000 0.023
3885.000 0.020
3890.000 0.025
3895.000 0.024
3900.000 0.027
3905.000 0.027
3910.000 0.029
3915.000 0.023
3920.000 0.032
3925.000 0.028
3930.000 0.032
3935.000 0.031
3940.000 0.036
3945.000 0.039
3950.000 0.034
3955.000 0.035
3960.000 0.033
3965.000 0.035
3970.000 0.033
3975.000 0.039
3980.000 0.037
3985.000 0.038
3990.000 0.037
3995.000 0.038
4000.000 0.039
4005.000 0.037
4010.000 0.039
4015.000 0.039
4020.000 0.042
4025.000 0.040
4030.000 0.045
4035.000 0.041
4040.000 0.039
4045.000 0.047
4050.000 0.043
4055.000 0.047
4060.000 0.046
4065.000 0.044
4070.000 0.044
4075.000 0.045
4080.000 0.050
4085.000 0.047
4090.000 0.046
4095.000 0.045
4100.000 0.045
4105.000 0.053
4110.000 0.047
4115.000 0.051
4120.000 0.050
4125.000 0.048
4130.000 0.054
4135.000 0.049
4140.000 0.048
4145.000 0.048
4150.000 0.057
4155.000 0.050
4160.000 0.050
4165.000 0.056
4170.000 0.052
4175.000 0.050
4180.000 0.054
4185.000 0.051
4190.000 0.053
4195.000 0.052
4200.000 0.048
4205.000 0.058
4210.000 0.047
4215.000 0.050
4220.000 0.051
4225.000 0.048
4230.000 0.054
4235.000 0.049
4240.000 0.050
4245.000 0.053
4250.000 0.048
4255.000 0.049
4260.000 0.050
4265.000 0.051
4270.000 0.050
4275.000 0.048
4280.000 0.056
4285.000 0.053
4290.000 0.054
4295.000 0.055
4300.000 0.061
4305.000 0.057
4310.000 0.056
4315.000 0.056
4320.000 0.060
4325.000 0.062
4330.000 0.059
4335.000 0.061
4340.000 0.064
4345.000 0.061
4350.000 0.065
4355.000 0.072
4360.000 0.063
4365.000 0.066
4370.000 0.067
4375.000 0.070
4380.000 0.068
4385.000 0.065
4390.000 0.067
4395.000 0.072
4400.000 0.072
4405.000 0.073
4410.000 0.078
4415.000 0.075
4420.000 0.074
4425.000 0.073
4430.000 0.075
4435.000 0.080
4440.000 0.079
4445.000 0.073
4450.000 0.080
4455.000 0.083
4460.000 0.077
4465.000 0.084
4470.000 0.082
4475.000 0.082
4480.000 0.086
4485.000 0.086
4490.000 0.086
4495.000 0.091
4500.000 0.087
4505.000 0.089
4510.000 0.098
4515.000 0.093
4520.000 0.092
4525.000 0.093
4530.000 0.096
4535.000 0.096
4540.000 0.098
4545.000 0.103
4550.000 0.104
4555.000 0.100
4560.000 0.106
4565.000 0.105
4570.000 0.114
4575.000 0.111
4580.000 0.111
4585.000 0.109
4590.000 0.112
4595.000 0.112
4600.000 0.117
4605.000 0.119
4610.000 0.119
4615.000 0.115
4620.000 0.120
4625.000 0.119
4630.000 0.128
4635.000 0.123
4640.000 0.126
4645.000 0.128
4650.000 0.136
4655.000 0.137
4660.000 0.132
4665.000 0.139
4670.000 0.143
4675.000 0.141
4680.000 0.147
4685.000 0.146
4690.000 0.147
4695.000 0.158
4700.000 0.156
4705.000 0.159
4710.000 0.160
4715.000 0.165
4720.000 0.169
4725.000 0.172
4730.000 0.177
4735.000 0.180
4740.000 0.184
4745.000 0.191
4750.000 0.194
4755.000 0.195
4760.000 0.201
4765.000 0.205
4770.000 0.212
4775.000 0.221
4780.000 0.218
4785.000 0.230
4790.000 0.233
4795.000 0.244
4800.000 0.252
4805.000 0.258
4810.000 0.269
4815.000 0.281
4820.000 0.286
4825.000 0.289
4830.000 0.300
4835.000 0.307
4840.000 0.319
4845.000 0.331
4850.000 0.354
4855.000 0.365
4860.000 0.380
4865.000 0.399
4870.000 0.421
4875.000 0.438
4880.000 0.465
4885.000 0.480
4890.000 0.503
4895.000 0.530
4900.000 0.564
4905.000 0.605
4910.000 0.645
4915.000 0.698
4920.000 0.765
4925.000 0.829
4930.000 0.909
4935.000 1.007
4940.000 1.061
4945.000 1.194
4950.000 1.366
4955.000 1.580
4960.000 1.897
4965.000 2.396
4970.000 3.214
4975.000 4.367
4980.000 3.702
4985.000 3.470
4990.000 3.375
4995.000 5.692
5000.000 6.363
5005.000 5.266
5010.000 3.515
5015.000 2.656
5020.000 2.192
5025.000 1.854
5030.000 1.617
5035.000 1.435
5040.000 1.308
5045.000 1.199
5050.000 1.107
5055.000 1.029
5060.000 0.963
5065.000 0.932
5070.000 0.879
5075.000 0.836
5080.000 0.800
5085.000 0.764
5090.000 0.727
5095.000 0.703
5100.000 0.679
5105.000 0.657
5110.000 0.641
5115.000 0.621
5120.000 0.604
5125.000 0.594
5130.000 0.582
5135.000 0.571
5140.000 0.556
5145.000 0.550
5150.000 0.536
5155.000 0.532
5160.000 0.521
5165.000 0.513
5170.000 0.507
5175.000 0.501
5180.000 0.492
5185.000 0.490
5190.000 0.486
5195.000 0.481
5200.000 0.478
5205.000 0.476
5210.000 0.471
5215.000 0.467
5220.000 0.460
5225.000 0.463
5230.000 0.463
5235.000 0.461
5240.000 0.457
5245.000 0.455
5250.000 0.453
5255.000 0.451
5260.000 0.453
5265.000 0.446
5270.000 0.446
5275.000 0.446
5280.000 0.440
5285.000 0.440
5290.000 0.442
5295.000 0.440
5300.000 0.436
5305.000 0.440
5310.000 0.436
5315.000 0.439
5320.000 0.436
5325.000 0.435
5330.000 0.428
5335.000 0.432
5340.000 0.432
5345.000 0.427
5350.000 0.433
5355.000 0.424
5360.000 0.427
5365.000 0.425
5370.000 0.425
5375.000 0.427
5380.000 0.425
5385.000 0.419
5390.000 0.420
5395.000 0.418
5400.000 0.420
5405.000 0.415
5410.000 0.422
5415.000 0.413
5420.000 0.419
5425.000 0.417
5430.000 0.416
5435.000 0.416
5440.000 0.406
5445.000 0.405
5450.000 0.412
5455.000 0.410
5460.000 0.403
5465.000 0.408
5470.000 0.404
5475.000 0.401
5480.000 0.405
5485.000 0.405
5490.000 0.402
5495.000 0.399
5500.000 0.396
5505.000 0.398
5510.000 0.397
5515.000 0.395
5520.000 0.394
5525.000 0.389
5530.000 0.393
5535.000 0.388
5540.000 0.389
5545.000 0.390
5550.000 0.387
5555.000 0.385
5560.000 0.385
5565.000 0.388
5570.000 0.385
5575.000 0.385
5580.000 0.383
5585.000 0.379
5590.000 0.382
5595.000 0.378
5600.000 0.376
5605.000 0.377
5610.000 0.381
5615.000 0.378
5620.000 0.382
5625.000 0.382
5630.000 0.377
5635.000 0.377
5640.000 0.378
5645.000 0.378
5650.000 0.378
5655.000 0.381
5660.000 0.378
5665.000 0.375
5670.000 0.377
5675.000 0.375
5680.000 0.379
5685.000 0.376
5690.000 0.380
5695.000 0.383
5700.000 0.381
5705.000 0.378
5710.000 0.381
5715.000 0.380
5720.000 0.381
5725.000 0.386
5730.000 0.389
5735.000 0.388
5740.000 0.388
5745.000 0.391
5750.000 0.390
5755.000 0.393
5760.000 0.389
5765.000 0.395
5770.000 0.399
5775.000 0.395
5780.000 0.399
5785.000 0.401
5790.000 0.403
5795.000 0.403
5800.000 0.403
5805.000 0.408
5810.000 0.411
5815.000 0.414
5820.000 0.416
5825.000 0.414
5830.000 0.424
5835.000 0.427
5840.000 0.427
5845.000 0.432
5850.000 0.430
5855.000 0.434
5860.000 0.437
5865.000 0.440
5870.000 0.445
5875.000 0.446
5880.000 0.455
5885.000 0.460
5890.000 0.461
5895.000 0.464
5900.000 0.467
5905.000 0.472
5910.000 0.475
5915.000 0.481
5920.000 0.489
5925.000 0.490
5930.000 0.501
5935.000 0.506
5940.000 0.508
5945.000 0.511
5950.000 0.523
5955.000 0.530
5960.000 0.534
5965.000 0.539
5970.000 0.552
5975.000 0.553
5980.000 0.561
5985.000 0.570
5990.000 0.581
5995.000 0.587
6000.000 0.598
6005.000 0.610
6010.000 0.623
6015.000 0.635
6020.000 0.647
6025.000 0.657
6030.000 0.678
6035.000 0.687
6040.000 0.694
6045.000 0.704
6050.000 0.726
6055.000 0.736
6060.000 0.757
6065.000 0.780
6070.000 0.795
6075.000 0.819
6080.000 0.845
6085.000 0.866
6090.000 0.898
6095.000 0.930
6100.000 0.957
6105.000 0.979
6110.000 1.015
6115.000 1.049
6120.000 1.102
6125.000 1.145
6130.000 1.194
6135.000 1.246
6140.000 1.311
6145.000 1.375
6150.000 1.452
6155.000 1.581
6160.000 1.590
6165.000 1.700
6170.000 1.827
6175.000 1.968
6180.000 2.136
6185.000 2.340
6190.000 2.605
6195.000 2.911
6200.000 3.288
6205.000 3.769
6210.000 4.454
6215.000 5.377
6220.000 5.944
6225.000 7.441
6230.000 9.509
6235.000 11.722
6240.000 13.239
6245.000 11.996
6250.000 8.883
6255.000 5.784
6260.000 4.239
6265.000 3.662
6270.000 3.161
6275.000 2.784
6280.000 2.468
6285.000 2.335
6290.000 2.089
6295.000 1.877
6300.000 1.712
6305.000 1.557
6310.000 1.440
6315.000 1.330
6320.000 1.244
6325.000 1.162
6330.000 1.093
6335.000 1.029
6340.000 0.975
6345.000 0.951
6350.000 0.897
6355.000 0.848
6360.000 0.810
6365.000 0.766
6370.000 0.739
6375.000 0.700
6380.000 0.673
6385.000 0.638
6390.000 0.609
6395.000 0.579
6400.000 0.559
6405.000 0.548
6410.000 0.522
6415.000 0.502
6420.000 0.481
6425.000 0.466
6430.000 0.434
6435.000 0.421
6440.000 0.404
6445.000 0.382
6450.000 0.363
6455.000 0.350
6460.000 0.327
6465.000 0.312
6470.000 0.297
6475.000 0.278
6480.000 0.255
6485.000 0.236
6490.000 0.219
6495.000 0.192
6500.000 0.168
6505.000 0.140
6510.000 0.107
6515.000 0.084
6520.000 0.042
6525.000 0.021
6530.000 0.027
6535.000 0.079
6540.000 0.144
6545.000 0.231
6550.000 0.342
6555.000 0.502
6560.000 0.750
6565.000 1.166
6570.000 2.048
6575.000 3.524
6580.000 5.675
6585.000 5.889
6590.000 3.066
6595.000 1.934
6600.000 1.434
6605.000 1.045
6610.000 0.983
6615.000 0.868
6620.000 0.803
6625.000 0.743
6630.000 0.696
6635.000 0.658
6640.000 0.623
6645.000 0.601
6650.000 0.584
6655.000 0.562
6660.000 0.544
6665.000 0.523
6670.000 0.507
6675.000 0.492
6680.000 0.481
6685.000 0.463
6690.000 0.461
6695.000 0.447
6700.000 0.438
6705.000 0.428
6710.000 0.423
6715.000 0.412
6720.000 0.404
6725.000 0.398
6730.000 0.393
6735.000 0.390
6740.000 0.380
6745.000 0.378
6750.000 0.375
6755.000 0.354
6760.000 0.362
6765.000 0.356
6770.000 0.352
6775.000 0.346
6780.000 0.346
6785.000 0.348
6790.000 0.341
6795.000 0.337
6800.000 0.335
6805.000 0.330
6810.000 0.324
6815.000 0.323
6820.000 0.315
6825.000 0.320
6830.000 0.318
6835.000 0.316
6840.000 0.314
6845.000 0.308
6850.000 0.310
6855.000 0.306
6860.000 0.306
6865.000 0.304
6870.000 0.306
6875.000 0.297
6880.000 0.294
6885.000 0.297
6890.000 0.296
6895.000 0.295
6900.000 0.295
6905.000 0.295
6910.000 0.290
6915.000 0.296
6920.000 0.290
6925.000 0.293
6930.000 0.288
6935.000 0.290
6940.000 0.288
6945.000 0.287
6950.000 0.288
6955.000 0.285
6960.000 0.284
6965.000 0.280
6970.000 0.286
6975.000 0.284
6980.000 0.284
6985.000 0.287
6990.000 0.280
6995.000 0.286
7000.000 0.282
7005.000 0.286
7010.000 0.285
7015.000 0.278
7020.000 0.289
7025.000 0.285
7030.000 0.289
7035.000 0.286
7040.000 0.287
7045.000 0.281
7050.000 0.284
7055.000 0.286
7060.000 0.288
7065.000 0.291
7070.000 0.288
7075.000 0.296
7080.000 0.295
7085.000 0.295
7090.000 0.295
7095.000 0.298
7100.000 0.304
7105.000 0.301
7110.000 0.300
7115.000 0.307
7120.000 0.304
7125.000 0.308
7130.000 0.304
7135.000 0.313
7140.000 0.310
7145.000 0.312
7150.000 0.318
7155.000 0.323
7160.000 0.323
7165.000 0.326
7170.000 0.325
7175.000 0.332
7180.000 0.334
7185.000 0.339
7190.000 0.342
7195.000 0.347
7200.000 0.352
7205.000 0.352
7210.000 0.355
7215.000 0.359
7220.000 0.364
7225.000 0.367
7230.000 0.375
7235.000 0.379
7240.000 0.391
7245.000 0.393
7250.000 0.408
7255.000 0.406
7260.000 0.408
7265.000 0.419
7270.000 0.428
7275.000 0.428
7280.000 0.444
7285.000 0.452
7290.000 0.468
7295.000 0.477
7300.000 0.488
7305.000 0.502
7310.000 0.512
7315.000 0.528
7320.000 0.539
7325.000 0.551
7330.000 0.571
7335.000 0.593
7340.000 0.612
7345.000 0.630
7350.000 0.658
7355.000 0.690
7360.000 0.721
7365.000 0.757
7370.000 0.795
7375.000 0.844
7380.000 0.870
7385.000 0.913
7390.000 0.977
7395.000 1.056
7400.000 1.142
7405.000 1.241
7410.000 1.374
7415.000 1.535
7420.000 1.738
7425.000 1.991
7430.000 2.319
7435.000 2.527
7440.000 3.041
7445.000 3.706
7450.000 4.512
7455.000 5.139
7460.000 5.061
7465.000 4.094
7470.000 2.904
7475.000 2.043
7480.000 1.458
7485.000 1.168
7490.000 1.245
7495.000 1.175
7500.000 1.122
7505.000 1.002
7510.000 0.914
7515.000 0.832
7520.000 0.768
7525.000 0.710
7530.000 0.651
7535.000 0.599
7540.000 0.561
7545.000 0.531
7550.000 0.505
7555.000 0.471
7560.000 0.456
7565.000 0.434
7570.000 0.410
7575.000 0.384
7580.000 0.364
7585.000 0.353
7590.000 0.331
7595.000 0.312
7600.000 0.302
7605.000 0.283
7610.000 0.278
7615.000 0.263
7620.000 0.246
7625.000 0.248
7630.000 0.237
7635.000 0.229
7640.000 0.220
7645.000 0.204
7650.000 0.201
7655.000 0.194
7660.000 0.187
7665.000 0.180
7670.000 0.175
7675.000 0.165
7680.000 0.162
7685.000 0.155
7690.000 0.151
7695.000 0.145
7700.000 0.140
7705.000 0.128
7710.000 0.131
7715.000 0.128
7720.000 0.122
7725.000 0.115
7730.000 0.108
7735.000 0.109
7740.000 0.111
7745.000 0.104
7750.000 0.101
7755.000 0.093
7760.000 0.099
7765.000 0.088
7770.000 0.083
7775.000 0.083
7780.000 0.079
7785.000 0.079
7790.000 0.072
7795.000 0.067
7800.000 0.068
7805.000 0.070
7810.000 0.065
7815.000 0.061
7820.000 0.059
7825.000 0.052
7830.000 0.058
7835.000 0.052
7840.000 0.049
7845.000 0.045
7850.000 0.048
7855.000 0.040
7860.000 0.041
7865.000 0.039
7870.000 0.044
7875.000 0.034
7880.000 0.034
7885.000 0.032
7890.000 0.031
7895.000 0.029
7900.000 0.029
7905.000 0.020
7910.000 0.021
7915.000 0.022
7920.000 0.012
7925.000 0.014
7930.000 0.017
7935.000 0.016
7940.000 0.011
7945.000 0.009
7950.000 0.009
7955.000 0.010
7960.000 0.008
7965.000 0.007
7970.000 0.006
7975.000 0.013
7980.000 0.015
7985.000 0.019
7990.000 0.023
7995.000 0.028
8000.000 0.026
