2005.000 0.329
2010.000 0.316
2015.000 0.314
2020.000 0.321
2025.000 0.320
2030.000 0.334
2035.000 0.322
2040.000 0.318
2045.000 0.329
2050.000 0.326
2055.000 0.323
2060.000 0.333
2065.000 0.321
2070.000 0.322
2075.000 0.317
2080.000 0.329
2085.000 0.334
2090.000 0.334
2095.000 0.331
2100.000 0.338
2105.000 0.332
2110.000 0.334
2115.000 0.340
2120.000 0.351
2125.000 0.341
2130.000 0.358
2135.000 0.350
2140.000 0.358
2145.000 0.370
2150.000 0.382
2155.000 0.374
2160.000 0.387
2165.000 0.390
2170.000 0.398
2175.000 0.387
2180.000 0.420
2185.000 0.447
2190.000 0.433
2195.000 0.452
2200.000 0.463
2205.000 0.475
2210.000 0.594
2215.000 0.528
2220.000 0.536
2225.000 0.582
2230.000 0.586
2235.000 0.592
2240.000 0.642
2245.000 0.673
2250.000 0.730
2255.000 0.783
2260.000 0.879
2265.000 0.925
2270.000 1.003
2275.000 1.142
2280.000 1.329
2285.000 1.565
2290.000 1.945
2295.000 2.154
2300.000 2.839
2305.000 3.788
2310.000 4.520
2315.000 4.357
2320.000 3.829
2325.000 2.286
2330.000 1.646
2335.000 1.302
2340.000 1.123
2345.000 0.901
2350.000 0.769
2355.000 0.682
2360.000 0.682
2365.000 0.547
2370.000 0.570
2375.000 0.503
2380.000 0.432
2385.000 0.443
2390.000 0.407
2395.000 0.385
2400.000 0.337
2405.000 0.314
2410.000 0.289
2415.000 0.286
2420.000 0.323
2425.000 0.258
2430.000 0.266
2435.000 0.230
2440.000 0.230
2445.000 0.219
2450.000 0.209
2455.000 0.205
2460.000 0.187
2465.000 0.181
2470.000 0.173
2475.000 0.168
2480.000 0.169
2485.000 0.162
2490.000 0.145
2495.000 0.166
2500.000 0.154
2505.000 0.159
2510.000 0.151
2515.000 0.142
2520.000 0.158
2525.000 0.141
2530.000 0.139
2535.000 0.140
2540.000 0.135
2545.000 0.139
2550.000 0.139
2555.000 0.139
2560.000 0.142
2565.000 0.135
2570.000 0.137
2575.000 0.134
2580.000 0.138
2585.000 0.136
2590.000 0.130
2595.000 0.139
2600.000 0.140
2605.000 0.139
2610.000 0.133
2615.000 0.145
2620.000 0.142
2625.000 0.151
2630.000 0.150
2635.000 0.146
2640.000 0.149
2645.000 0.149
2650.000 0.148
2655.000 0.150
2660.000 0.152
2665.000 0.152
2670.000 0.156
2675.000 0.158
2680.000 0.161
2685.000 0.162
2690.000 0.165
2695.000 0.164
2700.000 0.167
2705.000 0.166
2710.000 0.174
2715.000 0.176
2720.000 0.176
2725.000 0.179
2730.000 0.179
2735.000 0.183
2740.000 0.187
2745.000 0.184
2750.000 0.191
2755.000 0.196
2760.000 0.190
2765.000 0.195
2770.000 0.204
2775.000 0.201
2780.000 0.202
2785.000 0.208
2790.000 0.215
2795.000 0.217
2800.000 0.215
2805.000 0.212
2810.000 0.217
2815.000 0.220
2820.000 0.228
2825.000 0.234
2830.000 0.226
2835.000 0.230
2840.000 0.230
2845.000 0.232
2850.000 0.237
2855.000 0.235
2860.000 0.237
2865.000 0.239
2870.000 0.238
2875.000 0.241
2880.000 0.247
2885.000 0.249
2890.000 0.249
2895.000 0.241
2900.000 0.251
2905.000 0.249
2910.000 0.248
2915.000 0.248
2920.000 0.253
2925.000 0.254
2930.000 0.247
2935.000 0.250
2940.000 0.251
2945.000 0.256
2950.000 0.251
2955.000 0.250
2960.000 0.250
2965.000 0.247
2970.000 0.245
2975.000 0.245
2980.000 0.252
2985.000 0.247
2990.000 0.245
2995.000 0.242
3000.000 0.242
3005.000 0.244
3010.000 0.239
3015.000 0.240
3020.000 0.241
3025.000 0.238
3030.000 0.232
3035.000 0.230
3040.000 0.230
3045.000 0.235
3050.000 0.230
3055.000 0.235
3060.000 0.222
3065.000 0.227
3070.000 0.227
3075.000 0.222
3080.000 0.223
3085.000 0.221
3090.000 0.220
3095.000 0.221
3100.000 0.213
3105.000 0.219
3110.000 0.219
3115.000 0.209
3120.000 0.212
3125.000 0.216
3130.000 0.211
3135.000 0.214
3140.000 0.212
3145.000 0.212
3150.000 0.210
3155.000 0.207
3160.000 0.205
3165.000 0.205
3170.000 0.203
3175.000 0.206
3180.000 0.205
3185.000 0.201
3190.000 0.198
3195.000 0.194
3200.000 0.201
3205.000 0.204
3210.000 0.195
3215.000 0.194
3220.000 0.202
3225.000 0.196
3230.000 0.195
3235.000 0.195
3240.000 0.187
3245.000 0.195
3250.000 0.192
3255.000 0.193
3260.000 0.189
3265.000 0.188
3270.000 0.191
3275.000 0.188
3280.000 0.192
3285.000 0.193
3290.000 0.193
3295.000 0.190
3300.000 0.190
3305.000 0.195
3310.000 0.191
3315.000 0.192
3320.000 0.189
3325.000 0.192
3330.000 0.190
3335.000 0.191
3340.000 0.193
3345.000 0.210
3350.000 0.194
3355.000 0.190
3360.000 0.194
3365.000 0.196
3370.000 0.195
3375.000 0.196
3380.000 0.201
3385.000 0.194
3390.000 0.199
3395.000 0.199
3400.000 0.199
3405.000 0.203
3410.000 0.199
3415.000 0.202
3420.000 0.202
3425.000 0.204
3430.000 0.208
3435.000 0.208
3440.000 0.213
3445.000 0.210
3450.000 0.215
3455.000 0.209
3460.000 0.216
3465.000 0.220
3470.000 0.221
3475.000 0.225
3480.000 0.227
3485.000 0.226
3490.000 0.232
3495.000 0.237
3500.000 0.239
3505.000 0.246
3510.000 0.244
3515.000 0.244
3520.000 0.254
3525.000 0.254
3530.000 0.256
3535.000 0.267
3540.000 0.270
3545.000 0.274
3550.000 0.282
3555.000 0.291
3560.000 0.294
3565.000 0.309
3570.000 0.320
3575.000 0.318
3580.000 0.325
3585.000 0.334
3590.000 0.346
3595.000 0.356
3600.000 0.377
3605.000 0.389
3610.000 0.407
3615.000 0.430
3620.000 0.447
3625.000 0.472
3630.000 0.485
3635.000 0.522
3640.000 0.550
3645.000 0.604
3650.000 0.639
3655.000 0.702
3660.000 0.784
3665.000 0.876
3670.000 0.992
3675.000 1.124
3680.000 1.321
3685.000 1.570
3690.000 1.926
3695.000 2.181
3700.000 3.351
3705.000 5.537
3710.000 3.929
3715.000 2.703
3720.000 1.920
3725.000 1.502
3730.000 1.194
3735.000 0.992
3740.000 0.843
3745.000 0.723
3750.000 0.643
3755.000 0.613
3760.000 0.550
3765.000 0.499
3770.000 0.458
3775.000 0.412
3780.000 0.380
3785.000 0.358
3790.000 0.333
3795.000 0.313
3800.000 0.294
3805.000 0.270
3810.000 0.259
3815.000 0.241
3820.000 0.239
3825.000 0.223
3830.000 0.210
3835.000 0.199
3840.000 0.194
3845.000 0.179
3850.000 0.171
3855.000 0.160
3860.000 0.155
3865.000 0.144
3870.000 0.141
3875.000 0.141
3880.000 0.134
3885.000 0.128
3890.000 0.124
3895.000 0.115
3900.000 0.113
3905.000 0.108
3910.000 0.104
3915.000 0.102
3920.000 0.095
3925.000 0.093
3930.000 0.088
3935.000 0.089
3940.000 0.079
3945.000 0.080
3950.000 0.076
3955.000 0.079
3960.000 0.071
3965.000 0.068
3970.000 0.062
3975.000 0.066
3980.000 0.064
3985.000 0.058
3990.000 0.053
3995.000 0.055
4000.000 0.053
4005.000 0.050
4010.000 0.050
4015.000 0.046
4020.000 0.045
4025.000 0.044
4030.000 0.045
4035.000 0.038
4040.000 0.043
4045.000 0.039
4050.000 0.033
4055.000 0.039
4060.000 0.035
4065.000 0.033
4070.000 0.033
4075.000 0.028
4080.000 0.030
4085.000 0.029
4090.000 0.030
4095.000 0.023
4100.000 0.021
4105.000 0.028
4110.000 0.021
4115.000 0.016
4120.000 0.022
4125.000 0.024
4130.000 0.016
4135.000 0.023
4140.000 0.019
4145.000 0.017
4150.000 0.011
4155.000 0.016
4160.000 0.016
4165.000 0.016
4170.000 0.016
4175.000 0.013
4180.000 0.012
4185.000 0.015
4190.000 0.010
4195.000 0.010
4200.000 0.008
4205.000 0.010
4210.000 0.008
4215.000 0.010
4220.000 0.007
4225.000 0.008
4230.000 0.008
4235.000 0.011
4240.000 0.008
4245.000 0.008
4250.000 0.009
4255.000 0.010
4260.000 0.008
4265.000 0.005
4270.000 0.008
4275.000 0.004
4280.000 0.006
4285.000 0.007
4290.000 0.007
4295.000 0.005
4300.000 0.009
4305.000 0.009
4310.000 0.010
4315.000 0.008
4320.000 0.010
4325.000 0.008
4330.000 0.013
4335.000 0.010
4340.000 0.015
4345.000 0.014
4350.000 0.016
4355.000 0.015
4360.000 0.011
4365.000 0.013
4370.000 0.012
4375.000 0.016
4380.000 0.013
4385.000 0.014
4390.000 0.017
4395.000 0.016
4400.000 0.017
4405.000 0.021
4410.000 0.023
4415.000 0.016
4420.000 0.020
4425.000 0.022
4430.000 0.021
4435.000 0.020
4440.000 0.025
4445.000 0.026
4450.000 0.031
4455.000 0.029
4460.000 0.027
4465.000 0.024
4470.000 0.030
4475.000 0.034
4480.000 0.028
4485.000 0.026
4490.000 0.033
4495.000 0.035
4500.000 0.035
4505.000 0.033
4510.000 0.034
4515.000 0.033
4520.000 0.036
4525.000 0.039
4530.000 0.039
4535.000 0.041
4540.000 0.039
4545.000 0.039
4550.000 0.039
4555.000 0.046
4560.000 0.041
4565.000 0.043
4570.000 0.042
4575.000 0.046
4580.000 0.048
4585.000 0.050
4590.000 0.049
4595.000 0.049
4600.000 0.050
4605.000 0.050
4610.000 0.056
4615.000 0.052
4620.000 0.058
4625.000 0.055
4630.000 0.056
4635.000 0.058
4640.000 0.058
4645.000 0.064
4650.000 0.065
4655.000 0.064
4660.000 0.069
4665.000 0.068
4670.000 0.070
4675.000 0.070
4680.000 0.072
4685.000 0.073
4690.000 0.080
4695.000 0.083
4700.000 0.082
4705.000 0.084
4710.000 0.087
4715.000 0.088
4720.000 0.090
4725.000 0.096
4730.000 0.095
4735.000 0.096
4740.000 0.095
4745.000 0.102
4750.000 0.105
4755.000 0.111
4760.000 0.107
4765.000 0.119
4770.000 0.119
4775.000 0.120
4780.000 0.129
4785.000 0.129
4790.000 0.138
4795.000 0.138
4800.000 0.145
4805.000 0.145
4810.000 0.153
4815.000 0.159
4820.000 0.167
4825.000 0.179
4830.000 0.182
4835.000 0.186
4840.000 0.196
4845.000 0.201
4850.000 0.209
4855.000 0.226
4860.000 0.229
4865.000 0.248
4870.000 0.259
4875.000 0.273
4880.000 0.288
4885.000 0.306
4890.000 0.321
4895.000 0.351
4900.000 0.369
4905.000 0.398
4910.000 0.414
4915.000 0.446
4920.000 0.493
4925.000 0.542
4930.000 0.599
4935.000 0.667
4940.000 0.748
4945.000 0.855
4950.000 0.993
4955.000 1.189
4960.000 1.485
4965.000 1.982
4970.000 2.351
4975.000 3.440
4980.000 4.104
4985.000 0.603
4990.000 3.141
4995.000 3.407
5000.000 1.994
5005.000 2.560
5010.000 1.638
5015.000 1.348
5020.000 1.163
5025.000 1.020
5030.000 0.916
5035.000 0.873
5040.000 0.802
5045.000 0.737
5050.000 0.681
5055.000 0.642
5060.000 0.610
5065.000 0.570
5070.000 0.548
5075.000 0.522
5080.000 0.499
5085.000 0.483
5090.000 0.471
5095.000 0.455
5100.000 0.440
5105.000 0.429
5110.000 0.420
5115.000 0.410
5120.000 0.403
5125.000 0.393
5130.000 0.385
5135.000 0.376
5140.000 0.367
5145.000 0.360
5150.000 0.357
5155.000 0.355
5160.000 0.352
5165.000 0.350
5170.000 0.346
5175.000 0.341
5180.000 0.345
5185.000 0.337
5190.000 0.330
5195.000 0.334
5200.000 0.329
5205.000 0.325
5210.000 0.325
5215.000 0.329
5220.000 0.322
5225.000 0.323
5230.000 0.321
5235.000 0.320
5240.000 0.322
5245.000 0.320
5250.000 0.319
5255.000 0.319
5260.000 0.321
5265.000 0.319
5270.000 0.317
5275.000 0.320
5280.000 0.323
5285.000 0.320
5290.000 0.316
5295.000 0.319
5300.000 0.319
5305.000 0.317
5310.000 0.322
5315.000 0.320
5320.000 0.321
5325.000 0.324
5330.000 0.322
5335.000 0.321
5340.000 0.318
5345.000 0.322
5350.000 0.320
5355.000 0.319
5360.000 0.316
5365.000 0.322
5370.000 0.324
5375.000 0.321
5380.000 0.319
5385.000 0.320
5390.000 0.318
5395.000 0.319
5400.000 0.319
5405.000 0.319
5410.000 0.322
5415.000 0.316
5420.000 0.317
5425.000 0.321
5430.000 0.315
5435.000 0.314
5440.000 0.314
5445.000 0.316
5450.000 0.318
5455.000 0.309
5460.000 0.315
5465.000 0.308
5470.000 0.317
5475.000 0.313
5480.000 0.315
5485.000 0.314
5490.000 0.316
5495.000 0.311
5500.000 0.312
5505.000 0.317
5510.000 0.311
5515.000 0.309
5520.000 0.312
5525.000 0.314
5530.000 0.312
5535.000 0.312
5540.000 0.311
5545.000 0.306
5550.000 0.310
5555.000 0.308
5560.000 0.312
5565.000 0.312
5570.000 0.304
5575.000 0.311
5580.000 0.311
5585.000 0.309
5590.000 0.308
5595.000 0.307
5600.000 0.308
5605.000 0.315
5610.000 0.309
5615.000 0.308
5620.000 0.311
5625.000 0.312
5630.000 0.308
5635.000 0.311
5640.000 0.314
5645.000 0.309
5650.000 0.312
5655.000 0.315
5660.000 0.315
5665.000 0.319
5670.000 0.311
5675.000 0.314
5680.000 0.319
5685.000 0.314
5690.000 0.320
5695.000 0.322
5700.000 0.320
5705.000 0.321
5710.000 0.327
5715.000 0.328
5720.000 0.325
5725.000 0.324
5730.000 0.335
5735.000 0.325
5740.000 0.331
5745.000 0.331
5750.000 0.333
5755.000 0.335
5760.000 0.341
5765.000 0.335
5770.000 0.337
5775.000 0.344
5780.000 0.344
5785.000 0.346
5790.000 0.345
5795.000 0.346
5800.000 0.350
5805.000 0.356
5810.000 0.353
5815.000 0.360
5820.000 0.363
5825.000 0.366
5830.000 0.370
5835.000 0.362
5840.000 0.373
5845.000 0.377
5850.000 0.380
5855.000 0.380
5860.000 0.385
5865.000 0.388
5870.000 0.389
5875.000 0.397
5880.000 0.398
5885.000 0.408
5890.000 0.406
5895.000 0.406
5900.000 0.419
5905.000 0.422
5910.000 0.421
5915.000 0.428
5920.000 0.436
5925.000 0.442
5930.000 0.443
5935.000 0.459
5940.000 0.455
5945.000 0.464
5950.000 0.465
5955.000 0.473
5960.000 0.481
5965.000 0.492
5970.000 0.496
5975.000 0.509
5980.000 0.513
5985.000 0.527
5990.000 0.534
5995.000 0.547
6000.000 0.555
6005.000 0.562
6010.000 0.571
6015.000 0.577
6020.000 0.592
6025.000 0.610
6030.000 0.620
6035.000 0.636
6040.000 0.656
6045.000 0.668
6050.000 0.682
6055.000 0.706
6060.000 0.720
6065.000 0.744
6070.000 0.753
6075.000 0.775
6080.000 0.798
6085.000 0.828
6090.000 0.859
6095.000 0.886
6100.000 0.924
6105.000 0.962
6110.000 0.994
6115.000 1.033
6120.000 1.082
6125.000 1.103
6130.000 1.160
6135.000 1.214
6140.000 1.272
6145.000 1.351
6150.000 1.429
6155.000 1.516
6160.000 1.626
6165.000 1.736
6170.000 1.869
6175.000 2.028
6180.000 2.224
6185.000 2.451
6190.000 2.593
6195.000 2.897
6200.000 3.287
6205.000 3.753
6210.000 4.409
6215.000 5.302
6220.000 6.374
6225.000 8.130
6230.000 10.343
6235.000 12.793
6240.000 13.757
6245.000 11.478
6250.000 9.772
6255.000 7.290
6260.000 5.365
6265.000 4.555
6270.000 3.893
6275.000 3.383
6280.000 2.941
6285.000 2.545
6290.000 2.242
6295.000 1.975
6300.000 1.745
6305.000 1.564
6310.000 1.423
6315.000 1.368
6320.000 1.253
6325.000 1.203
6330.000 1.092
6335.000 1.027
6340.000 0.965
6345.000 0.915
6350.000 0.861
6355.000 0.822
6360.000 0.786
6365.000 0.747
6370.000 0.725
6375.000 0.701
6380.000 0.669
6385.000 0.636
6390.000 0.608
6395.000 0.588
6400.000 0.559
6405.000 0.538
6410.000 0.517
6415.000 0.499
6420.000 0.480
6425.000 0.464
6430.000 0.451
6435.000 0.430
6440.000 0.414
6445.000 0.396
6450.000 0.371
6455.000 0.352
6460.000 0.333
6465.000 0.314
6470.000 0.295
6475.000 0.259
6480.000 0.248
6485.000 0.221
6490.000 0.206
6495.000 0.189
6500.000 0.161
6505.000 0.134
6510.000 0.106
6515.000 0.070
6520.000 0.034
6525.000 0.033
6530.000 0.090
6535.000 0.153
6540.000 0.238
6545.000 0.369
6550.000 0.531
6555.000 0.652
6560.000 0.979
6565.000 1.522
6570.000 2.654
6575.000 5.085
6580.000 6.939
6585.000 1.475
6590.000 2.565
6595.000 1.376
6600.000 1.392
6605.000 1.099
6610.000 1.055
6615.000 0.986
6620.000 0.878
6625.000 0.827
6630.000 0.777
6635.000 0.736
6640.000 0.696
6645.000 0.674
6650.000 0.646
6655.000 0.624
6660.000 0.602
6665.000 0.584
6670.000 0.563
6675.000 0.562
6680.000 0.544
6685.000 0.534
6690.000 0.521
6695.000 0.512
6700.000 0.506
6705.000 0.495
6710.000 0.483
6715.000 0.475
6720.000 0.465
6725.000 0.464
6730.000 0.453
6735.000 0.451
6740.000 0.449
6745.000 0.447
6750.000 0.439
6755.000 0.432
6760.000 0.430
6765.000 0.427
6770.000 0.418
6775.000 0.416
6780.000 0.410
6785.000 0.408
6790.000 0.407
6795.000 0.404
6800.000 0.399
6805.000 0.397
6810.000 0.395
6815.000 0.395
6820.000 0.391
6825.000 0.389
6830.000 0.386
6835.000 0.386
6840.000 0.384
6845.000 0.378
6850.000 0.380
6855.000 0.383
6860.000 0.377
6865.000 0.379
6870.000 0.372
6875.000 0.372
6880.000 0.378
6885.000 0.372
6890.000 0.373
6895.000 0.370
6900.000 0.374
6905.000 0.376
6910.000 0.367
6915.000 0.370
6920.000 0.371
6925.000 0.369
6930.000 0.370
6935.000 0.367
6940.000 0.371
6945.000 0.369
6950.000 0.371
6955.000 0.371
6960.000 0.368
6965.000 0.372
6970.000 0.372
6975.000 0.373
6980.000 0.370
6985.000 0.370
6990.000 0.376
6995.000 0.380
7000.000 0.376
7005.000 0.381
7010.000 0.383
7015.000 0.381
7020.000 0.382
7025.000 0.383
7030.000 0.385
7035.000 0.387
7040.000 0.388
7045.000 0.391
7050.000 0.393
7055.000 0.395
7060.000 0.400
7065.000 0.401
7070.000 0.401
7075.000 0.404
7080.000 0.405
7085.000 0.408
7090.000 0.418
7095.000 0.415
7100.000 0.415
7105.000 0.420
7110.000 0.421
7115.000 0.427
7120.000 0.432
7125.000 0.438
7130.000 0.444
7135.000 0.448
7140.000 0.451
7145.000 0.454
7150.000 0.462
7155.000 0.464
7160.000 0.469
7165.000 0.473
7170.000 0.481
7175.000 0.487
7180.000 0.491
7185.000 0.494
7190.000 0.507
7195.000 0.516
7200.000 0.527
7205.000 0.533
7210.000 0.540
7215.000 0.545
7220.000 0.559
7225.000 0.561
7230.000 0.569
7235.000 0.582
7240.000 0.592
7245.000 0.603
7250.000 0.616
7255.000 0.628
7260.000 0.639
7265.000 0.661
7270.000 0.672
7275.000 0.683
7280.000 0.702
7285.000 0.714
7290.000 0.733
7295.000 0.756
7300.000 0.776
7305.000 0.800
7310.000 0.827
7315.000 0.850
7320.000 0.884
7325.000 0.916
7330.000 0.950
7335.000 0.988
7340.000 1.008
7345.000 1.049
7350.000 1.094
7355.000 1.142
7360.000 1.205
7365.000 1.268
7370.000 1.340
7375.000 1.419
7380.000 1.510
7385.000 1.620
7390.000 1.739
7395.000 1.881
7400.000 2.050
7405.000 2.139
7410.000 2.392
7415.000 2.679
7420.000 3.035
7425.000 3.484
7430.000 4.085
7435.000 4.755
7440.000 5.788
7445.000 7.100
7450.000 8.685
7455.000 9.802
7460.000 9.442
7465.000 8.565
7470.000 6.507
7475.000 4.717
7480.000 3.182
7485.000 2.607
7490.000 2.341
7495.000 2.106
7500.000 1.949
7505.000 1.783
7510.000 1.644
7515.000 1.527
7520.000 1.417
7525.000 1.320
7530.000 1.281
7535.000 1.196
7540.000 1.122
7545.000 1.070
7550.000 1.009
7555.000 0.955
7560.000 0.915
7565.000 0.869
7570.000 0.822
7575.000 0.788
7580.000 0.751
7585.000 0.737
7590.000 0.709
7595.000 0.679
7600.000 0.650
7605.000 0.627
7610.000 0.603
7615.000 0.585
7620.000 0.564
7625.000 0.548
7630.000 0.524
7635.000 0.512
7640.000 0.498
7645.000 0.487
7650.000 0.472
7655.000 0.457
7660.000 0.448
7665.000 0.434
7670.000 0.423
7675.000 0.415
7680.000 0.405
7685.000 0.394
7690.000 0.384
7695.000 0.372
7700.000 0.361
7705.000 0.355
7710.000 0.351
7715.000 0.344
7720.000 0.332
7725.000 0.328
7730.000 0.319
7735.000 0.311
7740.000 0.307
7745.000 0.301
7750.000 0.295
7755.000 0.292
7760.000 0.278
7765.000 0.274
7770.000 0.270
7775.000 0.266
7780.000 0.261
7785.000 0.256
7790.000 0.248
7795.000 0.247
7800.000 0.246
7805.000 0.239
7810.000 0.237
7815.000 0.229
7820.000 0.223
7825.000 0.219
7830.000 0.220
7835.000 0.213
7840.000 0.209
7845.000 0.202
7850.000 0.196
7855.000 0.195
7860.000 0.195
7865.000 0.187
7870.000 0.185
7875.000 0.182
7880.000 0.178
7885.000 0.172
7890.000 0.170
7895.000 0.169
7900.000 0.160
7905.000 0.158
7910.000 0.150
7915.000 0.149
7920.000 0.145
7925.000 0.140
7930.000 0.132
7935.000 0.132
7940.000 0.121
7945.000 0.121
7950.000 0.120
7955.000 0.115
7960.000 0.108
7965.000 0.099
7970.000 0.099
7975.000 0.089
7980.000 0.083
7985.000 0.073
7990.000 0.061
7995.000 0.047
8000.000 0.039
