2005.000 0.348
2010.000 0.351
2015.000 0.353
2020.000 0.346
2025.000 0.347
2030.000 0.344
2035.000 0.342
2040.000 0.338
2045.000 0.347
2050.000 0.347
2055.000 0.350
2060.000 0.349
2065.000 0.340
2070.000 0.349
2075.000 0.351
2080.000 0.354
2085.000 0.356
2090.000 0.354
2095.000 0.352
2100.000 0.357
2105.000 0.353
2110.000 0.372
2115.000 0.372
2120.000 0.361
2125.000 0.385
2130.000 0.381
2135.000 0.393
2140.000 0.395
2145.000 0.395
2150.000 0.399
2155.000 0.409
2160.000 0.414
2165.000 0.437
2170.000 0.436
2175.000 0.544
2180.000 0.479
2185.000 0.502
2190.000 0.482
2195.000 0.495
2200.000 0.514
2205.000 0.515
2210.000 0.564
2215.000 0.566
2220.000 0.587
2225.000 0.628
2230.000 0.627
2235.000 0.678
2240.000 0.700
2245.000 0.747
2250.000 0.806
2255.000 0.836
2260.000 0.921
2265.000 1.046
2270.000 1.079
2275.000 1.258
2280.000 1.473
2285.000 1.746
2290.000 2.075
2295.000 2.743
2300.000 3.846
2305.000 4.397
2310.000 4.993
2315.000 4.069
2320.000 4.348
2325.000 2.490
2330.000 1.786
2335.000 1.521
2340.000 1.269
2345.000 1.032
2350.000 0.869
2355.000 0.763
2360.000 0.674
2365.000 0.647
2370.000 0.596
2375.000 0.552
2380.000 0.514
2385.000 0.437
2390.000 0.401
2395.000 0.398
2400.000 0.372
2405.000 0.339
2410.000 0.319
2415.000 0.307
2420.000 0.289
2425.000 0.290
2430.000 0.259
2435.000 0.247
2440.000 0.244
2445.000 0.232
2450.000 0.225
2455.000 0.216
2460.000 0.210
2465.000 0.202
2470.000 0.197
2475.000 0.191
2480.000 0.185
2485.000 0.186
2490.000 0.177
2495.000 0.186
2500.000 0.169
2505.000 0.168
2510.000 0.169
2515.000 0.165
2520.000 0.172
2525.000 0.164
2530.000 0.156
2535.000 0.157
2540.000 0.161
2545.000 0.156
2550.000 0.156
2555.000 0.155
2560.000 0.157
2565.000 0.159
2570.000 0.156
2575.000 0.158
2580.000 0.156
2585.000 0.154
2590.000 0.156
2595.000 0.160
2600.000 0.164
2605.000 0.162
2610.000 0.157
2615.000 0.163
2620.000 0.164
2625.000 0.168
2630.000 0.169
2635.000 0.175
2640.000 0.171
2645.000 0.178
2650.000 0.172
2655.000 0.178
2660.000 0.180
2665.000 0.188
2670.000 0.187
2675.000 0.187
2680.000 0.189
2685.000 0.190
2690.000 0.196
2695.000 0.199
2700.000 0.199
2705.000 0.203
2710.000 0.203
2715.000 0.207
2720.000 0.214
2725.000 0.213
2730.000 0.217
2735.000 0.216
2740.000 0.225
2745.000 0.229
2750.000 0.224
2755.000 0.228
2760.000 0.236
2765.000 0.233
2770.000 0.243
2775.000 0.242
2780.000 0.249
2785.000 0.245
2790.000 0.253
2795.000 0.260
2800.000 0.260
2805.000 0.256
2810.000 0.263
2815.000 0.267
2820.000 0.275
2825.000 0.274
2830.000 0.273
2835.000 0.279
2840.000 0.280
2845.000 0.285
2850.000 0.281
2855.000 0.286
2860.000 0.290
2865.000 0.299
2870.000 0.300
2875.000 0.301
2880.000 0.299
2885.000 0.300
2890.000 0.301
2895.000 0.307
2900.000 0.306
2905.000 0.303
2910.000 0.309
2915.000 0.310
2920.000 0.306
2925.000 0.317
2930.000 0.309
2935.000 0.314
2940.000 0.317
2945.000 0.308
2950.000 0.308
2955.000 0.315
2960.000 0.315
2965.000 0.311
2970.000 0.306
2975.000 0.312
2980.000 0.311
2985.000 0.309
2990.000 0.310
2995.000 0.308
3000.000 0.302
3005.000 0.308
3010.000 0.305
3015.000 0.301
3020.000 0.303
3025.000 0.302
3030.000 0.301
3035.000 0.299
3040.000 0.298
3045.000 0.297
3050.000 0.294
3055.000 0.294
3060.000 0.285
3065.000 0.292
3070.000 0.292
3075.000 0.286
3080.000 0.292
3085.000 0.286
3090.000 0.287
3095.000 0.285
3100.000 0.287
3105.000 0.281
3110.000 0.286
3115.000 0.282
3120.000 0.278
3125.000 0.277
3130.000 0.277
3135.000 0.282
3140.000 0.274
3145.000 0.276
3150.000 0.274
3155.000 0.268
3160.000 0.271
3165.000 0.272
3170.000 0.271
3175.000 0.270
3180.000 0.267
3185.000 0.268
3190.000 0.266
3195.000 0.268
3200.000 0.267
3205.000 0.259
3210.000 0.264
3215.000 0.269
3220.000 0.263
3225.000 0.263
3230.000 0.263
3235.000 0.267
3240.000 0.262
3245.000 0.264
3250.000 0.261
3255.000 0.264
3260.000 0.266
3265.000 0.263
3270.000 0.262
3275.000 0.266
3280.000 0.264
3285.000 0.262
3290.000 0.271
3295.000 0.266
3300.000 0.267
3305.000 0.268
3310.000 0.267
3315.000 0.270
3320.000 0.270
3325.000 0.272
3330.000 0.268
3335.000 0.274
3340.000 0.275
3345.000 0.272
3350.000 0.273
3355.000 0.276
3360.000 0.280
3365.000 0.278
3370.000 0.288
3375.000 0.279
3380.000 0.284
3385.000 0.287
3390.000 0.290
3395.000 0.291
3400.000 0.295
3405.000 0.293
3410.000 0.294
3415.000 0.301
3420.000 0.300
3425.000 0.303
3430.000 0.307
3435.000 0.318
3440.000 0.317
3445.000 0.319
3450.000 0.318
3455.000 0.322
3460.000 0.328
3465.000 0.330
3470.000 0.338
3475.000 0.342
3480.000 0.350
3485.000 0.352
3490.000 0.354
3495.000 0.366
3500.000 0.374
3505.000 0.380
3510.000 0.388
3515.000 0.394
3520.000 0.395
3525.000 0.404
3530.000 0.416
3535.000 0.425
3540.000 0.432
3545.000 0.448
3550.000 0.460
3555.000 0.463
3560.000 0.481
3565.000 0.502
3570.000 0.518
3575.000 0.538
3580.000 0.554
3585.000 0.565
3590.000 0.587
3595.000 0.612
3600.000 0.639
3605.000 0.661
3610.000 0.703
3615.000 0.742
3620.000 0.783
3625.000 0.832
3630.000 0.908
3635.000 0.946
3640.000 1.018
3645.000 1.055
3650.000 1.140
3655.000 1.256
3660.000 1.405
3665.000 1.576
3670.000 1.800
3675.000 2.083
3680.000 2.470
3685.000 3.012
3690.000 3.834
3695.000 4.970
3700.000 5.662
3705.000 6.958
3710.000 5.247
3715.000 4.089
3720.000 3.111
3725.000 2.487
3730.000 2.036
3735.000 1.738
3740.000 1.503
3745.000 1.323
3750.000 1.162
3755.000 1.052
3760.000 0.958
3765.000 0.915
3770.000 0.837
3775.000 0.760
3780.000 0.711
3785.000 0.667
3790.000 0.620
3795.000 0.580
3800.000 0.543
3805.000 0.514
3810.000 0.487
3815.000 0.461
3820.000 0.435
3825.000 0.426
3830.000 0.409
3835.000 0.390
3840.000 0.369
3845.000 0.360
3850.000 0.345
3855.000 0.327
3860.000 0.312
3865.000 0.305
3870.000 0.291
3875.000 0.284
3880.000 0.275
3885.000 0.260
3890.000 0.260
3895.000 0.251
3900.000 0.241
3905.000 0.240
3910.000 0.231
3915.000 0.224
3920.000 0.217
3925.000 0.210
3930.000 0.209
3935.000 0.207
3940.000 0.198
3945.000 0.194
3950.000 0.188
3955.000 0.185
3960.000 0.178
3965.000 0.177
3970.000 0.171
3975.000 0.173
3980.000 0.167
3985.000 0.162
3990.000 0.157
3995.000 0.159
4000.000 0.159
4005.000 0.152
4010.000 0.149
4015.000 0.150
4020.000 0.151
4025.000 0.144
4030.000 0.136
4035.000 0.135
4040.000 0.136
4045.000 0.130
4050.000 0.131
4055.000 0.127
4060.000 0.126
4065.000 0.123
4070.000 0.120
4075.000 0.118
4080.000 0.116
4085.000 0.110
4090.000 0.110
4095.000 0.111
4100.000 0.106
4105.000 0.103
4110.000 0.100
4115.000 0.105
4120.000 0.098
4125.000 0.098
4130.000 0.098
4135.000 0.094
4140.000 0.094
4145.000 0.091
4150.000 0.090
4155.000 0.091
4160.000 0.086
4165.000 0.082
4170.000 0.082
4175.000 0.082
4180.000 0.077
4185.000 0.075
4190.000 0.071
4195.000 0.074
4200.000 0.074
4205.000 0.073
4210.000 0.069
4215.000 0.072
4220.000 0.066
4225.000 0.067
4230.000 0.063
4235.000 0.067
4240.000 0.067
4245.000 0.059
4250.000 0.061
4255.000 0.059
4260.000 0.064
4265.000 0.064
4270.000 0.054
4275.000 0.057
4280.000 0.058
4285.000 0.059
4290.000 0.057
4295.000 0.058
4300.000 0.055
4305.000 0.052
4310.000 0.055
4315.000 0.057
4320.000 0.055
4325.000 0.056
4330.000 0.053
4335.000 0.049
4340.000 0.050
4345.000 0.050
4350.000 0.054
4355.000 0.049
4360.000 0.051
4365.000 0.047
4370.000 0.048
4375.000 0.046
4380.000 0.045
4385.000 0.046
4390.000 0.047
4395.000 0.045
4400.000 0.045
4405.000 0.044
4410.000 0.039
4415.000 0.046
4420.000 0.041
4425.000 0.046
4430.000 0.045
4435.000 0.039
4440.000 0.041
4445.000 0.037
4450.000 0.039
4455.000 0.038
4460.000 0.050
4465.000 0.040
4470.000 0.037
4475.000 0.035
4480.000 0.037
4485.000 0.033
4490.000 0.039
4495.000 0.034
4500.000 0.036
4505.000 0.037
4510.000 0.036
4515.000 0.031
4520.000 0.037
4525.000 0.033
4530.000 0.034
4535.000 0.036
4540.000 0.033
4545.000 0.031
4550.000 0.036
4555.000 0.030
4560.000 0.026
4565.000 0.027
4570.000 0.030
4575.000 0.033
4580.000 0.030
4585.000 0.031
4590.000 0.026
4595.000 0.029
4600.000 0.027
4605.000 0.028
4610.000 0.022
4615.000 0.028
4620.000 0.027
4625.000 0.026
4630.000 0.019
4635.000 0.023
4640.000 0.023
4645.000 0.025
4650.000 0.024
4655.000 0.021
4660.000 0.021
4665.000 0.017
4670.000 0.020
4675.000 0.016
4680.000 0.020
4685.000 0.018
4690.000 0.017
4695.000 0.017
4700.000 0.018
4705.000 0.013
4710.000 0.013
4715.000 0.012
4720.000 0.012
4725.000 0.020
4730.000 0.012
4735.000 0.015
4740.000 0.011
4745.000 0.013
4750.000 0.013
4755.000 0.009
4760.000 0.010
4765.000 0.007
4770.000 0.008
4775.000 0.008
4780.000 0.007
4785.000 0.009
4790.000 0.010
4795.000 0.013
4800.000 0.009
4805.000 0.014
4810.000 0.018
4815.000 0.015
4820.000 0.015
4825.000 0.026
4830.000 0.017
4835.000 0.025
4840.000 0.024
4845.000 0.025
4850.000 0.036
4855.000 0.035
4860.000 0.034
4865.000 0.036
4870.000 0.036
4875.000 0.049
4880.000 0.046
4885.000 0.054
4890.000 0.066
4895.000 0.068
4900.000 0.074
4905.000 0.090
4910.000 0.098
4915.000 0.107
4920.000 0.121
4925.000 0.132
4930.000 0.161
4935.000 0.186
4940.000 0.220
4945.000 0.273
4950.000 0.341
4955.000 0.449
4960.000 0.632
4965.000 0.974
4970.000 1.698
4975.000 3.142
4980.000 3.925
4985.000 2.772
4990.000 2.217
4995.000 2.263
5000.000 1.797
5005.000 0.478
5010.000 0.202
5015.000 0.166
5020.000 0.169
5025.000 0.188
5030.000 0.149
5035.000 0.156
5040.000 0.144
5045.000 0.138
5050.000 0.126
5055.000 0.140
5060.000 0.132
5065.000 0.142
5070.000 0.131
5075.000 0.122
5080.000 0.125
5085.000 0.124
5090.000 0.117
5095.000 0.118
5100.000 0.125
5105.000 0.121
5110.000 0.121
5115.000 0.119
5120.000 0.116
5125.000 0.117
5130.000 0.115
5135.000 0.117
5140.000 0.118
5145.000 0.113
5150.000 0.117
5155.000 0.115
5160.000 0.118
5165.000 0.121
5170.000 0.119
5175.000 0.119
5180.000 0.121
5185.000 0.115
5190.000 0.115
5195.000 0.120
5200.000 0.118
5205.000 0.120
5210.000 0.117
5215.000 0.117
5220.000 0.119
5225.000 0.124
5230.000 0.122
5235.000 0.122
5240.000 0.120
5245.000 0.131
5250.000 0.127
5255.000 0.124
5260.000 0.127
5265.000 0.129
5270.000 0.132
5275.000 0.128
5280.000 0.131
5285.000 0.128
5290.000 0.128
5295.000 0.133
5300.000 0.137
5305.000 0.141
5310.000 0.135
5315.000 0.136
5320.000 0.139
5325.000 0.143
5330.000 0.144
5335.000 0.143
5340.000 0.147
5345.000 0.143
5350.000 0.149
5355.000 0.147
5360.000 0.146
5365.000 0.145
5370.000 0.146
5375.000 0.147
5380.000 0.149
5385.000 0.153
5390.000 0.152
5395.000 0.148
5400.000 0.157
5405.000 0.158
5410.000 0.155
5415.000 0.154
5420.000 0.152
5425.000 0.156
5430.000 0.156
5435.000 0.156
5440.000 0.158
5445.000 0.162
5450.000 0.155
5455.000 0.156
5460.000 0.161
5465.000 0.161
5470.000 0.164
5475.000 0.162
5480.000 0.165
5485.000 0.164
5490.000 0.164
5495.000 0.156
5500.000 0.161
5505.000 0.165
5510.000 0.162
5515.000 0.162
5520.000 0.166
5525.000 0.166
5530.000 0.164
5535.000 0.164
5540.000 0.167
5545.000 0.170
5550.000 0.170
5555.000 0.167
5560.000 0.169
5565.000 0.169
5570.000 0.170
5575.000 0.175
5580.000 0.172
5585.000 0.176
5590.000 0.171
5595.000 0.172
5600.000 0.177
5605.000 0.173
5610.000 0.173
5615.000 0.174
5620.000 0.180
5625.000 0.181
5630.000 0.181
5635.000 0.178
5640.000 0.181
5645.000 0.183
5650.000 0.183
5655.000 0.181
5660.000 0.186
5665.000 0.183
5670.000 0.184
5675.000 0.188
5680.000 0.188
5685.000 0.184
5690.000 0.191
5695.000 0.189
5700.000 0.192
5705.000 0.200
5710.000 0.193
5715.000 0.197
5720.000 0.194
5725.000 0.196
5730.000 0.199
5735.000 0.202
5740.000 0.204
5745.000 0.205
5750.000 0.201
5755.000 0.206
5760.000 0.207
5765.000 0.207
5770.000 0.208
5775.000 0.210
5780.000 0.213
5785.000 0.210
5790.000 0.216
5795.000 0.219
5800.000 0.223
5805.000 0.220
5810.000 0.219
5815.000 0.222
5820.000 0.224
5825.000 0.233
5830.000 0.232
5835.000 0.236
5840.000 0.238
5845.000 0.235
5850.000 0.243
5855.000 0.244
5860.000 0.248
5865.000 0.247
5870.000 0.249
5875.000 0.258
5880.000 0.263
5885.000 0.258
5890.000 0.265
5895.000 0.267
5900.000 0.274
5905.000 0.274
5910.000 0.278
5915.000 0.279
5920.000 0.283
5925.000 0.291
5930.000 0.287
5935.000 0.299
5940.000 0.302
5945.000 0.312
5950.000 0.306
5955.000 0.312
5960.000 0.318
5965.000 0.326
5970.000 0.335
5975.000 0.344
5980.000 0.345
5985.000 0.354
5990.000 0.361
5995.000 0.367
6000.000 0.377
6005.000 0.388
6010.000 0.388
6015.000 0.398
6020.000 0.407
6025.000 0.417
6030.000 0.429
6035.000 0.438
6040.000 0.450
6045.000 0.467
6050.000 0.474
6055.000 0.487
6060.000 0.502
6065.000 0.520
6070.000 0.539
6075.000 0.548
6080.000 0.567
6085.000 0.586
6090.000 0.612
6095.000 0.632
6100.000 0.665
6105.000 0.690
6110.000 0.719
6115.000 0.752
6120.000 0.789
6125.000 0.824
6130.000 0.872
6135.000 0.890
6140.000 0.940
6145.000 0.997
6150.000 1.056
6155.000 1.124
6160.000 1.204
6165.000 1.298
6170.000 1.397
6175.000 1.518
6180.000 1.661
6185.000 1.852
6190.000 2.063
6195.000 2.185
6200.000 2.509
6205.000 2.881
6210.000 3.372
6215.000 4.032
6220.000 4.999
6225.000 6.362
6230.000 8.226
6235.000 10.270
6240.000 11.135
6245.000 9.326
6250.000 6.757
6255.000 5.568
6260.000 4.938
6265.000 4.133
6270.000 3.484
6275.000 3.026
6280.000 2.509
6285.000 2.191
6290.000 1.892
6295.000 1.623
6300.000 1.407
6305.000 1.228
6310.000 1.077
6315.000 0.974
6320.000 0.941
6325.000 0.829
6330.000 0.770
6335.000 0.710
6340.000 0.675
6345.000 0.630
6350.000 0.601
6355.000 0.564
6360.000 0.531
6365.000 0.512
6370.000 0.483
6375.000 0.462
6380.000 0.432
6385.000 0.430
6390.000 0.413
6395.000 0.391
6400.000 0.366
6405.000 0.356
6410.000 0.337
6415.000 0.325
6420.000 0.305
6425.000 0.291
6430.000 0.283
6435.000 0.260
6440.000 0.262
6445.000 0.240
6450.000 0.220
6455.000 0.208
6460.000 0.190
6465.000 0.174
6470.000 0.159
6475.000 0.137
6480.000 0.117
6485.000 0.093
6490.000 0.069
6495.000 0.043
6500.000 0.029
6505.000 0.005
6510.000 0.033
6515.000 0.070
6520.000 0.117
6525.000 0.155
6530.000 0.220
6535.000 0.302
6540.000 0.396
6545.000 0.518
6550.000 0.714
6555.000 0.963
6560.000 1.437
6565.000 1.803
6570.000 3.002
6575.000 5.624
6580.000 8.085
6585.000 2.609
6590.000 3.386
6595.000 1.575
6600.000 1.305
6605.000 1.102
6610.000 1.004
6615.000 0.932
6620.000 0.859
6625.000 0.831
6630.000 0.774
6635.000 0.720
6640.000 0.688
6645.000 0.657
6650.000 0.628
6655.000 0.602
6660.000 0.583
6665.000 0.564
6670.000 0.544
6675.000 0.533
6680.000 0.524
6685.000 0.513
6690.000 0.501
6695.000 0.494
6700.000 0.485
6705.000 0.469
6710.000 0.466
6715.000 0.457
6720.000 0.448
6725.000 0.443
6730.000 0.436
6735.000 0.430
6740.000 0.428
6745.000 0.425
6750.000 0.416
6755.000 0.411
6760.000 0.409
6765.000 0.399
6770.000 0.399
6775.000 0.396
6780.000 0.393
6785.000 0.391
6790.000 0.386
6795.000 0.390
6800.000 0.380
6805.000 0.381
6810.000 0.379
6815.000 0.375
6820.000 0.372
6825.000 0.375
6830.000 0.372
6835.000 0.368
6840.000 0.369
6845.000 0.370
6850.000 0.362
6855.000 0.367
6860.000 0.359
6865.000 0.362
6870.000 0.360
6875.000 0.364
6880.000 0.362
6885.000 0.363
6890.000 0.365
6895.000 0.357
6900.000 0.359
6905.000 0.358
6910.000 0.357
6915.000 0.364
6920.000 0.360
6925.000 0.358
6930.000 0.358
6935.000 0.360
6940.000 0.360
6945.000 0.360
6950.000 0.365
6955.000 0.359
6960.000 0.369
6965.000 0.366
6970.000 0.367
6975.000 0.371
6980.000 0.372
6985.000 0.373
6990.000 0.366
6995.000 0.370
7000.000 0.373
7005.000 0.378
7010.000 0.384
7015.000 0.380
7020.000 0.383
7025.000 0.386
7030.000 0.382
7035.000 0.392
7040.000 0.391
7045.000 0.393
7050.000 0.399
7055.000 0.397
7060.000 0.401
7065.000 0.401
7070.000 0.403
7075.000 0.411
7080.000 0.413
7085.000 0.418
7090.000 0.419
7095.000 0.421
7100.000 0.426
7105.000 0.434
7110.000 0.438
7115.000 0.435
7120.000 0.442
7125.000 0.444
7130.000 0.456
7135.000 0.459
7140.000 0.460
7145.000 0.473
7150.000 0.475
7155.000 0.480
7160.000 0.490
7165.000 0.497
7170.000 0.499
7175.000 0.504
7180.000 0.519
7185.000 0.520
7190.000 0.527
7195.000 0.538
7200.000 0.546
7205.000 0.561
7210.000 0.564
7215.000 0.571
7220.000 0.585
7225.000 0.605
7230.000 0.601
7235.000 0.610
7240.000 0.624
7245.000 0.639
7250.000 0.653
7255.000 0.673
7260.000 0.689
7265.000 0.706
7270.000 0.718
7275.000 0.744
7280.000 0.763
7285.000 0.782
7290.000 0.798
7295.000 0.813
7300.000 0.839
7305.000 0.866
7310.000 0.894
7315.000 0.926
7320.000 0.958
7325.000 0.992
7330.000 1.036
7335.000 1.078
7340.000 1.126
7345.000 1.173
7350.000 1.232
7355.000 1.261
7360.000 1.327
7365.000 1.395
7370.000 1.484
7375.000 1.575
7380.000 1.670
7385.000 1.787
7390.000 1.931
7395.000 2.089
7400.000 2.277
7405.000 2.506
7410.000 2.641
7415.000 2.938
7420.000 3.335
7425.000 3.819
7430.000 4.452
7435.000 5.352
7440.000 6.503
7445.000 8.108
7450.000 9.753
7455.000 10.876
7460.000 10.252
7465.000 8.088
7470.000 5.834
7475.000 4.904
7480.000 3.430
7485.000 2.964
7490.000 2.789
7495.000 2.553
7500.000 2.338
7505.000 2.149
7510.000 1.980
7515.000 1.819
7520.000 1.674
7525.000 1.563
7530.000 1.463
7535.000 1.422
7540.000 1.334
7545.000 1.258
7550.000 1.196
7555.000 1.131
7560.000 1.077
7565.000 1.025
7570.000 0.980
7575.000 0.946
7580.000 0.911
7585.000 0.870
7590.000 0.839
7595.000 0.801
7600.000 0.792
7605.000 0.762
7610.000 0.733
7615.000 0.711
7620.000 0.683
7625.000 0.666
7630.000 0.644
7635.000 0.627
7640.000 0.608
7645.000 0.592
7650.000 0.577
7655.000 0.566
7660.000 0.555
7665.000 0.542
7670.000 0.522
7675.000 0.515
7680.000 0.501
7685.000 0.492
7690.000 0.477
7695.000 0.470
7700.000 0.453
7705.000 0.447
7710.000 0.437
7715.000 0.432
7720.000 0.425
7725.000 0.420
7730.000 0.402
7735.000 0.399
7740.000 0.388
7745.000 0.382
7750.000 0.373
7755.000 0.369
7760.000 0.359
7765.000 0.351
7770.000 0.347
7775.000 0.340
7780.000 0.340
7785.000 0.334
7790.000 0.326
7795.000 0.320
7800.000 0.318
7805.000 0.315
7810.000 0.306
7815.000 0.296
7820.000 0.295
7825.000 0.283
7830.000 0.276
7835.000 0.277
7840.000 0.280
7845.000 0.269
7850.000 0.266
7855.000 0.259
7860.000 0.255
7865.000 0.254
7870.000 0.252
7875.000 0.236
7880.000 0.236
7885.000 0.234
7890.000 0.222
7895.000 0.225
7900.000 0.216
7905.000 0.210
7910.000 0.208
7915.000 0.197
7920.000 0.190
7925.000 0.188
7930.000 0.179
7935.000 0.175
7940.000 0.167
7945.000 0.160
7950.000 0.148
7955.000 0.144
7960.000 0.143
7965.000 0.133
7970.000 0.123
7975.000 0.106
7980.000 0.099
7985.000 0.083
7990.000 0.064
7995.000 0.052
8000.000 0.033
