2005.000 0.358
2010.000 0.361
2015.000 0.351
2020.000 0.351
2025.000 0.345
2030.000 0.354
2035.000 0.348
2040.000 0.359
2045.000 0.355
2050.000 0.361
2055.000 0.366
2060.000 0.352
2065.000 0.359
2070.000 0.361
2075.000 0.354
2080.000 0.349
2085.000 0.377
2090.000 0.392
2095.000 0.375
2100.000 0.379
2105.000 0.375
2110.000 0.381
2115.000 0.383
2120.000 0.385
2125.000 0.383
2130.000 0.403
2135.000 0.415
2140.000 0.410
2145.000 0.471
2150.000 0.461
2155.000 0.479
2160.000 0.439
2165.000 0.443
2170.000 0.461
2175.000 0.461
2180.000 0.470
2185.000 0.487
2190.000 0.494
2195.000 0.517
2200.000 0.462
2205.000 0.644
2210.000 0.603
2215.000 0.573
2220.000 0.609
2225.000 0.626
2230.000 0.644
2235.000 0.632
2240.000 0.732
2245.000 0.760
2250.000 0.805
2255.000 0.788
2260.000 1.050
2265.000 1.041
2270.000 1.164
2275.000 1.214
2280.000 1.298
2285.000 1.711
2290.000 1.936
2295.000 2.427
2300.000 3.215
2305.000 4.478
2310.000 5.318
2315.000 6.348
2320.000 3.928
2325.000 2.504
2330.000 2.173
2335.000 1.537
2340.000 1.414
2345.000 1.162
2350.000 1.000
2355.000 0.955
2360.000 0.856
2365.000 0.727
2370.000 0.530
2375.000 0.560
2380.000 0.492
2385.000 0.502
2390.000 0.411
2395.000 0.435
2400.000 0.411
2405.000 0.367
2410.000 0.351
2415.000 0.328
2420.000 0.317
2425.000 0.309
2430.000 0.283
2435.000 0.399
2440.000 0.384
2445.000 0.260
2450.000 0.234
2455.000 0.234
2460.000 0.230
2465.000 0.221
2470.000 0.278
2475.000 0.209
2480.000 0.181
2485.000 0.191
2490.000 0.210
2495.000 0.195
2500.000 0.192
2505.000 0.181
2510.000 0.182
2515.000 0.193
2520.000 0.176
2525.000 0.174
2530.000 0.168
2535.000 0.171
2540.000 0.169
2545.000 0.173
2550.000 0.170
2555.000 0.171
2560.000 0.172
2565.000 0.166
2570.000 0.168
2575.000 0.173
2580.000 0.169
2585.000 0.173
2590.000 0.181
2595.000 0.174
2600.000 0.177
2605.000 0.181
2610.000 0.175
2615.000 0.177
2620.000 0.180
2625.000 0.181
2630.000 0.178
2635.000 0.181
2640.000 0.188
2645.000 0.187
2650.000 0.190
2655.000 0.192
2660.000 0.196
2665.000 0.197
2670.000 0.197
2675.000 0.207
2680.000 0.199
2685.000 0.202
2690.000 0.206
2695.000 0.216
2700.000 0.218
2705.000 0.218
2710.000 0.223
2715.000 0.228
2720.000 0.228
2725.000 0.228
2730.000 0.237
2735.000 0.237
2740.000 0.233
2745.000 0.250
2750.000 0.252
2755.000 0.252
2760.000 0.257
2765.000 0.257
2770.000 0.261
2775.000 0.265
2780.000 0.273
2785.000 0.278
2790.000 0.274
2795.000 0.273
2800.000 0.283
2805.000 0.285
2810.000 0.294
2815.000 0.290
2820.000 0.295
2825.000 0.304
2830.000 0.303
2835.000 0.305
2840.000 0.307
2845.000 0.313
2850.000 0.316
2855.000 0.319
2860.000 0.318
2865.000 0.321
2870.000 0.319
2875.000 0.325
2880.000 0.329
2885.000 0.330
2890.000 0.337
2895.000 0.330
2900.000 0.338
2905.000 0.337
2910.000 0.341
2915.000 0.332
2920.000 0.345
2925.000 0.346
2930.000 0.346
2935.000 0.340
2940.000 0.342
2945.000 0.348
2950.000 0.348
2955.000 0.347
2960.000 0.348
2965.000 0.347
2970.000 0.344
2975.000 0.350
2980.000 0.348
2985.000 0.339
2990.000 0.347
2995.000 0.343
3000.000 0.341
3005.000 0.340
3010.000 0.336
3015.000 0.335
3020.000 0.338
3025.000 0.338
3030.000 0.331
3035.000 0.334
3040.000 0.339
3045.000 0.330
3050.000 0.334
3055.000 0.328
3060.000 0.331
3065.000 0.329
3070.000 0.324
3075.000 0.325
3080.000 0.320
3085.000 0.323
3090.000 0.326
3095.000 0.322
3100.000 0.323
3105.000 0.317
3110.000 0.315
3115.000 0.318
3120.000 0.320
3125.000 0.314
3130.000 0.314
3135.000 0.315
3140.000 0.309
3145.000 0.310
3150.000 0.308
3155.000 0.305
3160.000 0.306
3165.000 0.308
3170.000 0.307
3175.000 0.306
3180.000 0.305
3185.000 0.298
3190.000 0.301
3195.000 0.303
3200.000 0.305
3205.000 0.299
3210.000 0.306
3215.000 0.302
3220.000 0.303
3225.000 0.300
3230.000 0.302
3235.000 0.305
3240.000 0.302
3245.000 0.303
3250.000 0.299
3255.000 0.304
3260.000 0.301
3265.000 0.302
3270.000 0.305
3275.000 0.302
3280.000 0.307
3285.000 0.303
3290.000 0.305
3295.000 0.313
3300.000 0.308
3305.000 0.305
3310.000 0.311
3315.000 0.309
3320.000 0.313
3325.000 0.311
3330.000 0.313
3335.000 0.317
3340.000 0.312
3345.000 0.321
3350.000 0.321
3355.000 0.322
3360.000 0.323
3365.000 0.324
3370.000 0.323
3375.000 0.326
3380.000 0.332
3385.000 0.331
3390.000 0.334
3395.000 0.341
3400.000 0.343
3405.000 0.340
3410.000 0.348
3415.000 0.354
3420.000 0.351
3425.000 0.366
3430.000 0.370
3435.000 0.364
3440.000 0.368
3445.000 0.375
3450.000 0.378
3455.000 0.376
3460.000 0.386
3465.000 0.392
3470.000 0.400
3475.000 0.405
3480.000 0.408
3485.000 0.412
3490.000 0.416
3495.000 0.425
3500.000 0.430
3505.000 0.444
3510.000 0.451
3515.000 0.455
3520.000 0.468
3525.000 0.478
3530.000 0.489
3535.000 0.500
3540.000 0.510
3545.000 0.519
3550.000 0.536
3555.000 0.548
3560.000 0.566
3565.000 0.575
3570.000 0.594
3575.000 0.610
3580.000 0.636
3585.000 0.660
3590.000 0.685
3595.000 0.711
3600.000 0.742
3605.000 0.770
3610.000 0.790
3615.000 0.838
3620.000 0.883
3625.000 0.919
3630.000 1.009
3635.000 1.036
3640.000 1.157
3645.000 1.196
3650.000 1.311
3655.000 1.413
3660.000 1.575
3665.000 1.769
3670.000 2.002
3675.000 2.161
3680.000 2.523
3685.000 3.005
3690.000 3.670
3695.000 4.524
3700.000 5.643
3705.000 7.782
3710.000 9.061
3715.000 6.751
3720.000 4.433
3725.000 3.363
3730.000 2.724
3735.000 2.461
3740.000 2.069
3745.000 1.788
3750.000 1.569
3755.000 1.365
3760.000 1.236
3765.000 1.125
3770.000 1.031
3775.000 0.948
3780.000 0.882
3785.000 0.825
3790.000 0.795
3795.000 0.746
3800.000 0.702
3805.000 0.663
3810.000 0.628
3815.000 0.595
3820.000 0.568
3825.000 0.540
3830.000 0.515
3835.000 0.499
3840.000 0.471
3845.000 0.451
3850.000 0.439
3855.000 0.427
3860.000 0.411
3865.000 0.398
3870.000 0.386
3875.000 0.371
3880.000 0.358
3885.000 0.344
3890.000 0.336
3895.000 0.329
3900.000 0.318
3905.000 0.310
3910.000 0.295
3915.000 0.299
3920.000 0.289
3925.000 0.282
3930.000 0.276
3935.000 0.264
3940.000 0.258
3945.000 0.257
3950.000 0.252
3955.000 0.245
3960.000 0.239
3965.000 0.236
3970.000 0.225
3975.000 0.222
3980.000 0.220
3985.000 0.218
3990.000 0.213
3995.000 0.210
4000.000 0.201
4005.000 0.204
4010.000 0.197
4015.000 0.193
4020.000 0.190
4025.000 0.186
4030.000 0.184
4035.000 0.185
4040.000 0.177
4045.000 0.175
4050.000 0.174
4055.000 0.173
4060.000 0.168
4065.000 0.164
4070.000 0.161
4075.000 0.158
4080.000 0.157
4085.000 0.153
4090.000 0.157
4095.000 0.160
4100.000 0.150
4105.000 0.150
4110.000 0.150
4115.000 0.142
4120.000 0.144
4125.000 0.143
4130.000 0.140
4135.000 0.138
4140.000 0.136
4145.000 0.128
4150.000 0.130
4155.000 0.125
4160.000 0.126
4165.000 0.122
4170.000 0.118
4175.000 0.117
4180.000 0.121
4185.000 0.112
4190.000 0.118
4195.000 0.113
4200.000 0.109
4205.000 0.108
4210.000 0.107
4215.000 0.104
4220.000 0.101
4225.000 0.100
4230.000 0.095
4235.000 0.099
4240.000 0.101
4245.000 0.099
4250.000 0.094
4255.000 0.091
4260.000 0.090
4265.000 0.092
4270.000 0.089
4275.000 0.090
4280.000 0.086
4285.000 0.086
4290.000 0.089
4295.000 0.090
4300.000 0.091
4305.000 0.084
4310.000 0.087
4315.000 0.083
4320.000 0.090
4325.000 0.082
4330.000 0.086
4335.000 0.084
4340.000 0.083
4345.000 0.078
4350.000 0.078
4355.000 0.086
4360.000 0.083
4365.000 0.080
4370.000 0.086
4375.000 0.088
4380.000 0.083
4385.000 0.081
4390.000 0.084
4395.000 0.076
4400.000 0.086
4405.000 0.076
4410.000 0.080
4415.000 0.084
4420.000 0.075
4425.000 0.076
4430.000 0.078
4435.000 0.079
4440.000 0.075
4445.000 0.075
4450.000 0.081
4455.000 0.079
4460.000 0.077
4465.000 0.075
4470.000 0.078
4475.000 0.079
4480.000 0.074
4485.000 0.072
4490.000 0.075
4495.000 0.074
4500.000 0.076
4505.000 0.075
4510.000 0.073
4515.000 0.075
4520.000 0.075
4525.000 0.071
4530.000 0.075
4535.000 0.073
4540.000 0.066
4545.000 0.068
4550.000 0.070
4555.000 0.072
4560.000 0.075
4565.000 0.071
4570.000 0.070
4575.000 0.071
4580.000 0.075
4585.000 0.074
4590.000 0.068
4595.000 0.072
4600.000 0.068
4605.000 0.066
4610.000 0.070
4615.000 0.068
4620.000 0.075
4625.000 0.068
4630.000 0.067
4635.000 0.071
4640.000 0.070
4645.000 0.068
4650.000 0.069
4655.000 0.068
4660.000 0.070
4665.000 0.074
4670.000 0.071
4675.000 0.074
4680.000 0.070
4685.000 0.071
4690.000 0.067
4695.000 0.076
4700.000 0.066
4705.000 0.070
4710.000 0.068
4715.000 0.073
4720.000 0.072
4725.000 0.076
4730.000 0.078
4735.000 0.073
4740.000 0.074
4745.000 0.069
4750.000 0.075
4755.000 0.077
4760.000 0.070
4765.000 0.076
4770.000 0.075
4775.000 0.076
4780.000 0.078
4785.000 0.074
4790.000 0.081
4795.000 0.083
4800.000 0.088
4805.000 0.083
4810.000 0.081
4815.000 0.083
4820.000 0.085
4825.000 0.089
4830.000 0.088
4835.000 0.089
4840.000 0.094
4845.000 0.098
4850.000 0.092
4855.000 0.100
4860.000 0.093
4865.000 0.100
4870.000 0.097
4875.000 0.105
4880.000 0.107
4885.000 0.106
4890.000 0.118
4895.000 0.116
4900.000 0.115
4905.000 0.114
4910.000 0.124
4915.000 0.135
4920.000 0.127
4925.000 0.124
4930.000 0.128
4935.000 0.129
4940.000 0.129
4945.000 0.125
4950.000 0.118
4955.000 0.092
4960.000 0.075
4965.000 0.216
4970.000 0.678
4975.000 1.957
4980.000 4.287
4985.000 3.260
4990.000 3.350
4995.000 2.802
5000.000 1.380
5005.000 1.131
5010.000 0.643
5015.000 0.543
5020.000 0.457
5025.000 0.386
5030.000 0.307
5035.000 0.265
5040.000 0.235
5045.000 0.210
5050.000 0.170
5055.000 0.164
5060.000 0.147
5065.000 0.135
5070.000 0.129
5075.000 0.115
5080.000 0.106
5085.000 0.102
5090.000 0.089
5095.000 0.087
5100.000 0.076
5105.000 0.072
5110.000 0.069
5115.000 0.067
5120.000 0.059
5125.000 0.054
5130.000 0.051
5135.000 0.046
5140.000 0.051
5145.000 0.043
5150.000 0.037
5155.000 0.040
5160.000 0.037
5165.000 0.032
5170.000 0.031
5175.000 0.025
5180.000 0.026
5185.000 0.017
5190.000 0.016
5195.000 0.023
5200.000 0.019
5205.000 0.018
5210.000 0.016
5215.000 0.011
5220.000 0.015
5225.000 0.012
5230.000 0.007
5235.000 0.011
5240.000 0.009
5245.000 0.006
5250.000 0.009
5255.000 0.006
5260.000 0.010
5265.000 0.017
5270.000 0.008
5275.000 0.010
5280.000 0.012
5285.000 0.019
5290.000 0.015
5295.000 0.016
5300.000 0.017
5305.000 0.018
5310.000 0.025
5315.000 0.023
5320.000 0.024
5325.000 0.027
5330.000 0.031
5335.000 0.031
5340.000 0.030
5345.000 0.033
5350.000 0.029
5355.000 0.034
5360.000 0.035
5365.000 0.033
5370.000 0.038
5375.000 0.041
5380.000 0.037
5385.000 0.043
5390.000 0.039
5395.000 0.048
5400.000 0.049
5405.000 0.044
5410.000 0.047
5415.000 0.048
5420.000 0.054
5425.000 0.044
5430.000 0.052
5435.000 0.056
5440.000 0.048
5445.000 0.057
5450.000 0.054
5455.000 0.056
5460.000 0.054
5465.000 0.060
5470.000 0.060
5475.000 0.061
5480.000 0.056
5485.000 0.064
5490.000 0.065
5495.000 0.065
5500.000 0.066
5505.000 0.069
5510.000 0.066
5515.000 0.066
5520.000 0.069
5525.000 0.065
5530.000 0.069
5535.000 0.072
5540.000 0.070
5545.000 0.076
5550.000 0.073
5555.000 0.074
5560.000 0.077
5565.000 0.077
5570.000 0.074
5575.000 0.075
5580.000 0.079
5585.000 0.081
5590.000 0.078
5595.000 0.076
5600.000 0.085
5605.000 0.080
5610.000 0.085
5615.000 0.081
5620.000 0.085
5625.000 0.088
5630.000 0.087
5635.000 0.085
5640.000 0.086
5645.000 0.088
5650.000 0.086
5655.000 0.092
5660.000 0.091
5665.000 0.092
5670.000 0.093
5675.000 0.093
5680.000 0.097
5685.000 0.097
5690.000 0.099
5695.000 0.095
5700.000 0.095
5705.000 0.101
5710.000 0.101
5715.000 0.098
5720.000 0.104
5725.000 0.103
5730.000 0.104
5735.000 0.104
5740.000 0.107
5745.000 0.109
5750.000 0.105
5755.000 0.113
5760.000 0.110
5765.000 0.115
5770.000 0.115
5775.000 0.115
5780.000 0.115
5785.000 0.113
5790.000 0.117
5795.000 0.112
5800.000 0.121
5805.000 0.118
5810.000 0.132
5815.000 0.127
5820.000 0.128
5825.000 0.128
5830.000 0.125
5835.000 0.133
5840.000 0.137
5845.000 0.137
5850.000 0.136
5855.000 0.140
5860.000 0.143
5865.000 0.144
5870.000 0.147
5875.000 0.146
5880.000 0.150
5885.000 0.156
5890.000 0.155
5895.000 0.151
5900.000 0.163
5905.000 0.158
5910.000 0.164
5915.000 0.166
5920.000 0.170
5925.000 0.164
5930.000 0.171
5935.000 0.172
5940.000 0.179
5945.000 0.184
5950.000 0.178
5955.000 0.193
5960.000 0.194
5965.000 0.209
5970.000 0.200
5975.000 0.179
5980.000 0.213
5985.000 0.210
5990.000 0.220
5995.000 0.225
6000.000 0.229
6005.000 0.222
6010.000 0.242
6015.000 0.248
6020.000 0.261
6025.000 0.266
6030.000 0.274
6035.000 0.274
6040.000 0.281
6045.000 0.298
6050.000 0.302
6055.000 0.329
6060.000 0.316
6065.000 0.329
6070.000 0.341
6075.000 0.363
6080.000 0.373
6085.000 0.388
6090.000 0.402
6095.000 0.420
6100.000 0.436
6105.000 0.436
6110.000 0.454
6115.000 0.488
6120.000 0.511
6125.000 0.543
6130.000 0.570
6135.000 0.602
6140.000 0.635
6145.000 0.699
6150.000 0.719
6155.000 0.778
6160.000 0.834
6165.000 0.863
6170.000 0.923
6175.000 1.016
6180.000 1.064
6185.000 1.233
6190.000 1.361
6195.000 1.530
6200.000 1.747
6205.000 2.015
6210.000 2.376
6215.000 2.851
6220.000 3.519
6225.000 4.464
6230.000 5.132
6235.000 6.479
6240.000 7.416
6245.000 7.051
6250.000 6.316
6255.000 5.414
6260.000 4.202
6265.000 3.417
6270.000 2.845
6275.000 2.406
6280.000 2.054
6285.000 1.882
6290.000 1.585
6295.000 1.335
6300.000 1.121
6305.000 0.956
6310.000 0.773
6315.000 0.707
6320.000 0.608
6325.000 0.538
6330.000 0.482
6335.000 0.437
6340.000 0.402
6345.000 0.369
6350.000 0.359
6355.000 0.326
6360.000 0.314
6365.000 0.289
6370.000 0.278
6375.000 0.260
6380.000 0.245
6385.000 0.231
6390.000 0.221
6395.000 0.210
6400.000 0.196
6405.000 0.180
6410.000 0.175
6415.000 0.172
6420.000 0.147
6425.000 0.199
6430.000 0.127
6435.000 0.116
6440.000 0.108
6445.000 0.093
6450.000 0.080
6455.000 0.068
6460.000 0.052
6465.000 0.038
6470.000 0.023
6475.000 0.017
6480.000 0.013
6485.000 0.029
6490.000 0.048
6495.000 0.071
6500.000 0.092
6505.000 0.127
6510.000 0.150
6515.000 0.189
6520.000 0.236
6525.000 0.284
6530.000 0.319
6535.000 0.386
6540.000 0.481
6545.000 0.585
6550.000 0.747
6555.000 0.987
6560.000 1.352
6565.000 1.997
6570.000 3.241
6575.000 5.408
6580.000 6.797
6585.000 4.795
6590.000 4.176
6595.000 2.106
6600.000 1.253
6605.000 1.365
6610.000 1.089
6615.000 0.926
6620.000 0.860
6625.000 0.783
6630.000 0.723
6635.000 0.683
6640.000 0.646
6645.000 0.608
6650.000 0.606
6655.000 0.561
6660.000 0.548
6665.000 0.531
6670.000 0.513
6675.000 0.497
6680.000 0.481
6685.000 0.467
6690.000 0.460
6695.000 0.444
6700.000 0.437
6705.000 0.419
6710.000 0.410
6715.000 0.407
6720.000 0.405
6725.000 0.397
6730.000 0.394
6735.000 0.386
6740.000 0.379
6745.000 0.377
6750.000 0.370
6755.000 0.366
6760.000 0.359
6765.000 0.357
6770.000 0.347
6775.000 0.358
6780.000 0.351
6785.000 0.336
6790.000 0.345
6795.000 0.340
6800.000 0.338
6805.000 0.332
6810.000 0.330
6815.000 0.332
6820.000 0.325
6825.000 0.326
6830.000 0.323
6835.000 0.326
6840.000 0.319
6845.000 0.322
6850.000 0.321
6855.000 0.315
6860.000 0.317
6865.000 0.314
6870.000 0.318
6875.000 0.316
6880.000 0.318
6885.000 0.311
6890.000 0.309
6895.000 0.317
6900.000 0.315
6905.000 0.313
6910.000 0.315
6915.000 0.313
6920.000 0.320
6925.000 0.317
6930.000 0.316
6935.000 0.316
6940.000 0.315
6945.000 0.318
6950.000 0.315
6955.000 0.317
6960.000 0.318
6965.000 0.321
6970.000 0.318
6975.000 0.323
6980.000 0.319
6985.000 0.327
6990.000 0.327
6995.000 0.328
7000.000 0.324
7005.000 0.328
7010.000 0.332
7015.000 0.330
7020.000 0.333
7025.000 0.334
7030.000 0.336
7035.000 0.336
7040.000 0.341
7045.000 0.342
7050.000 0.345
7055.000 0.348
7060.000 0.356
7065.000 0.353
7070.000 0.355
7075.000 0.362
7080.000 0.360
7085.000 0.367
7090.000 0.363
7095.000 0.373
7100.000 0.374
7105.000 0.378
7110.000 0.382
7115.000 0.388
7120.000 0.388
7125.000 0.391
7130.000 0.396
7135.000 0.406
7140.000 0.406
7145.000 0.411
7150.000 0.415
7155.000 0.422
7160.000 0.429
7165.000 0.435
7170.000 0.435
7175.000 0.446
7180.000 0.452
7185.000 0.458
7190.000 0.462
7195.000 0.472
7200.000 0.482
7205.000 0.486
7210.000 0.497
7215.000 0.502
7220.000 0.515
7225.000 0.528
7230.000 0.534
7235.000 0.545
7240.000 0.557
7245.000 0.567
7250.000 0.581
7255.000 0.595
7260.000 0.604
7265.000 0.620
7270.000 0.634
7275.000 0.649
7280.000 0.667
7285.000 0.683
7290.000 0.708
7295.000 0.728
7300.000 0.750
7305.000 0.775
7310.000 0.798
7315.000 0.827
7320.000 0.844
7325.000 0.877
7330.000 0.909
7335.000 0.945
7340.000 0.981
7345.000 1.027
7350.000 1.081
7355.000 1.131
7360.000 1.192
7365.000 1.254
7370.000 1.333
7375.000 1.412
7380.000 1.509
7385.000 1.564
7390.000 1.682
7395.000 1.814
7400.000 1.975
7405.000 2.160
7410.000 2.382
7415.000 2.669
7420.000 3.017
7425.000 3.473
7430.000 4.114
7435.000 4.954
7440.000 6.044
7445.000 6.698
7450.000 8.154
7455.000 9.298
7460.000 9.080
7465.000 7.372
7470.000 5.341
7475.000 3.911
7480.000 2.924
7485.000 2.713
7490.000 2.598
7495.000 2.411
7500.000 2.306
7505.000 2.093
7510.000 1.910
7515.000 1.750
7520.000 1.607
7525.000 1.497
7530.000 1.393
7535.000 1.304
7540.000 1.228
7545.000 1.150
7550.000 1.092
7555.000 1.041
7560.000 0.995
7565.000 0.969
7570.000 0.921
7575.000 0.884
7580.000 0.843
7585.000 0.813
7590.000 0.783
7595.000 0.747
7600.000 0.718
7605.000 0.697
7610.000 0.669
7615.000 0.647
7620.000 0.629
7625.000 0.615
7630.000 0.603
7635.000 0.583
7640.000 0.564
7645.000 0.551
7650.000 0.534
7655.000 0.525
7660.000 0.512
7665.000 0.498
7670.000 0.484
7675.000 0.471
7680.000 0.456
7685.000 0.450
7690.000 0.447
7695.000 0.431
7700.000 0.421
7705.000 0.411
7710.000 0.406
7715.000 0.395
7720.000 0.386
7725.000 0.379
7730.000 0.374
7735.000 0.363
7740.000 0.360
7745.000 0.352
7750.000 0.347
7755.000 0.340
7760.000 0.331
7765.000 0.325
7770.000 0.315
7775.000 0.316
7780.000 0.311
7785.000 0.302
7790.000 0.300
7795.000 0.294
7800.000 0.283
7805.000 0.288
7810.000 0.281
7815.000 0.272
7820.000 0.271
7825.000 0.260
7830.000 0.260
7835.000 0.252
7840.000 0.248
7845.000 0.242
7850.000 0.240
7855.000 0.234
7860.000 0.226
7865.000 0.223
7870.000 0.218
7875.000 0.214
7880.000 0.209
7885.000 0.204
7890.000 0.196
7895.000 0.196
7900.000 0.187
7905.000 0.183
7910.000 0.177
7915.000 0.172
7920.000 0.163
7925.000 0.155
7930.000 0.155
7935.000 0.145
7940.000 0.135
7945.000 0.128
7950.000 0.116
7955.000 0.114
7960.000 0.100
7965.000 0.088
7970.000 0.078
7975.000 0.069
7980.000 0.045
7985.000 0.040
7990.000 0.021
7995.000 0.014
8000.000 0.023
