2005.000 0.370
2010.000 0.382
2015.000 0.374
2020.000 0.387
2025.000 0.381
2030.000 0.372
2035.000 0.387
2040.000 0.374
2045.000 0.382
2050.000 0.377
2055.000 0.377
2060.000 0.378
2065.000 0.377
2070.000 0.391
2075.000 0.385
2080.000 0.385
2085.000 0.386
2090.000 0.386
2095.000 0.387
2100.000 0.395
2105.000 0.396
2110.000 0.402
2115.000 0.410
2120.000 0.407
2125.000 0.413
2130.000 0.421
2135.000 0.431
2140.000 0.436
2145.000 0.436
2150.000 0.448
2155.000 0.456
2160.000 0.454
2165.000 0.464
2170.000 0.510
2175.000 0.541
2180.000 0.525
2185.000 0.487
2190.000 0.524
2195.000 0.541
2200.000 0.572
2205.000 0.587
2210.000 0.588
2215.000 0.609
2220.000 0.635
2225.000 0.668
2230.000 0.743
2235.000 0.723
2240.000 0.776
2245.000 0.808
2250.000 0.872
2255.000 0.932
2260.000 1.047
2265.000 1.160
2270.000 1.160
2275.000 1.380
2280.000 1.523
2285.000 1.818
2290.000 2.151
2295.000 2.688
2300.000 3.631
2305.000 4.806
2310.000 5.967
2315.000 6.353
2320.000 4.217
2325.000 2.742
2330.000 1.961
2335.000 1.913
2340.000 1.415
2345.000 1.205
2350.000 1.055
2355.000 0.904
2360.000 0.742
2365.000 0.712
2370.000 0.767
2375.000 0.617
2380.000 0.556
2385.000 0.504
2390.000 0.461
2395.000 0.449
2400.000 0.376
2405.000 0.403
2410.000 0.426
2415.000 0.353
2420.000 0.349
2425.000 0.324
2430.000 0.302
2435.000 0.290
2440.000 0.272
2445.000 0.266
2450.000 0.257
2455.000 0.251
2460.000 0.241
2465.000 0.238
2470.000 0.225
2475.000 0.228
2480.000 0.220
2485.000 0.217
2490.000 0.213
2495.000 0.201
2500.000 0.204
2505.000 0.199
2510.000 0.188
2515.000 0.196
2520.000 0.186
2525.000 0.190
2530.000 0.185
2535.000 0.182
2540.000 0.186
2545.000 0.183
2550.000 0.184
2555.000 0.189
2560.000 0.179
2565.000 0.185
2570.000 0.187
2575.000 0.182
2580.000 0.183
2585.000 0.187
2590.000 0.196
2595.000 0.190
2600.000 0.191
2605.000 0.196
2610.000 0.194
2615.000 0.206
2620.000 0.195
2625.000 0.203
2630.000 0.202
2635.000 0.200
2640.000 0.213
2645.000 0.201
2650.000 0.209
2655.000 0.222
2660.000 0.220
2665.000 0.226
2670.000 0.230
2675.000 0.234
2680.000 0.237
2685.000 0.231
2690.000 0.237
2695.000 0.240
2700.000 0.237
2705.000 0.243
2710.000 0.241
2715.000 0.249
2720.000 0.253
2725.000 0.267
2730.000 0.260
2735.000 0.269
2740.000 0.268
2745.000 0.276
2750.000 0.285
2755.000 0.282
2760.000 0.284
2765.000 0.286
2770.000 0.293
2775.000 0.296
2780.000 0.298
2785.000 0.308
2790.000 0.312
2795.000 0.321
2800.000 0.321
2805.000 0.327
2810.000 0.327
2815.000 0.331
2820.000 0.336
2825.000 0.339
2830.000 0.347
2835.000 0.362
2840.000 0.350
2845.000 0.359
2850.000 0.359
2855.000 0.358
2860.000 0.364
2865.000 0.368
2870.000 0.367
2875.000 0.374
2880.000 0.377
2885.000 0.377
2890.000 0.381
2895.000 0.379
2900.000 0.382
2905.000 0.389
2910.000 0.388
2915.000 0.388
2920.000 0.390
2925.000 0.392
2930.000 0.389
2935.000 0.398
2940.000 0.397
2945.000 0.390
2950.000 0.395
2955.000 0.401
2960.000 0.400
2965.000 0.394
2970.000 0.397
2975.000 0.397
2980.000 0.394
2985.000 0.396
2990.000 0.395
2995.000 0.398
3000.000 0.398
3005.000 0.393
3010.000 0.394
3015.000 0.397
3020.000 0.389
3025.000 0.389
3030.000 0.384
3035.000 0.384
3040.000 0.387
3045.000 0.387
3050.000 0.389
3055.000 0.385
3060.000 0.385
3065.000 0.379
3070.000 0.381
3075.000 0.378
3080.000 0.375
3085.000 0.378
3090.000 0.377
3095.000 0.376
3100.000 0.373
3105.000 0.374
3110.000 0.371
3115.000 0.368
3120.000 0.367
3125.000 0.368
3130.000 0.372
3135.000 0.371
3140.000 0.371
3145.000 0.363
3150.000 0.366
3155.000 0.364
3160.000 0.361
3165.000 0.362
3170.000 0.364
3175.000 0.365
3180.000 0.358
3185.000 0.360
3190.000 0.360
3195.000 0.359
3200.000 0.360
3205.000 0.358
3210.000 0.358
3215.000 0.363
3220.000 0.360
3225.000 0.360
3230.000 0.363
3235.000 0.361
3240.000 0.361
3245.000 0.362
3250.000 0.357
3255.000 0.367
3260.000 0.361
3265.000 0.369
3270.000 0.369
3275.000 0.368
3280.000 0.362
3285.000 0.368
3290.000 0.363
3295.000 0.370
3300.000 0.376
3305.000 0.373
3310.000 0.371
3315.000 0.377
3320.000 0.380
3325.000 0.383
3330.000 0.381
3335.000 0.382
3340.000 0.385
3345.000 0.385
3350.000 0.393
3355.000 0.393
3360.000 0.393
3365.000 0.400
3370.000 0.400
3375.000 0.408
3380.000 0.408
3385.000 0.413
3390.000 0.415
3395.000 0.421
3400.000 0.418
3405.000 0.431
3410.000 0.427
3415.000 0.437
3420.000 0.442
3425.000 0.443
3430.000 0.447
3435.000 0.457
3440.000 0.456
3445.000 0.468
3450.000 0.472
3455.000 0.477
3460.000 0.489
3465.000 0.496
3470.000 0.503
3475.000 0.509
3480.000 0.521
3485.000 0.529
3490.000 0.530
3495.000 0.540
3500.000 0.555
3505.000 0.558
3510.000 0.575
3515.000 0.590
3520.000 0.595
3525.000 0.617
3530.000 0.626
3535.000 0.643
3540.000 0.659
3545.000 0.678
3550.000 0.693
3555.000 0.708
3560.000 0.730
3565.000 0.753
3570.000 0.782
3575.000 0.805
3580.000 0.838
3585.000 0.873
3590.000 0.909
3595.000 0.945
3600.000 0.991
3605.000 1.032
3610.000 1.092
3615.000 1.122
3620.000 1.179
3625.000 1.250
3630.000 1.339
3635.000 1.426
3640.000 1.534
3645.000 1.669
3650.000 1.811
3655.000 2.001
3660.000 2.228
3665.000 2.507
3670.000 2.677
3675.000 3.086
3680.000 3.721
3685.000 4.545
3690.000 5.739
3695.000 7.560
3700.000 10.308
3705.000 12.876
3710.000 9.747
3715.000 8.055
3720.000 5.436
3725.000 4.152
3730.000 3.738
3735.000 3.099
3740.000 2.665
3745.000 2.325
3750.000 2.048
3755.000 1.831
3760.000 1.661
3765.000 1.501
3770.000 1.388
3775.000 1.280
3780.000 1.193
3785.000 1.115
3790.000 1.051
3795.000 1.015
3800.000 0.962
3805.000 0.905
3810.000 0.856
3815.000 0.817
3820.000 0.782
3825.000 0.744
3830.000 0.711
3835.000 0.684
3840.000 0.658
3845.000 0.630
3850.000 0.611
3855.000 0.601
3860.000 0.578
3865.000 0.562
3870.000 0.543
3875.000 0.526
3880.000 0.512
3885.000 0.491
3890.000 0.472
3895.000 0.463
3900.000 0.455
3905.000 0.434
3910.000 0.434
3915.000 0.426
3920.000 0.416
3925.000 0.402
3930.000 0.392
3935.000 0.382
3940.000 0.374
3945.000 0.362
3950.000 0.357
3955.000 0.352
3960.000 0.344
3965.000 0.335
3970.000 0.329
3975.000 0.323
3980.000 0.321
3985.000 0.313
3990.000 0.307
3995.000 0.299
4000.000 0.296
4005.000 0.294
4010.000 0.286
4015.000 0.279
4020.000 0.285
4025.000 0.275
4030.000 0.268
4035.000 0.267
4040.000 0.264
4045.000 0.264
4050.000 0.258
4055.000 0.252
4060.000 0.253
4065.000 0.248
4070.000 0.245
4075.000 0.237
4080.000 0.236
4085.000 0.231
4090.000 0.235
4095.000 0.234
4100.000 0.223
4105.000 0.225
4110.000 0.221
4115.000 0.216
4120.000 0.219
4125.000 0.216
4130.000 0.214
4135.000 0.211
4140.000 0.207
4145.000 0.202
4150.000 0.203
4155.000 0.198
4160.000 0.198
4165.000 0.191
4170.000 0.189
4175.000 0.190
4180.000 0.188
4185.000 0.180
4190.000 0.180
4195.000 0.178
4200.000 0.175
4205.000 0.176
4210.000 0.164
4215.000 0.174
4220.000 0.166
4225.000 0.164
4230.000 0.163
4235.000 0.159
4240.000 0.158
4245.000 0.154
4250.000 0.152
4255.000 0.151
4260.000 0.149
4265.000 0.152
4270.000 0.147
4275.000 0.146
4280.000 0.143
4285.000 0.149
4290.000 0.149
4295.000 0.145
4300.000 0.146
4305.000 0.144
4310.000 0.145
4315.000 0.145
4320.000 0.147
4325.000 0.146
4330.000 0.146
4335.000 0.144
4340.000 0.145
4345.000 0.147
4350.000 0.141
4355.000 0.145
4360.000 0.145
4365.000 0.143
4370.000 0.144
4375.000 0.146
4380.000 0.145
4385.000 0.143
4390.000 0.144
4395.000 0.141
4400.000 0.145
4405.000 0.139
4410.000 0.146
4415.000 0.142
4420.000 0.147
4425.000 0.144
4430.000 0.140
4435.000 0.141
4440.000 0.146
4445.000 0.145
4450.000 0.141
4455.000 0.144
4460.000 0.142
4465.000 0.142
4470.000 0.143
4475.000 0.147
4480.000 0.144
4485.000 0.145
4490.000 0.143
4495.000 0.143
4500.000 0.145
4505.000 0.147
4510.000 0.144
4515.000 0.146
4520.000 0.144
4525.000 0.144
4530.000 0.143
4535.000 0.147
4540.000 0.144
4545.000 0.144
4550.000 0.150
4555.000 0.148
4560.000 0.149
4565.000 0.147
4570.000 0.149
4575.000 0.148
4580.000 0.149
4585.000 0.155
4590.000 0.153
4595.000 0.152
4600.000 0.149
4605.000 0.154
4610.000 0.154
4615.000 0.151
4620.000 0.151
4625.000 0.154
4630.000 0.160
4635.000 0.156
4640.000 0.160
4645.000 0.158
4650.000 0.159
4655.000 0.161
4660.000 0.165
4665.000 0.165
4670.000 0.167
4675.000 0.167
4680.000 0.171
4685.000 0.168
4690.000 0.173
4695.000 0.175
4700.000 0.180
4705.000 0.181
4710.000 0.184
4715.000 0.187
4720.000 0.180
4725.000 0.189
4730.000 0.184
4735.000 0.189
4740.000 0.191
4745.000 0.200
4750.000 0.202
4755.000 0.202
4760.000 0.205
4765.000 0.203
4770.000 0.213
4775.000 0.216
4780.000 0.219
4785.000 0.224
4790.000 0.232
4795.000 0.233
4800.000 0.242
4805.000 0.239
4810.000 0.246
4815.000 0.252
4820.000 0.255
4825.000 0.270
4830.000 0.272
4835.000 0.281
4840.000 0.284
4845.000 0.294
4850.000 0.301
4855.000 0.312
4860.000 0.324
4865.000 0.338
4870.000 0.351
4875.000 0.367
4880.000 0.375
4885.000 0.387
4890.000 0.400
4895.000 0.423
4900.000 0.444
4905.000 0.468
4910.000 0.493
4915.000 0.520
4920.000 0.554
4925.000 0.594
4930.000 0.633
4935.000 0.680
4940.000 0.732
4945.000 0.764
4950.000 0.827
4955.000 0.885
4960.000 0.943
4965.000 0.946
4970.000 0.892
4975.000 1.729
4980.000 5.387
4985.000 6.230
4990.000 7.073
4995.000 7.110
5000.000 4.903
5005.000 3.330
5010.000 2.794
5015.000 2.130
5020.000 1.799
5025.000 1.511
5030.000 1.283
5035.000 1.139
5040.000 1.016
5045.000 0.918
5050.000 0.839
5055.000 0.768
5060.000 0.714
5065.000 0.667
5070.000 0.638
5075.000 0.608
5080.000 0.566
5085.000 0.541
5090.000 0.511
5095.000 0.487
5100.000 0.465
5105.000 0.451
5110.000 0.436
5115.000 0.413
5120.000 0.397
5125.000 0.390
5130.000 0.383
5135.000 0.370
5140.000 0.362
5145.000 0.354
5150.000 0.341
5155.000 0.333
5160.000 0.329
5165.000 0.318
5170.000 0.316
5175.000 0.306
5180.000 0.298
5185.000 0.297
5190.000 0.290
5195.000 0.285
5200.000 0.282
5205.000 0.276
5210.000 0.274
5215.000 0.270
5220.000 0.265
5225.000 0.268
5230.000 0.256
5235.000 0.258
5240.000 0.253
5245.000 0.251
5250.000 0.250
5255.000 0.243
5260.000 0.246
5265.000 0.238
5270.000 0.237
5275.000 0.232
5280.000 0.231
5285.000 0.232
5290.000 0.228
5295.000 0.221
5300.000 0.222
5305.000 0.220
5310.000 0.219
5315.000 0.214
5320.000 0.213
5325.000 0.213
5330.000 0.209
5335.000 0.208
5340.000 0.201
5345.000 0.205
5350.000 0.199
5355.000 0.195
5360.000 0.193
5365.000 0.195
5370.000 0.192
5375.000 0.195
5380.000 0.189
5385.000 0.190
5390.000 0.177
5395.000 0.183
5400.000 0.181
5405.000 0.179
5410.000 0.180
5415.000 0.179
5420.000 0.175
5425.000 0.175
5430.000 0.170
5435.000 0.169
5440.000 0.166
5445.000 0.168
5450.000 0.161
5455.000 0.165
5460.000 0.160
5465.000 0.155
5470.000 0.152
5475.000 0.152
5480.000 0.149
5485.000 0.154
5490.000 0.152
5495.000 0.145
5500.000 0.152
5505.000 0.144
5510.000 0.141
5515.000 0.143
5520.000 0.138
5525.000 0.141
5530.000 0.134
5535.000 0.136
5540.000 0.132
5545.000 0.130
5550.000 0.133
5555.000 0.129
5560.000 0.125
5565.000 0.127
5570.000 0.127
5575.000 0.129
5580.000 0.124
5585.000 0.116
5590.000 0.122
5595.000 0.117
5600.000 0.122
5605.000 0.123
5610.000 0.116
5615.000 0.114
5620.000 0.119
5625.000 0.110
5630.000 0.111
5635.000 0.116
5640.000 0.109
5645.000 0.104
5650.000 0.114
5655.000 0.109
5660.000 0.107
5665.000 0.107
5670.000 0.108
5675.000 0.103
5680.000 0.105
5685.000 0.102
5690.000 0.103
5695.000 0.102
5700.000 0.100
5705.000 0.102
5710.000 0.105
5715.000 0.097
5720.000 0.101
5725.000 0.097
5730.000 0.103
5735.000 0.094
5740.000 0.099
5745.000 0.094
5750.000 0.094
5755.000 0.095
5760.000 0.100
5765.000 0.095
5770.000 0.097
5775.000 0.097
5780.000 0.092
5785.000 0.093
5790.000 0.093
5795.000 0.095
5800.000 0.096
5805.000 0.089
5810.000 0.090
5815.000 0.094
5820.000 0.088
5825.000 0.094
5830.000 0.092
5835.000 0.092
5840.000 0.092
5845.000 0.084
5850.000 0.095
5855.000 0.093
5860.000 0.090
5865.000 0.091
5870.000 0.089
5875.000 0.087
5880.000 0.092
5885.000 0.092
5890.000 0.092
5895.000 0.090
5900.000 0.095
5905.000 0.098
5910.000 0.122
5915.000 0.157
5920.000 0.098
5925.000 0.092
5930.000 0.105
5935.000 0.105
5940.000 0.094
5945.000 0.097
5950.000 0.086
5955.000 0.098
5960.000 0.094
5965.000 0.095
5970.000 0.099
5975.000 0.101
5980.000 0.107
5985.000 0.100
5990.000 0.097
5995.000 0.102
6000.000 0.102
6005.000 0.100
6010.000 0.103
6015.000 0.107
6020.000 0.099
6025.000 0.106
6030.000 0.103
6035.000 0.107
6040.000 0.106
6045.000 0.111
6050.000 0.109
6055.000 0.109
6060.000 0.108
6065.000 0.113
6070.000 0.109
6075.000 0.109
6080.000 0.109
6085.000 0.121
6090.000 0.115
6095.000 0.118
6100.000 0.116
6105.000 0.124
6110.000 0.122
6115.000 0.124
6120.000 0.123
6125.000 0.129
6130.000 0.135
6135.000 0.136
6140.000 0.138
6145.000 0.136
6150.000 0.142
6155.000 0.145
6160.000 0.146
6165.000 0.152
6170.000 0.150
6175.000 0.158
6180.000 0.170
6185.000 0.177
6190.000 0.178
6195.000 0.193
6200.000 0.219
6205.000 0.224
6210.000 0.255
6215.000 0.290
6220.000 0.352
6225.000 0.398
6230.000 0.521
6235.000 0.731
6240.000 1.103
6245.000 1.570
6250.000 1.992
6255.000 1.785
6260.000 1.412
6265.000 1.192
6270.000 1.071
6275.000 0.965
6280.000 0.928
6285.000 0.872
6290.000 0.845
6295.000 0.788
6300.000 0.723
6305.000 0.665
6310.000 0.611
6315.000 0.556
6320.000 0.505
6325.000 0.456
6330.000 0.446
6335.000 0.412
6340.000 0.390
6345.000 0.372
6350.000 0.357
6355.000 0.340
6360.000 0.325
6365.000 0.316
6370.000 0.307
6375.000 0.297
6380.000 0.335
6385.000 0.298
6390.000 0.279
6395.000 0.278
6400.000 0.268
6405.000 0.269
6410.000 0.267
6415.000 0.267
6420.000 0.265
6425.000 0.270
6430.000 0.273
6435.000 0.273
6440.000 0.273
6445.000 0.275
6450.000 0.287
6455.000 0.290
6460.000 0.298
6465.000 0.307
6470.000 0.314
6475.000 0.333
6480.000 0.339
6485.000 0.356
6490.000 0.365
6495.000 0.386
6500.000 0.405
6505.000 0.436
6510.000 0.465
6515.000 0.501
6520.000 0.539
6525.000 0.599
6530.000 0.625
6535.000 0.696
6540.000 0.793
6545.000 0.898
6550.000 1.072
6555.000 1.310
6560.000 1.697
6565.000 2.369
6570.000 3.718
6575.000 6.041
6580.000 7.989
6585.000 4.333
6590.000 1.958
6595.000 1.778
6600.000 1.108
6605.000 1.274
6610.000 0.932
6615.000 0.758
6620.000 0.695
6625.000 0.624
6630.000 0.564
6635.000 0.518
6640.000 0.494
6645.000 0.436
6650.000 0.427
6655.000 0.410
6660.000 0.385
6665.000 0.364
6670.000 0.345
6675.000 0.326
6680.000 0.315
6685.000 0.297
6690.000 0.286
6695.000 0.279
6700.000 0.269
6705.000 0.261
6710.000 0.257
6715.000 0.248
6720.000 0.238
6725.000 0.236
6730.000 0.228
6735.000 0.229
6740.000 0.212
6745.000 0.215
6750.000 0.209
6755.000 0.206
6760.000 0.202
6765.000 0.194
6770.000 0.194
6775.000 0.193
6780.000 0.188
6785.000 0.190
6790.000 0.187
6795.000 0.179
6800.000 0.179
6805.000 0.177
6810.000 0.171
6815.000 0.176
6820.000 0.173
6825.000 0.169
6830.000 0.166
6835.000 0.167
6840.000 0.169
6845.000 0.169
6850.000 0.163
6855.000 0.166
6860.000 0.161
6865.000 0.161
6870.000 0.155
6875.000 0.164
6880.000 0.161
6885.000 0.158
6890.000 0.159
6895.000 0.154
6900.000 0.155
6905.000 0.158
6910.000 0.157
6915.000 0.151
6920.000 0.158
6925.000 0.155
6930.000 0.154
6935.000 0.160
6940.000 0.157
6945.000 0.159
6950.000 0.162
6955.000 0.153
6960.000 0.155
6965.000 0.158
6970.000 0.162
6975.000 0.154
6980.000 0.166
6985.000 0.160
6990.000 0.157
6995.000 0.153
7000.000 0.160
7005.000 0.157
7010.000 0.158
7015.000 0.164
7020.000 0.162
7025.000 0.166
7030.000 0.164
7035.000 0.168
7040.000 0.167
7045.000 0.165
7050.000 0.169
7055.000 0.165
7060.000 0.172
7065.000 0.172
7070.000 0.172
7075.000 0.169
7080.000 0.173
7085.000 0.174
7090.000 0.173
7095.000 0.179
7100.000 0.178
7105.000 0.181
7110.000 0.184
7115.000 0.188
7120.000 0.188
7125.000 0.189
7130.000 0.192
7135.000 0.189
7140.000 0.191
7145.000 0.200
7150.000 0.200
7155.000 0.200
7160.000 0.204
7165.000 0.204
7170.000 0.214
7175.000 0.214
7180.000 0.219
7185.000 0.217
7190.000 0.221
7195.000 0.228
7200.000 0.231
7205.000 0.234
7210.000 0.238
7215.000 0.242
7220.000 0.247
7225.000 0.252
7230.000 0.255
7235.000 0.264
7240.000 0.266
7245.000 0.269
7250.000 0.279
7255.000 0.287
7260.000 0.293
7265.000 0.295
7270.000 0.306
7275.000 0.307
7280.000 0.317
7285.000 0.331
7290.000 0.340
7295.000 0.345
7300.000 0.360
7305.000 0.369
7310.000 0.379
7315.000 0.395
7320.000 0.406
7325.000 0.419
7330.000 0.430
7335.000 0.448
7340.000 0.471
7345.000 0.490
7350.000 0.514
7355.000 0.541
7360.000 0.569
7365.000 0.600
7370.000 0.636
7375.000 0.674
7380.000 0.696
7385.000 0.751
7390.000 0.796
7395.000 0.864
7400.000 0.938
7405.000 1.034
7410.000 1.148
7415.000 1.268
7420.000 1.435
7425.000 1.648
7430.000 1.937
7435.000 2.314
7440.000 2.547
7445.000 3.119
7450.000 3.814
7455.000 4.400
7460.000 4.251
7465.000 3.327
7470.000 2.380
7475.000 1.619
7480.000 1.266
7485.000 1.364
7490.000 1.322
7495.000 1.238
7500.000 1.111
7505.000 1.059
7510.000 0.952
7515.000 0.861
7520.000 0.788
7525.000 0.735
7530.000 0.671
7535.000 0.621
7540.000 0.583
7545.000 0.557
7550.000 0.515
7555.000 0.494
7560.000 0.466
7565.000 0.456
7570.000 0.432
7575.000 0.409
7580.000 0.398
7585.000 0.374
7590.000 0.358
7595.000 0.343
7600.000 0.326
7605.000 0.320
7610.000 0.307
7615.000 0.298
7620.000 0.289
7625.000 0.283
7630.000 0.274
7635.000 0.270
7640.000 0.252
7645.000 0.247
7650.000 0.240
7655.000 0.233
7660.000 0.220
7665.000 0.221
7670.000 0.212
7675.000 0.210
7680.000 0.201
7685.000 0.197
7690.000 0.187
7695.000 0.186
7700.000 0.180
7705.000 0.177
7710.000 0.170
7715.000 0.170
7720.000 0.163
7725.000 0.157
7730.000 0.152
7735.000 0.151
7740.000 0.145
7745.000 0.143
7750.000 0.138
7755.000 0.136
7760.000 0.129
7765.000 0.127
7770.000 0.121
7775.000 0.123
7780.000 0.110
7785.000 0.111
7790.000 0.113
7795.000 0.108
7800.000 0.101
7805.000 0.096
7810.000 0.095
7815.000 0.087
7820.000 0.088
7825.000 0.082
7830.000 0.083
7835.000 0.075
7840.000 0.071
7845.000 0.067
7850.000 0.064
7855.000 0.058
7860.000 0.049
7865.000 0.049
7870.000 0.051
7875.000 0.042
7880.000 0.038
7885.000 0.039
7890.000 0.029
7895.000 0.019
7900.000 0.016
7905.000 0.014
7910.000 0.007
7915.000 0.006
7920.000 0.012
7925.000 0.024
7930.000 0.022
7935.000 0.035
7940.000 0.038
7945.000 0.052
7950.000 0.065
7955.000 0.072
7960.000 0.087
7965.000 0.099
7970.000 0.117
7975.000 0.140
7980.000 0.151
7985.000 0.176
7990.000 0.191
7995.000 0.213
8000.000 0.242
