2005.000 0.394
2010.000 0.392
2015.000 0.380
2020.000 0.381
2025.000 0.383
2030.000 0.379
2035.000 0.391
2040.000 0.393
2045.000 0.382
2050.000 0.396
2055.000 0.388
2060.000 0.396
2065.000 0.392
2070.000 0.398
2075.000 0.397
2080.000 0.402
2085.000 0.398
2090.000 0.405
2095.000 0.405
2100.000 0.413
2105.000 0.414
2110.000 0.409
2115.000 0.424
2120.000 0.429
2125.000 0.429
2130.000 0.435
2135.000 0.443
2140.000 0.445
2145.000 0.455
2150.000 0.459
2155.000 0.468
2160.000 0.475
2165.000 0.486
2170.000 0.641
2175.000 0.541
2180.000 0.510
2185.000 0.530
2190.000 0.543
2195.000 0.565
2200.000 0.583
2205.000 0.586
2210.000 0.624
2215.000 0.645
2220.000 0.735
2225.000 0.879
2230.000 0.721
2235.000 0.760
2240.000 0.820
2245.000 0.875
2250.000 0.939
2255.000 1.058
2260.000 1.087
2265.000 1.223
2270.000 1.297
2275.000 1.423
2280.000 1.677
2285.000 1.973
2290.000 2.429
2295.000 3.108
2300.000 4.401
2305.000 5.493
2310.000 6.377
2315.000 4.799
2320.000 4.073
2325.000 2.584
2330.000 1.948
2335.000 1.727
2340.000 1.470
2345.000 1.190
2350.000 1.021
2355.000 0.925
2360.000 0.824
2365.000 0.731
2370.000 0.664
2375.000 0.593
2380.000 0.550
2385.000 0.510
2390.000 0.474
2395.000 0.478
2400.000 0.429
2405.000 0.403
2410.000 0.391
2415.000 0.357
2420.000 0.343
2425.000 0.325
2430.000 0.308
2435.000 0.303
2440.000 0.285
2445.000 0.276
2450.000 0.268
2455.000 0.265
2460.000 0.241
2465.000 0.249
2470.000 0.230
2475.000 0.235
2480.000 0.228
2485.000 0.212
2490.000 0.216
2495.000 0.217
2500.000 0.207
2505.000 0.200
2510.000 0.217
2515.000 0.206
2520.000 0.201
2525.000 0.198
2530.000 0.193
2535.000 0.191
2540.000 0.195
2545.000 0.193
2550.000 0.194
2555.000 0.195
2560.000 0.190
2565.000 0.194
2570.000 0.190
2575.000 0.194
2580.000 0.196
2585.000 0.195
2590.000 0.203
2595.000 0.198
2600.000 0.201
2605.000 0.200
2610.000 0.203
2615.000 0.208
2620.000 0.214
2625.000 0.212
2630.000 0.207
2635.000 0.212
2640.000 0.225
2645.000 0.212
2650.000 0.224
2655.000 0.222
2660.000 0.237
2665.000 0.225
2670.000 0.232
2675.000 0.234
2680.000 0.236
2685.000 0.247
2690.000 0.241
2695.000 0.251
2700.000 0.255
2705.000 0.241
2710.000 0.258
2715.000 0.264
2720.000 0.267
2725.000 0.272
2730.000 0.281
2735.000 0.278
2740.000 0.280
2745.000 0.288
2750.000 0.297
2755.000 0.296
2760.000 0.299
2765.000 0.305
2770.000 0.310
2775.000 0.313
2780.000 0.319
2785.000 0.326
2790.000 0.328
2795.000 0.334
2800.000 0.337
2805.000 0.341
2810.000 0.345
2815.000 0.348
2820.000 0.352
2825.000 0.356
2830.000 0.361
2835.000 0.370
2840.000 0.368
2845.000 0.375
2850.000 0.375
2855.000 0.382
2860.000 0.382
2865.000 0.390
2870.000 0.392
2875.000 0.390
2880.000 0.396
2885.000 0.400
2890.000 0.403
2895.000 0.404
2900.000 0.405
2905.000 0.411
2910.000 0.407
2915.000 0.414
2920.000 0.416
2925.000 0.412
2930.000 0.419
2935.000 0.421
2940.000 0.422
2945.000 0.424
2950.000 0.417
2955.000 0.424
2960.000 0.420
2965.000 0.422
2970.000 0.418
2975.000 0.424
2980.000 0.420
2985.000 0.421
2990.000 0.418
2995.000 0.420
3000.000 0.424
3005.000 0.417
3010.000 0.420
3015.000 0.421
3020.000 0.417
3025.000 0.418
3030.000 0.417
3035.000 0.414
3040.000 0.412
3045.000 0.414
3050.000 0.407
3055.000 0.407
3060.000 0.407
3065.000 0.406
3070.000 0.407
3075.000 0.407
3080.000 0.404
3085.000 0.406
3090.000 0.404
3095.000 0.402
3100.000 0.400
3105.000 0.396
3110.000 0.400
3115.000 0.402
3120.000 0.391
3125.000 0.402
3130.000 0.392
3135.000 0.395
3140.000 0.392
3145.000 0.395
3150.000 0.393
3155.000 0.396
3160.000 0.395
3165.000 0.389
3170.000 0.392
3175.000 0.389
3180.000 0.391
3185.000 0.386
3190.000 0.388
3195.000 0.389
3200.000 0.386
3205.000 0.390
3210.000 0.391
3215.000 0.390
3220.000 0.388
3225.000 0.389
3230.000 0.389
3235.000 0.391
3240.000 0.390
3245.000 0.391
3250.000 0.393
3255.000 0.397
3260.000 0.389
3265.000 0.397
3270.000 0.398
3275.000 0.395
3280.000 0.397
3285.000 0.403
3290.000 0.400
3295.000 0.402
3300.000 0.403
3305.000 0.406
3310.000 0.407
3315.000 0.404
3320.000 0.412
3325.000 0.411
3330.000 0.419
3335.000 0.424
3340.000 0.420
3345.000 0.424
3350.000 0.428
3355.000 0.432
3360.000 0.438
3365.000 0.440
3370.000 0.438
3375.000 0.441
3380.000 0.447
3385.000 0.452
3390.000 0.452
3395.000 0.459
3400.000 0.460
3405.000 0.464
3410.000 0.477
3415.000 0.477
3420.000 0.484
3425.000 0.493
3430.000 0.492
3435.000 0.501
3440.000 0.507
3445.000 0.512
3450.000 0.525
3455.000 0.529
3460.000 0.540
3465.000 0.546
3470.000 0.552
3475.000 0.566
3480.000 0.576
3485.000 0.581
3490.000 0.594
3495.000 0.602
3500.000 0.618
3505.000 0.627
3510.000 0.637
3515.000 0.652
3520.000 0.672
3525.000 0.687
3530.000 0.703
3535.000 0.719
3540.000 0.746
3545.000 0.764
3550.000 0.775
3555.000 0.796
3560.000 0.824
3565.000 0.850
3570.000 0.876
3575.000 0.911
3580.000 0.944
3585.000 0.984
3590.000 1.023
3595.000 1.073
3600.000 1.111
3605.000 1.163
3610.000 1.197
3615.000 1.254
3620.000 1.323
3625.000 1.406
3630.000 1.502
3635.000 1.604
3640.000 1.722
3645.000 1.858
3650.000 2.024
3655.000 2.217
3660.000 2.455
3665.000 2.772
3670.000 3.150
3675.000 3.388
3680.000 3.986
3685.000 4.839
3690.000 6.158
3695.000 8.023
3700.000 10.588
3705.000 12.464
3710.000 9.968
3715.000 8.266
3720.000 6.073
3725.000 4.728
3730.000 4.252
3735.000 3.529
3740.000 3.006
3745.000 2.611
3750.000 2.313
3755.000 2.076
3760.000 1.871
3765.000 1.712
3770.000 1.574
3775.000 1.457
3780.000 1.355
3785.000 1.268
3790.000 1.226
3795.000 1.157
3800.000 1.092
3805.000 1.029
3810.000 0.974
3815.000 0.926
3820.000 0.889
3825.000 0.851
3830.000 0.813
3835.000 0.778
3840.000 0.742
3845.000 0.717
3850.000 0.695
3855.000 0.681
3860.000 0.659
3865.000 0.638
3870.000 0.612
3875.000 0.597
3880.000 0.579
3885.000 0.563
3890.000 0.543
3895.000 0.526
3900.000 0.516
3905.000 0.501
3910.000 0.490
3915.000 0.479
3920.000 0.471
3925.000 0.462
3930.000 0.450
3935.000 0.440
3940.000 0.427
3945.000 0.416
3950.000 0.410
3955.000 0.399
3960.000 0.394
3965.000 0.384
3970.000 0.385
3975.000 0.374
3980.000 0.368
3985.000 0.362
3990.000 0.357
3995.000 0.351
4000.000 0.347
4005.000 0.340
4010.000 0.333
4015.000 0.330
4020.000 0.318
4025.000 0.319
4030.000 0.314
4035.000 0.316
4040.000 0.311
4045.000 0.308
4050.000 0.301
4055.000 0.295
4060.000 0.297
4065.000 0.292
4070.000 0.288
4075.000 0.284
4080.000 0.281
4085.000 0.275
4090.000 0.273
4095.000 0.269
4100.000 0.267
4105.000 0.267
4110.000 0.261
4115.000 0.260
4120.000 0.258
4125.000 0.253
4130.000 0.251
4135.000 0.250
4140.000 0.249
4145.000 0.241
4150.000 0.239
4155.000 0.232
4160.000 0.232
4165.000 0.229
4170.000 0.229
4175.000 0.225
4180.000 0.222
4185.000 0.224
4190.000 0.217
4195.000 0.212
4200.000 0.210
4205.000 0.208
4210.000 0.201
4215.000 0.205
4220.000 0.198
4225.000 0.197
4230.000 0.191
4235.000 0.191
4240.000 0.183
4245.000 0.189
4250.000 0.183
4255.000 0.179
4260.000 0.180
4265.000 0.183
4270.000 0.176
4275.000 0.175
4280.000 0.182
4285.000 0.179
4290.000 0.179
4295.000 0.179
4300.000 0.177
4305.000 0.179
4310.000 0.178
4315.000 0.177
4320.000 0.174
4325.000 0.182
4330.000 0.177
4335.000 0.178
4340.000 0.177
4345.000 0.180
4350.000 0.176
4355.000 0.179
4360.000 0.178
4365.000 0.179
4370.000 0.182
4375.000 0.183
4380.000 0.180
4385.000 0.170
4390.000 0.174
4395.000 0.178
4400.000 0.180
4405.000 0.181
4410.000 0.178
4415.000 0.182
4420.000 0.176
4425.000 0.182
4430.000 0.178
4435.000 0.177
4440.000 0.179
4445.000 0.174
4450.000 0.179
4455.000 0.179
4460.000 0.179
4465.000 0.180
4470.000 0.183
4475.000 0.178
4480.000 0.178
4485.000 0.185
4490.000 0.182
4495.000 0.184
4500.000 0.185
4505.000 0.187
4510.000 0.184
4515.000 0.185
4520.000 0.186
4525.000 0.182
4530.000 0.186
4535.000 0.190
4540.000 0.185
4545.000 0.190
4550.000 0.186
4555.000 0.193
4560.000 0.191
4565.000 0.189
4570.000 0.191
4575.000 0.190
4580.000 0.189
4585.000 0.197
4590.000 0.194
4595.000 0.199
4600.000 0.199
4605.000 0.201
4610.000 0.203
4615.000 0.198
4620.000 0.202
4625.000 0.202
4630.000 0.202
4635.000 0.207
4640.000 0.206
4645.000 0.211
4650.000 0.212
4655.000 0.211
4660.000 0.216
4665.000 0.212
4670.000 0.220
4675.000 0.221
4680.000 0.222
4685.000 0.224
4690.000 0.231
4695.000 0.231
4700.000 0.232
4705.000 0.236
4710.000 0.238
4715.000 0.244
4720.000 0.245
4725.000 0.247
4730.000 0.251
4735.000 0.256
4740.000 0.258
4745.000 0.260
4750.000 0.264
4755.000 0.273
4760.000 0.275
4765.000 0.277
4770.000 0.283
4775.000 0.288
4780.000 0.298
4785.000 0.299
4790.000 0.307
4795.000 0.313
4800.000 0.321
4805.000 0.326
4810.000 0.337
4815.000 0.348
4820.000 0.361
4825.000 0.360
4830.000 0.368
4835.000 0.375
4840.000 0.392
4845.000 0.404
4850.000 0.417
4855.000 0.433
4860.000 0.447
4865.000 0.460
4870.000 0.488
4875.000 0.500
4880.000 0.527
4885.000 0.551
4890.000 0.562
4895.000 0.591
4900.000 0.614
4905.000 0.647
4910.000 0.686
4915.000 0.729
4920.000 0.776
4925.000 0.838
4930.000 0.900
4935.000 0.972
4940.000 1.052
4945.000 1.099
4950.000 1.198
4955.000 1.305
4960.000 1.428
4965.000 1.501
4970.000 1.486
4975.000 2.263
4980.000 6.390
4985.000 7.326
4990.000 8.596
4995.000 9.196
5000.000 7.529
5005.000 4.558
5010.000 4.308
5015.000 3.150
5020.000 2.619
5025.000 2.176
5030.000 1.864
5035.000 1.647
5040.000 1.465
5045.000 1.338
5050.000 1.222
5055.000 1.117
5060.000 1.041
5065.000 0.974
5070.000 0.945
5075.000 0.880
5080.000 0.831
5085.000 0.798
5090.000 0.755
5095.000 0.721
5100.000 0.695
5105.000 0.662
5110.000 0.643
5115.000 0.621
5120.000 0.601
5125.000 0.586
5130.000 0.564
5135.000 0.558
5140.000 0.540
5145.000 0.533
5150.000 0.521
5155.000 0.505
5160.000 0.493
5165.000 0.483
5170.000 0.480
5175.000 0.463
5180.000 0.466
5185.000 0.449
5190.000 0.447
5195.000 0.444
5200.000 0.438
5205.000 0.433
5210.000 0.429
5215.000 0.419
5220.000 0.412
5225.000 0.410
5230.000 0.407
5235.000 0.406
5240.000 0.398
5245.000 0.393
5250.000 0.394
5255.000 0.387
5260.000 0.381
5265.000 0.377
5270.000 0.375
5275.000 0.372
5280.000 0.370
5285.000 0.365
5290.000 0.363
5295.000 0.367
5300.000 0.360
5305.000 0.356
5310.000 0.355
5315.000 0.358
5320.000 0.348
5325.000 0.347
5330.000 0.342
5335.000 0.342
5340.000 0.336
5345.000 0.334
5350.000 0.333
5355.000 0.336
5360.000 0.328
5365.000 0.329
5370.000 0.321
5375.000 0.322
5380.000 0.324
5385.000 0.316
5390.000 0.314
5395.000 0.314
5400.000 0.308
5405.000 0.307
5410.000 0.309
5415.000 0.302
5420.000 0.301
5425.000 0.303
5430.000 0.299
5435.000 0.297
5440.000 0.291
5445.000 0.284
5450.000 0.287
5455.000 0.279
5460.000 0.285
5465.000 0.278
5470.000 0.285
5475.000 0.277
5480.000 0.281
5485.000 0.279
5490.000 0.269
5495.000 0.268
5500.000 0.275
5505.000 0.265
5510.000 0.268
5515.000 0.265
5520.000 0.263
5525.000 0.264
5530.000 0.254
5535.000 0.255
5540.000 0.252
5545.000 0.249
5550.000 0.249
5555.000 0.248
5560.000 0.248
5565.000 0.248
5570.000 0.246
5575.000 0.245
5580.000 0.238
5585.000 0.243
5590.000 0.237
5595.000 0.239
5600.000 0.232
5605.000 0.234
5610.000 0.234
5615.000 0.230
5620.000 0.231
5625.000 0.237
5630.000 0.231
5635.000 0.227
5640.000 0.233
5645.000 0.224
5650.000 0.226
5655.000 0.229
5660.000 0.221
5665.000 0.228
5670.000 0.221
5675.000 0.223
5680.000 0.222
5685.000 0.218
5690.000 0.219
5695.000 0.216
5700.000 0.221
5705.000 0.220
5710.000 0.225
5715.000 0.219
5720.000 0.221
5725.000 0.220
5730.000 0.222
5735.000 0.218
5740.000 0.220
5745.000 0.218
5750.000 0.217
5755.000 0.221
5760.000 0.225
5765.000 0.219
5770.000 0.220
5775.000 0.220
5780.000 0.222
5785.000 0.222
5790.000 0.219
5795.000 0.221
5800.000 0.223
5805.000 0.224
5810.000 0.225
5815.000 0.228
5820.000 0.224
5825.000 0.222
5830.000 0.229
5835.000 0.228
5840.000 0.234
5845.000 0.230
5850.000 0.231
5855.000 0.231
5860.000 0.234
5865.000 0.235
5870.000 0.239
5875.000 0.234
5880.000 0.239
5885.000 0.244
5890.000 0.247
5895.000 0.243
5900.000 0.249
5905.000 0.252
5910.000 0.246
5915.000 0.251
5920.000 0.254
5925.000 0.252
5930.000 0.257
5935.000 0.260
5940.000 0.262
5945.000 0.263
5950.000 0.270
5955.000 0.273
5960.000 0.271
5965.000 0.274
5970.000 0.278
5975.000 0.288
5980.000 0.285
5985.000 0.292
5990.000 0.294
5995.000 0.298
6000.000 0.300
6005.000 0.308
6010.000 0.310
6015.000 0.318
6020.000 0.321
6025.000 0.327
6030.000 0.329
6035.000 0.331
6040.000 0.342
6045.000 0.344
6050.000 0.352
6055.000 0.349
6060.000 0.366
6065.000 0.375
6070.000 0.375
6075.000 0.390
6080.000 0.394
6085.000 0.395
6090.000 0.411
6095.000 0.426
6100.000 0.429
6105.000 0.435
6110.000 0.460
6115.000 0.472
6120.000 0.482
6125.000 0.510
6130.000 0.523
6135.000 0.540
6140.000 0.564
6145.000 0.583
6150.000 0.617
6155.000 0.645
6160.000 0.681
6165.000 0.702
6170.000 0.739
6175.000 0.787
6180.000 0.847
6185.000 0.904
6190.000 0.978
6195.000 1.068
6200.000 1.174
6205.000 1.310
6210.000 1.479
6215.000 1.710
6220.000 2.013
6225.000 2.189
6230.000 2.632
6235.000 3.125
6240.000 3.429
6245.000 3.366
6250.000 3.093
6255.000 1.615
6260.000 0.984
6265.000 1.005
6270.000 0.990
6275.000 1.022
6280.000 1.069
6285.000 1.089
6290.000 1.118
6295.000 1.132
6300.000 1.124
6305.000 1.103
6310.000 1.059
6315.000 1.012
6320.000 0.972
6325.000 0.923
6330.000 0.880
6335.000 0.834
6340.000 0.803
6345.000 0.769
6350.000 0.755
6355.000 0.726
6360.000 0.695
6365.000 0.673
6370.000 0.654
6375.000 0.634
6380.000 0.617
6385.000 0.600
6390.000 0.585
6395.000 0.569
6400.000 0.562
6405.000 0.556
6410.000 0.545
6415.000 0.539
6420.000 0.538
6425.000 0.531
6430.000 0.528
6435.000 0.524
6440.000 0.520
6445.000 0.523
6450.000 0.524
6455.000 0.504
6460.000 0.527
6465.000 0.525
6470.000 0.531
6475.000 0.544
6480.000 0.551
6485.000 0.567
6490.000 0.580
6495.000 0.599
6500.000 0.616
6505.000 0.642
6510.000 0.676
6515.000 0.706
6520.000 0.749
6525.000 0.812
6530.000 0.840
6535.000 0.923
6540.000 1.022
6545.000 1.167
6550.000 1.360
6555.000 1.672
6560.000 2.157
6565.000 3.032
6570.000 4.822
6575.000 8.005
6580.000 9.509
6585.000 0.687
6590.000 3.926
6595.000 1.990
6600.000 1.103
6605.000 1.020
6610.000 0.806
6615.000 0.626
6620.000 0.565
6625.000 0.494
6630.000 0.427
6635.000 0.385
6640.000 0.349
6645.000 0.315
6650.000 0.288
6655.000 0.275
6660.000 0.252
6665.000 0.234
6670.000 0.218
6675.000 0.199
6680.000 0.188
6685.000 0.177
6690.000 0.163
6695.000 0.154
6700.000 0.145
6705.000 0.135
6710.000 0.135
6715.000 0.123
6720.000 0.122
6725.000 0.115
6730.000 0.110
6735.000 0.104
6740.000 0.100
6745.000 0.097
6750.000 0.089
6755.000 0.091
6760.000 0.082
6765.000 0.082
6770.000 0.076
6775.000 0.076
6780.000 0.074
6785.000 0.070
6790.000 0.066
6795.000 0.070
6800.000 0.065
6805.000 0.060
6810.000 0.056
6815.000 0.056
6820.000 0.052
6825.000 0.057
6830.000 0.055
6835.000 0.056
6840.000 0.050
6845.000 0.055
6850.000 0.048
6855.000 0.052
6860.000 0.047
6865.000 0.050
6870.000 0.043
6875.000 0.044
6880.000 0.044
6885.000 0.041
6890.000 0.040
6895.000 0.042
6900.000 0.046
6905.000 0.042
6910.000 0.040
6915.000 0.044
6920.000 0.039
6925.000 0.035
6930.000 0.036
6935.000 0.038
6940.000 0.035
6945.000 0.031
6950.000 0.030
6955.000 0.034
6960.000 0.038
6965.000 0.030
6970.000 0.033
6975.000 0.029
6980.000 0.034
6985.000 0.033
6990.000 0.033
6995.000 0.034
7000.000 0.031
7005.000 0.030
7010.000 0.035
7015.000 0.028
7020.000 0.031
7025.000 0.033
7030.000 0.032
7035.000 0.028
7040.000 0.037
7045.000 0.031
7050.000 0.034
7055.000 0.030
7060.000 0.031
7065.000 0.028
7070.000 0.028
7075.000 0.031
7080.000 0.031
7085.000 0.028
7090.000 0.031
7095.000 0.033
7100.000 0.031
7105.000 0.031
7110.000 0.030
7115.000 0.032
7120.000 0.041
7125.000 0.029
7130.000 0.029
7135.000 0.030
7140.000 0.028
7145.000 0.036
7150.000 0.033
7155.000 0.032
7160.000 0.032
7165.000 0.034
7170.000 0.035
7175.000 0.034
7180.000 0.035
7185.000 0.028
7190.000 0.034
7195.000 0.029
7200.000 0.028
7205.000 0.035
7210.000 0.034
7215.000 0.037
7220.000 0.035
7225.000 0.036
7230.000 0.037
7235.000 0.035
7240.000 0.036
7245.000 0.034
7250.000 0.039
7255.000 0.037
7260.000 0.031
7265.000 0.042
7270.000 0.039
7275.000 0.040
7280.000 0.044
7285.000 0.043
7290.000 0.038
7295.000 0.039
7300.000 0.043
7305.000 0.048
7310.000 0.045
7315.000 0.046
7320.000 0.046
7325.000 0.049
7330.000 0.053
7335.000 0.048
7340.000 0.055
7345.000 0.059
7350.000 0.059
7355.000 0.060
7360.000 0.058
7365.000 0.064
7370.000 0.069
7375.000 0.063
7380.000 0.073
7385.000 0.070
7390.000 0.078
7395.000 0.082
7400.000 0.087
7405.000 0.098
7410.000 0.104
7415.000 0.115
7420.000 0.129
7425.000 0.148
7430.000 0.178
7435.000 0.215
7440.000 0.239
7445.000 0.309
7450.000 0.393
7455.000 0.492
7460.000 0.563
7465.000 0.599
7470.000 0.629
7475.000 0.669
7480.000 0.607
7485.000 0.433
7490.000 0.246
7495.000 0.204
7500.000 0.174
7505.000 0.129
7510.000 0.099
7515.000 0.074
7520.000 0.061
7525.000 0.051
7530.000 0.038
7535.000 0.034
7540.000 0.028
7545.000 0.028
7550.000 0.018
7555.000 0.013
7560.000 0.012
7565.000 0.012
7570.000 0.012
7575.000 0.006
7580.000 0.008
7585.000 0.011
7590.000 0.008
7595.000 0.011
7600.000 0.011
7605.000 0.012
7610.000 0.013
7615.000 0.012
7620.000 0.017
7625.000 0.014
7630.000 0.017
7635.000 0.018
7640.000 0.019
7645.000 0.021
7650.000 0.022
7655.000 0.026
7660.000 0.027
7665.000 0.029
7670.000 0.029
7675.000 0.026
7680.000 0.028
7685.000 0.027
7690.000 0.032
7695.000 0.034
7700.000 0.032
7705.000 0.037
7710.000 0.039
7715.000 0.041
7720.000 0.040
7725.000 0.036
7730.000 0.047
7735.000 0.050
7740.000 0.046
7745.000 0.046
7750.000 0.050
7755.000 0.047
7760.000 0.055
7765.000 0.050
7770.000 0.056
7775.000 0.058
7780.000 0.061
7785.000 0.060
7790.000 0.062
7795.000 0.065
7800.000 0.070
7805.000 0.069
7810.000 0.075
7815.000 0.074
7820.000 0.074
7825.000 0.078
7830.000 0.083
7835.000 0.088
7840.000 0.087
7845.000 0.093
7850.000 0.092
7855.000 0.097
7860.000 0.102
7865.000 0.106
7870.000 0.109
7875.000 0.113
7880.000 0.115
7885.000 0.122
7890.000 0.126
7895.000 0.132
7900.000 0.138
7905.000 0.147
7910.000 0.151
7915.000 0.158
7920.000 0.171
7925.000 0.172
7930.000 0.178
7935.000 0.188
7940.000 0.203
7945.000 0.211
7950.000 0.220
7955.000 0.236
7960.000 0.247
7965.000 0.270
7970.000 0.289
7975.000 0.309
7980.000 0.330
7985.000 0.352
7990.000 0.366
7995.000 0.400
8000.000 0.435
