2005.000 0.083
2010.000 0.080
2015.000 0.084
2020.000 0.081
2025.000 0.080
2030.000 0.079
2035.000 0.077
2040.000 0.073
2045.000 0.065
2050.000 0.071
2055.000 0.071
2060.000 0.063
2065.000 0.066
2070.000 0.066
2075.000 0.063
2080.000 0.069
2085.000 0.063
2090.000 0.057
2095.000 0.062
2100.000 0.062
2105.000 0.055
2110.000 0.056
2115.000 0.053
2120.000 0.055
2125.000 0.053
2130.000 0.050
2135.000 0.052
2140.000 0.052
2145.000 0.050
2150.000 0.050
2155.000 0.046
2160.000 0.052
2165.000 0.052
2170.000 0.041
2175.000 0.053
2180.000 0.048
2185.000 0.045
2190.000 0.041
2195.000 0.061
2200.000 0.047
2205.000 0.032
2210.000 0.037
2215.000 0.053
2220.000 0.027
2225.000 0.040
2230.000 0.037
2235.000 0.033
2240.000 0.029
2245.000 0.018
2250.000 0.020
2255.000 0.028
2260.000 0.033
2265.000 0.054
2270.000 0.057
2275.000 0.091
2280.000 0.165
2285.000 0.224
2290.000 0.410
2295.000 0.863
2300.000 1.217
2305.000 2.690
2310.000 4.833
2315.000 3.910
2320.000 0.917
2325.000 0.510
2330.000 0.210
2335.000 0.138
2340.000 0.101
2345.000 0.081
2350.000 0.039
2355.000 0.098
2360.000 0.037
2365.000 0.023
2370.000 0.031
2375.000 0.021
2380.000 0.022
2385.000 0.041
2390.000 0.036
2395.000 0.027
2400.000 0.017
2405.000 0.017
2410.000 0.021
2415.000 0.019
2420.000 0.027
2425.000 0.046
2430.000 0.038
2435.000 0.019
2440.000 0.017
2445.000 0.025
2450.000 0.038
2455.000 0.029
2460.000 0.019
2465.000 0.024
2470.000 0.029
2475.000 0.036
2480.000 0.023
2485.000 0.019
2490.000 0.017
2495.000 0.021
2500.000 0.024
2505.000 0.023
2510.000 0.024
2515.000 0.024
2520.000 0.026
2525.000 0.025
2530.000 0.029
2535.000 0.023
2540.000 0.029
2545.000 0.029
2550.000 0.028
2555.000 0.030
2560.000 0.029
2565.000 0.030
2570.000 0.032
2575.000 0.033
2580.000 0.035
2585.000 0.037
2590.000 0.034
2595.000 0.037
2600.000 0.039
2605.000 0.041
2610.000 0.038
2615.000 0.036
2620.000 0.040
2625.000 0.040
2630.000 0.043
2635.000 0.044
2640.000 0.046
2645.000 0.052
2650.000 0.053
2655.000 0.050
2660.000 0.049
2665.000 0.053
2670.000 0.053
2675.000 0.054
2680.000 0.055
2685.000 0.053
2690.000 0.061
2695.000 0.064
2700.000 0.066
2705.000 0.068
2710.000 0.070
2715.000 0.065
2720.000 0.071
2725.000 0.072
2730.000 0.076
2735.000 0.078
2740.000 0.078
2745.000 0.085
2750.000 0.081
2755.000 0.079
2760.000 0.092
2765.000 0.088
2770.000 0.094
2775.000 0.097
2780.000 0.098
2785.000 0.098
2790.000 0.103
2795.000 0.101
2800.000 0.109
2805.000 0.110
2810.000 0.110
2815.000 0.114
2820.000 0.117
2825.000 0.120
2830.000 0.123
2835.000 0.124
2840.000 0.127
2845.000 0.125
2850.000 0.132
2855.000 0.132
2860.000 0.134
2865.000 0.139
2870.000 0.142
2875.000 0.140
2880.000 0.148
2885.000 0.148
2890.000 0.150
2895.000 0.150
2900.000 0.151
2905.000 0.158
2910.000 0.156
2915.000 0.160
2920.000 0.161
2925.000 0.157
2930.000 0.167
2935.000 0.163
2940.000 0.162
2945.000 0.171
2950.000 0.166
2955.000 0.173
2960.000 0.172
2965.000 0.175
2970.000 0.171
2975.000 0.174
2980.000 0.180
2985.000 0.179
2990.000 0.180
2995.000 0.181
3000.000 0.178
3005.000 0.180
3010.000 0.182
3015.000 0.185
3020.000 0.185
3025.000 0.184
3030.000 0.184
3035.000 0.191
3040.000 0.184
3045.000 0.188
3050.000 0.189
3055.000 0.189
3060.000 0.192
3065.000 0.188
3070.000 0.188
3075.000 0.191
3080.000 0.192
3085.000 0.190
3090.000 0.194
3095.000 0.195
3100.000 0.191
3105.000 0.192
3110.000 0.196
3115.000 0.194
3120.000 0.195
3125.000 0.198
3130.000 0.191
3135.000 0.193
3140.000 0.198
3145.000 0.199
3150.000 0.203
3155.000 0.200
3160.000 0.201
3165.000 0.201
3170.000 0.205
3175.000 0.202
3180.000 0.201
3185.000 0.203
3190.000 0.204
3195.000 0.208
3200.000 0.204
3205.000 0.208
3210.000 0.208
3215.000 0.209
3220.000 0.210
3225.000 0.209
3230.000 0.211
3235.000 0.211
3240.000 0.218
3245.000 0.215
3250.000 0.220
3255.000 0.218
3260.000 0.221
3265.000 0.222
3270.000 0.222
3275.000 0.222
3280.000 0.223
3285.000 0.225
3290.000 0.227
3295.000 0.230
3300.000 0.232
3305.000 0.238
3310.000 0.236
3315.000 0.233
3320.000 0.237
3325.000 0.244
3330.000 0.246
3335.000 0.251
3340.000 0.251
3345.000 0.250
3350.000 0.250
3355.000 0.254
3360.000 0.258
3365.000 0.261
3370.000 0.263
3375.000 0.271
3380.000 0.272
3385.000 0.272
3390.000 0.279
3395.000 0.283
3400.000 0.283
3405.000 0.289
3410.000 0.289
3415.000 0.296
3420.000 0.297
3425.000 0.306
3430.000 0.303
3435.000 0.318
3440.000 0.317
3445.000 0.325
3450.000 0.330
3455.000 0.336
3460.000 0.339
3465.000 0.342
3470.000 0.352
3475.000 0.355
3480.000 0.359
3485.000 0.370
3490.000 0.377
3495.000 0.383
3500.000 0.388
3505.000 0.404
3510.000 0.413
3515.000 0.425
3520.000 0.437
3525.000 0.445
3530.000 0.455
3535.000 0.470
3540.000 0.483
3545.000 0.499
3550.000 0.510
3555.000 0.527
3560.000 0.548
3565.000 0.563
3570.000 0.588
3575.000 0.604
3580.000 0.623
3585.000 0.648
3590.000 0.675
3595.000 0.702
3600.000 0.741
3605.000 0.776
3610.000 0.816
3615.000 0.855
3620.000 0.908
3625.000 0.965
3630.000 1.041
3635.000 1.113
3640.000 1.198
3645.000 1.250
3650.000 1.359
3655.000 1.493
3660.000 1.660
3665.000 1.852
3670.000 2.114
3675.000 2.445
3680.000 2.855
3685.000 3.415
3690.000 4.392
3695.000 7.237
3700.000 12.781
3705.000 14.039
3710.000 10.059
3715.000 5.869
3720.000 4.300
3725.000 3.313
3730.000 2.691
3735.000 2.287
3740.000 1.968
3745.000 1.733
3750.000 1.547
3755.000 1.380
3760.000 1.277
3765.000 1.158
3770.000 1.118
3775.000 1.040
3780.000 0.968
3785.000 0.896
3790.000 0.842
3795.000 0.798
3800.000 0.752
3805.000 0.714
3810.000 0.680
3815.000 0.649
3820.000 0.618
3825.000 0.609
3830.000 0.583
3835.000 0.557
3840.000 0.536
3845.000 0.516
3850.000 0.493
3855.000 0.479
3860.000 0.459
3865.000 0.448
3870.000 0.432
3875.000 0.422
3880.000 0.409
3885.000 0.404
3890.000 0.394
3895.000 0.378
3900.000 0.368
3905.000 0.363
3910.000 0.355
3915.000 0.341
3920.000 0.335
3925.000 0.324
3930.000 0.315
3935.000 0.313
3940.000 0.301
3945.000 0.299
3950.000 0.294
3955.000 0.290
3960.000 0.286
3965.000 0.271
3970.000 0.272
3975.000 0.267
3980.000 0.263
3985.000 0.259
3990.000 0.251
3995.000 0.248
4000.000 0.247
4005.000 0.243
4010.000 0.239
4015.000 0.232
4020.000 0.227
4025.000 0.226
4030.000 0.227
4035.000 0.224
4040.000 0.220
4045.000 0.216
4050.000 0.216
4055.000 0.206
4060.000 0.206
4065.000 0.204
4070.000 0.206
4075.000 0.199
4080.000 0.199
4085.000 0.194
4090.000 0.197
4095.000 0.190
4100.000 0.188
4105.000 0.189
4110.000 0.178
4115.000 0.186
4120.000 0.177
4125.000 0.179
4130.000 0.175
4135.000 0.177
4140.000 0.180
4145.000 0.171
4150.000 0.170
4155.000 0.165
4160.000 0.165
4165.000 0.160
4170.000 0.160
4175.000 0.157
4180.000 0.157
4185.000 0.155
4190.000 0.151
4195.000 0.150
4200.000 0.152
4205.000 0.142
4210.000 0.137
4215.000 0.140
4220.000 0.133
4225.000 0.136
4230.000 0.131
4235.000 0.131
4240.000 0.125
4245.000 0.127
4250.000 0.121
4255.000 0.122
4260.000 0.123
4265.000 0.121
4270.000 0.118
4275.000 0.119
4280.000 0.119
4285.000 0.116
4290.000 0.119
4295.000 0.114
4300.000 0.122
4305.000 0.114
4310.000 0.116
4315.000 0.122
4320.000 0.113
4325.000 0.112
4330.000 0.117
4335.000 0.111
4340.000 0.111
4345.000 0.117
4350.000 0.115
4355.000 0.119
4360.000 0.108
4365.000 0.111
4370.000 0.110
4375.000 0.114
4380.000 0.113
4385.000 0.114
4390.000 0.112
4395.000 0.112
4400.000 0.109
4405.000 0.113
4410.000 0.111
4415.000 0.108
4420.000 0.105
4425.000 0.107
4430.000 0.104
4435.000 0.106
4440.000 0.110
4445.000 0.113
4450.000 0.105
4455.000 0.110
4460.000 0.106
4465.000 0.104
4470.000 0.106
4475.000 0.105
4480.000 0.105
4485.000 0.105
4490.000 0.104
4495.000 0.107
4500.000 0.107
4505.000 0.102
4510.000 0.106
4515.000 0.099
4520.000 0.103
4525.000 0.106
4530.000 0.106
4535.000 0.100
4540.000 0.105
4545.000 0.098
4550.000 0.103
4555.000 0.102
4560.000 0.103
4565.000 0.105
4570.000 0.106
4575.000 0.102
4580.000 0.104
4585.000 0.103
4590.000 0.105
4595.000 0.097
4600.000 0.102
4605.000 0.103
4610.000 0.101
4615.000 0.099
4620.000 0.099
4625.000 0.106
4630.000 0.104
4635.000 0.103
4640.000 0.102
4645.000 0.100
4650.000 0.099
4655.000 0.099
4660.000 0.103
4665.000 0.109
4670.000 0.104
4675.000 0.102
4680.000 0.105
4685.000 0.103
4690.000 0.102
4695.000 0.102
4700.000 0.104
4705.000 0.104
4710.000 0.098
4715.000 0.107
4720.000 0.107
4725.000 0.105
4730.000 0.108
4735.000 0.110
4740.000 0.108
4745.000 0.113
4750.000 0.111
4755.000 0.107
4760.000 0.107
4765.000 0.111
4770.000 0.114
4775.000 0.114
4780.000 0.116
4785.000 0.117
4790.000 0.114
4795.000 0.120
4800.000 0.118
4805.000 0.119
4810.000 0.120
4815.000 0.125
4820.000 0.129
4825.000 0.126
4830.000 0.129
4835.000 0.136
4840.000 0.135
4845.000 0.134
4850.000 0.141
4855.000 0.145
4860.000 0.145
4865.000 0.151
4870.000 0.154
4875.000 0.157
4880.000 0.168
4885.000 0.170
4890.000 0.179
4895.000 0.180
4900.000 0.190
4905.000 0.199
4910.000 0.211
4915.000 0.226
4920.000 0.236
4925.000 0.246
4930.000 0.268
4935.000 0.300
4940.000 0.329
4945.000 0.384
4950.000 0.454
4955.000 0.569
4960.000 0.759
4965.000 1.157
4970.000 1.977
4975.000 2.957
4980.000 1.212
4985.000 1.377
4990.000 0.906
4995.000 1.230
5000.000 0.424
5005.000 0.509
5010.000 0.223
5015.000 0.239
5020.000 0.178
5025.000 0.126
5030.000 0.108
5035.000 0.098
5040.000 0.085
5045.000 0.073
5050.000 0.064
5055.000 0.059
5060.000 0.049
5065.000 0.045
5070.000 0.033
5075.000 0.037
5080.000 0.028
5085.000 0.030
5090.000 0.026
5095.000 0.029
5100.000 0.025
5105.000 0.027
5110.000 0.030
5115.000 0.027
5120.000 0.039
5125.000 0.030
5130.000 0.037
5135.000 0.038
5140.000 0.041
5145.000 0.042
5150.000 0.046
5155.000 0.048
5160.000 0.049
5165.000 0.053
5170.000 0.050
5175.000 0.049
5180.000 0.055
5185.000 0.060
5190.000 0.061
5195.000 0.063
5200.000 0.067
5205.000 0.068
5210.000 0.071
5215.000 0.076
5220.000 0.070
5225.000 0.073
5230.000 0.079
5235.000 0.080
5240.000 0.076
5245.000 0.085
5250.000 0.087
5255.000 0.087
5260.000 0.096
5265.000 0.093
5270.000 0.094
5275.000 0.097
5280.000 0.096
5285.000 0.097
5290.000 0.100
5295.000 0.107
5300.000 0.102
5305.000 0.104
5310.000 0.114
5315.000 0.111
5320.000 0.112
5325.000 0.114
5330.000 0.118
5335.000 0.120
5340.000 0.125
5345.000 0.116
5350.000 0.121
5355.000 0.123
5360.000 0.128
5365.000 0.127
5370.000 0.133
5375.000 0.129
5380.000 0.134
5385.000 0.134
5390.000 0.133
5395.000 0.143
5400.000 0.144
5405.000 0.141
5410.000 0.144
5415.000 0.141
5420.000 0.140
5425.000 0.143
5430.000 0.149
5435.000 0.149
5440.000 0.154
5445.000 0.150
5450.000 0.157
5455.000 0.154
5460.000 0.159
5465.000 0.158
5470.000 0.158
5475.000 0.164
5480.000 0.163
5485.000 0.160
5490.000 0.165
5495.000 0.164
5500.000 0.162
5505.000 0.165
5510.000 0.163
5515.000 0.167
5520.000 0.174
5525.000 0.168
5530.000 0.173
5535.000 0.173
5540.000 0.176
5545.000 0.179
5550.000 0.179
5555.000 0.183
5560.000 0.181
5565.000 0.181
5570.000 0.183
5575.000 0.178
5580.000 0.189
5585.000 0.186
5590.000 0.184
5595.000 0.189
5600.000 0.188
5605.000 0.191
5610.000 0.189
5615.000 0.194
5620.000 0.194
5625.000 0.195
5630.000 0.195
5635.000 0.202
5640.000 0.205
5645.000 0.199
5650.000 0.200
5655.000 0.205
5660.000 0.207
5665.000 0.213
5670.000 0.209
5675.000 0.215
5680.000 0.212
5685.000 0.217
5690.000 0.214
5695.000 0.215
5700.000 0.222
5705.000 0.219
5710.000 0.226
5715.000 0.222
5720.000 0.224
5725.000 0.230
5730.000 0.226
5735.000 0.232
5740.000 0.227
5745.000 0.239
5750.000 0.237
5755.000 0.237
5760.000 0.241
5765.000 0.246
5770.000 0.248
5775.000 0.253
5780.000 0.254
5785.000 0.253
5790.000 0.260
5795.000 0.259
5800.000 0.265
5805.000 0.266
5810.000 0.267
5815.000 0.273
5820.000 0.275
5825.000 0.279
5830.000 0.277
5835.000 0.285
5840.000 0.283
5845.000 0.298
5850.000 0.294
5855.000 0.301
5860.000 0.305
5865.000 0.311
5870.000 0.306
5875.000 0.320
5880.000 0.321
5885.000 0.322
5890.000 0.329
5895.000 0.334
5900.000 0.334
5905.000 0.343
5910.000 0.341
5915.000 0.355
5920.000 0.356
5925.000 0.367
5930.000 0.369
5935.000 0.379
5940.000 0.381
5945.000 0.389
5950.000 0.395
5955.000 0.394
5960.000 0.403
5965.000 0.407
5970.000 0.410
5975.000 0.419
5980.000 0.433
5985.000 0.440
5990.000 0.444
5995.000 0.454
6000.000 0.460
6005.000 0.470
6010.000 0.478
6015.000 0.488
6020.000 0.489
6025.000 0.497
6030.000 0.512
6035.000 0.525
6040.000 0.530
6045.000 0.544
6050.000 0.558
6055.000 0.565
6060.000 0.577
6065.000 0.591
6070.000 0.610
6075.000 0.610
6080.000 0.625
6085.000 0.645
6090.000 0.663
6095.000 0.680
6100.000 0.698
6105.000 0.718
6110.000 0.737
6115.000 0.762
6120.000 0.789
6125.000 0.815
6130.000 0.844
6135.000 0.860
6140.000 0.899
6145.000 0.931
6150.000 0.967
6155.000 1.018
6160.000 1.064
6165.000 1.116
6170.000 1.187
6175.000 1.250
6180.000 1.329
6185.000 1.422
6190.000 1.534
6195.000 1.657
6200.000 1.735
6205.000 1.898
6210.000 2.112
6215.000 2.388
6220.000 2.770
6225.000 3.283
6230.000 3.996
6235.000 4.792
6240.000 4.920
6245.000 2.957
6250.000 1.792
6255.000 1.670
6260.000 1.539
6265.000 1.557
6270.000 1.674
6275.000 1.795
6280.000 1.884
6285.000 1.923
6290.000 1.919
6295.000 1.879
6300.000 1.810
6305.000 1.728
6310.000 1.648
6315.000 1.550
6320.000 1.511
6325.000 1.426
6330.000 1.350
6335.000 1.281
6340.000 1.215
6345.000 1.147
6350.000 1.100
6355.000 1.043
6360.000 0.992
6365.000 0.957
6370.000 0.911
6375.000 0.876
6380.000 0.862
6385.000 0.830
6390.000 0.797
6395.000 0.766
6400.000 0.743
6405.000 0.721
6410.000 0.693
6415.000 0.674
6420.000 0.654
6425.000 0.632
6430.000 0.620
6435.000 0.597
6440.000 0.581
6445.000 0.576
6450.000 0.556
6455.000 0.552
6460.000 0.538
6465.000 0.518
6470.000 0.505
6475.000 0.498
6480.000 0.491
6485.000 0.477
6490.000 0.462
6495.000 0.455
6500.000 0.446
6505.000 0.443
6510.000 0.432
6515.000 0.422
6520.000 0.422
6525.000 0.405
6530.000 0.390
6535.000 0.385
6540.000 0.370
6545.000 0.349
6550.000 0.317
6555.000 0.284
6560.000 0.265
6565.000 0.390
6570.000 1.144
6575.000 3.134
6580.000 5.297
6585.000 2.624
6590.000 0.287
6595.000 0.276
6600.000 0.089
6605.000 0.190
6610.000 0.217
6615.000 0.230
6620.000 0.241
6625.000 0.242
6630.000 0.245
6635.000 0.247
6640.000 0.255
6645.000 0.249
6650.000 0.255
6655.000 0.248
6660.000 0.251
6665.000 0.249
6670.000 0.251
6675.000 0.246
6680.000 0.246
6685.000 0.238
6690.000 0.244
6695.000 0.242
6700.000 0.239
6705.000 0.234
6710.000 0.236
6715.000 0.236
6720.000 0.233
6725.000 0.233
6730.000 0.234
6735.000 0.229
6740.000 0.226
6745.000 0.223
6750.000 0.222
6755.000 0.222
6760.000 0.221
6765.000 0.221
6770.000 0.213
6775.000 0.217
6780.000 0.217
6785.000 0.211
6790.000 0.213
6795.000 0.211
6800.000 0.208
6805.000 0.212
6810.000 0.206
6815.000 0.210
6820.000 0.204
6825.000 0.202
6830.000 0.202
6835.000 0.202
6840.000 0.204
6845.000 0.198
6850.000 0.200
6855.000 0.196
6860.000 0.197
6865.000 0.192
6870.000 0.192
6875.000 0.197
6880.000 0.190
6885.000 0.191
6890.000 0.196
6895.000 0.189
6900.000 0.190
6905.000 0.193
6910.000 0.188
6915.000 0.188
6920.000 0.184
6925.000 0.184
6930.000 0.186
6935.000 0.188
6940.000 0.188
6945.000 0.178
6950.000 0.186
6955.000 0.183
6960.000 0.182
6965.000 0.180
6970.000 0.179
6975.000 0.185
6980.000 0.180
6985.000 0.175
6990.000 0.179
6995.000 0.178
7000.000 0.179
7005.000 0.178
7010.000 0.179
7015.000 0.175
7020.000 0.176
7025.000 0.179
7030.000 0.174
7035.000 0.175
7040.000 0.175
7045.000 0.173
7050.000 0.178
7055.000 0.174
7060.000 0.177
7065.000 0.174
7070.000 0.175
7075.000 0.175
7080.000 0.177
7085.000 0.170
7090.000 0.171
7095.000 0.173
7100.000 0.175
7105.000 0.170
7110.000 0.173
7115.000 0.172
7120.000 0.174
7125.000 0.173
7130.000 0.175
7135.000 0.170
7140.000 0.175
7145.000 0.172
7150.000 0.176
7155.000 0.170
7160.000 0.179
7165.000 0.174
7170.000 0.175
7175.000 0.177
7180.000 0.177
7185.000 0.172
7190.000 0.172
7195.000 0.173
7200.000 0.174
7205.000 0.177
7210.000 0.181
7215.000 0.172
7220.000 0.178
7225.000 0.179
7230.000 0.181
7235.000 0.177
7240.000 0.183
7245.000 0.183
7250.000 0.179
7255.000 0.183
7260.000 0.182
7265.000 0.180
7270.000 0.184
7275.000 0.187
7280.000 0.187
7285.000 0.188
7290.000 0.185
7295.000 0.188
7300.000 0.188
7305.000 0.193
7310.000 0.191
7315.000 0.203
7320.000 0.203
7325.000 0.208
7330.000 0.202
7335.000 0.206
7340.000 0.214
7345.000 0.209
7350.000 0.211
7355.000 0.216
7360.000 0.216
7365.000 0.221
7370.000 0.230
7375.000 0.228
7380.000 0.236
7385.000 0.246
7390.000 0.252
7395.000 0.256
7400.000 0.267
7405.000 0.275
7410.000 0.284
7415.000 0.292
7420.000 0.305
7425.000 0.317
7430.000 0.336
7435.000 0.353
7440.000 0.371
7445.000 0.401
7450.000 0.477
7455.000 0.697
7460.000 1.058
7465.000 1.367
7470.000 1.319
7475.000 1.127
7480.000 1.121
7485.000 0.976
7490.000 0.557
7495.000 0.248
7500.000 0.144
7505.000 0.107
7510.000 0.096
7515.000 0.088
7520.000 0.087
7525.000 0.083
7530.000 0.092
7535.000 0.091
7540.000 0.093
7545.000 0.094
7550.000 0.099
7555.000 0.100
7560.000 0.110
7565.000 0.109
7570.000 0.108
7575.000 0.109
7580.000 0.112
7585.000 0.117
7590.000 0.113
7595.000 0.118
7600.000 0.120
7605.000 0.125
7610.000 0.123
7615.000 0.124
7620.000 0.124
7625.000 0.128
7630.000 0.130
7635.000 0.137
7640.000 0.133
7645.000 0.139
7650.000 0.136
7655.000 0.138
7660.000 0.137
7665.000 0.146
7670.000 0.146
7675.000 0.147
7680.000 0.151
7685.000 0.151
7690.000 0.151
7695.000 0.149
7700.000 0.154
7705.000 0.151
7710.000 0.156
7715.000 0.156
7720.000 0.156
7725.000 0.165
7730.000 0.165
7735.000 0.164
7740.000 0.165
7745.000 0.167
7750.000 0.171
7755.000 0.168
7760.000 0.173
7765.000 0.174
7770.000 0.180
7775.000 0.180
7780.000 0.184
7785.000 0.184
7790.000 0.186
7795.000 0.186
7800.000 0.194
7805.000 0.197
7810.000 0.192
7815.000 0.199
7820.000 0.200
7825.000 0.200
7830.000 0.199
7835.000 0.212
7840.000 0.211
7845.000 0.213
7850.000 0.214
7855.000 0.221
7860.000 0.229
7865.000 0.223
7870.000 0.228
7875.000 0.233
7880.000 0.241
7885.000 0.242
7890.000 0.247
7895.000 0.254
7900.000 0.256
7905.000 0.257
7910.000 0.271
7915.000 0.272
7920.000 0.277
7925.000 0.290
7930.000 0.291
7935.000 0.300
7940.000 0.304
7945.000 0.318
7950.000 0.326
7955.000 0.342
7960.000 0.349
7965.000 0.353
7970.000 0.368
7975.000 0.384
7980.000 0.404
7985.000 0.418
7990.000 0.441
7995.000 0.463
8000.000 0.494
