2005.000 0.396
2010.000 0.407
2015.000 0.405
2020.000 0.396
2025.000 0.414
2030.000 0.403
2035.000 0.410
2040.000 0.397
2045.000 0.413
2050.000 0.400
2055.000 0.405
2060.000 0.405
2065.000 0.415
2070.000 0.406
2075.000 0.416
2080.000 0.415
2085.000 0.418
2090.000 0.418
2095.000 0.413
2100.000 0.427
2105.000 0.427
2110.000 0.440
2115.000 0.445
2120.000 0.443
2125.000 0.452
2130.000 0.458
2135.000 0.460
2140.000 0.514
2145.000 0.500
2150.000 0.500
2155.000 0.487
2160.000 0.498
2165.000 0.503
2170.000 0.524
2175.000 0.527
2180.000 0.549
2185.000 0.554
2190.000 0.583
2195.000 0.594
2200.000 0.611
2205.000 0.615
2210.000 0.650
2215.000 0.671
2220.000 0.699
2225.000 0.744
2230.000 0.766
2235.000 0.805
2240.000 0.866
2245.000 1.001
2250.000 1.021
2255.000 1.073
2260.000 1.177
2265.000 1.292
2270.000 1.275
2275.000 1.560
2280.000 1.751
2285.000 2.010
2290.000 2.576
2295.000 3.290
2300.000 4.384
2305.000 5.967
2310.000 6.803
2315.000 4.964
2320.000 4.113
2325.000 2.666
2330.000 2.364
2335.000 1.797
2340.000 1.491
2345.000 1.272
2350.000 1.103
2355.000 0.917
2360.000 0.797
2365.000 0.726
2370.000 0.760
2375.000 0.671
2380.000 0.593
2385.000 0.573
2390.000 0.495
2395.000 0.491
2400.000 0.452
2405.000 0.432
2410.000 0.415
2415.000 0.397
2420.000 0.365
2425.000 0.334
2430.000 0.350
2435.000 0.324
2440.000 0.304
2445.000 0.298
2450.000 0.302
2455.000 0.282
2460.000 0.265
2465.000 0.258
2470.000 0.260
2475.000 0.267
2480.000 0.230
2485.000 0.232
2490.000 0.226
2495.000 0.231
2500.000 0.218
2505.000 0.221
2510.000 0.215
2515.000 0.221
2520.000 0.209
2525.000 0.210
2530.000 0.206
2535.000 0.202
2540.000 0.211
2545.000 0.206
2550.000 0.210
2555.000 0.207
2560.000 0.231
2565.000 0.208
2570.000 0.211
2575.000 0.210
2580.000 0.210
2585.000 0.220
2590.000 0.213
2595.000 0.213
2600.000 0.214
2605.000 0.209
2610.000 0.215
2615.000 0.223
2620.000 0.230
2625.000 0.222
2630.000 0.226
2635.000 0.236
2640.000 0.240
2645.000 0.232
2650.000 0.237
2655.000 0.241
2660.000 0.229
2665.000 0.240
2670.000 0.255
2675.000 0.253
2680.000 0.262
2685.000 0.270
2690.000 0.270
2695.000 0.269
2700.000 0.269
2705.000 0.282
2710.000 0.296
2715.000 0.288
2720.000 0.288
2725.000 0.296
2730.000 0.307
2735.000 0.306
2740.000 0.311
2745.000 0.317
2750.000 0.319
2755.000 0.316
2760.000 0.326
2765.000 0.331
2770.000 0.336
2775.000 0.342
2780.000 0.346
2785.000 0.353
2790.000 0.351
2795.000 0.358
2800.000 0.365
2805.000 0.364
2810.000 0.374
2815.000 0.383
2820.000 0.383
2825.000 0.386
2830.000 0.392
2835.000 0.394
2840.000 0.403
2845.000 0.409
2850.000 0.405
2855.000 0.415
2860.000 0.416
2865.000 0.422
2870.000 0.429
2875.000 0.429
2880.000 0.428
2885.000 0.443
2890.000 0.435
2895.000 0.445
2900.000 0.439
2905.000 0.449
2910.000 0.445
2915.000 0.460
2920.000 0.457
2925.000 0.459
2930.000 0.454
2935.000 0.459
2940.000 0.459
2945.000 0.460
2950.000 0.458
2955.000 0.462
2960.000 0.440
2965.000 0.461
2970.000 0.458
2975.000 0.461
2980.000 0.459
2985.000 0.459
2990.000 0.458
2995.000 0.463
3000.000 0.459
3005.000 0.460
3010.000 0.460
3015.000 0.460
3020.000 0.455
3025.000 0.458
3030.000 0.454
3035.000 0.459
3040.000 0.451
3045.000 0.451
3050.000 0.452
3055.000 0.445
3060.000 0.447
3065.000 0.451
3070.000 0.450
3075.000 0.449
3080.000 0.444
3085.000 0.444
3090.000 0.445
3095.000 0.442
3100.000 0.441
3105.000 0.439
3110.000 0.440
3115.000 0.443
3120.000 0.439
3125.000 0.429
3130.000 0.438
3135.000 0.438
3140.000 0.437
3145.000 0.436
3150.000 0.437
3155.000 0.435
3160.000 0.436
3165.000 0.430
3170.000 0.431
3175.000 0.432
3180.000 0.434
3185.000 0.433
3190.000 0.432
3195.000 0.436
3200.000 0.432
3205.000 0.435
3210.000 0.437
3215.000 0.436
3220.000 0.432
3225.000 0.433
3230.000 0.439
3235.000 0.437
3240.000 0.435
3245.000 0.439
3250.000 0.439
3255.000 0.437
3260.000 0.443
3265.000 0.436
3270.000 0.442
3275.000 0.443
3280.000 0.451
3285.000 0.448
3290.000 0.448
3295.000 0.448
3300.000 0.452
3305.000 0.454
3310.000 0.459
3315.000 0.462
3320.000 0.461
3325.000 0.469
3330.000 0.470
3335.000 0.467
3340.000 0.476
3345.000 0.479
3350.000 0.483
3355.000 0.485
3360.000 0.487
3365.000 0.490
3370.000 0.491
3375.000 0.503
3380.000 0.505
3385.000 0.509
3390.000 0.518
3395.000 0.521
3400.000 0.523
3405.000 0.532
3410.000 0.535
3415.000 0.539
3420.000 0.550
3425.000 0.553
3430.000 0.563
3435.000 0.570
3440.000 0.578
3445.000 0.588
3450.000 0.596
3455.000 0.603
3460.000 0.603
3465.000 0.615
3470.000 0.635
3475.000 0.631
3480.000 0.653
3485.000 0.659
3490.000 0.669
3495.000 0.680
3500.000 0.689
3505.000 0.715
3510.000 0.729
3515.000 0.741
3520.000 0.760
3525.000 0.785
3530.000 0.802
3535.000 0.819
3540.000 0.848
3545.000 0.869
3550.000 0.884
3555.000 0.911
3560.000 0.939
3565.000 0.970
3570.000 1.001
3575.000 1.039
3580.000 1.078
3585.000 1.118
3590.000 1.174
3595.000 1.217
3600.000 1.275
3605.000 1.306
3610.000 1.373
3615.000 1.448
3620.000 1.537
3625.000 1.617
3630.000 1.727
3635.000 1.847
3640.000 1.982
3645.000 2.155
3650.000 2.358
3655.000 2.614
3660.000 2.912
3665.000 3.058
3670.000 3.515
3675.000 4.034
3680.000 4.815
3685.000 5.795
3690.000 7.323
3695.000 9.590
3700.000 12.679
3705.000 15.851
3710.000 15.985
3715.000 11.089
3720.000 7.488
3725.000 5.733
3730.000 5.099
3735.000 4.210
3740.000 3.604
3745.000 3.128
3750.000 2.763
3755.000 2.485
3760.000 2.249
3765.000 2.039
3770.000 1.880
3775.000 1.733
3780.000 1.621
3785.000 1.521
3790.000 1.471
3795.000 1.390
3800.000 1.303
3805.000 1.237
3810.000 1.176
3815.000 1.123
3820.000 1.067
3825.000 1.026
3830.000 0.983
3835.000 0.933
3840.000 0.900
3845.000 0.886
3850.000 0.853
3855.000 0.820
3860.000 0.796
3865.000 0.771
3870.000 0.744
3875.000 0.722
3880.000 0.704
3885.000 0.679
3890.000 0.668
3895.000 0.644
3900.000 0.631
3905.000 0.612
3910.000 0.605
3915.000 0.591
3920.000 0.577
3925.000 0.558
3930.000 0.555
3935.000 0.539
3940.000 0.526
3945.000 0.515
3950.000 0.504
3955.000 0.499
3960.000 0.492
3965.000 0.482
3970.000 0.474
3975.000 0.464
3980.000 0.457
3985.000 0.449
3990.000 0.440
3995.000 0.430
4000.000 0.429
4005.000 0.423
4010.000 0.414
4015.000 0.408
4020.000 0.402
4025.000 0.399
4030.000 0.389
4035.000 0.389
4040.000 0.386
4045.000 0.381
4050.000 0.374
4055.000 0.371
4060.000 0.370
4065.000 0.366
4070.000 0.357
4075.000 0.351
4080.000 0.348
4085.000 0.342
4090.000 0.345
4095.000 0.343
4100.000 0.336
4105.000 0.332
4110.000 0.325
4115.000 0.325
4120.000 0.323
4125.000 0.324
4130.000 0.310
4135.000 0.312
4140.000 0.309
4145.000 0.305
4150.000 0.302
4155.000 0.298
4160.000 0.291
4165.000 0.296
4170.000 0.286
4175.000 0.281
4180.000 0.277
4185.000 0.273
4190.000 0.275
4195.000 0.269
4200.000 0.269
4205.000 0.266
4210.000 0.259
4215.000 0.252
4220.000 0.249
4225.000 0.251
4230.000 0.242
4235.000 0.243
4240.000 0.239
4245.000 0.235
4250.000 0.232
4255.000 0.227
4260.000 0.229
4265.000 0.233
4270.000 0.224
4275.000 0.228
4280.000 0.227
4285.000 0.226
4290.000 0.229
4295.000 0.227
4300.000 0.229
4305.000 0.228
4310.000 0.232
4315.000 0.226
4320.000 0.234
4325.000 0.232
4330.000 0.230
4335.000 0.235
4340.000 0.229
4345.000 0.231
4350.000 0.230
4355.000 0.234
4360.000 0.233
4365.000 0.229
4370.000 0.230
4375.000 0.235
4380.000 0.233
4385.000 0.235
4390.000 0.233
4395.000 0.239
4400.000 0.237
4405.000 0.237
4410.000 0.234
4415.000 0.230
4420.000 0.239
4425.000 0.238
4430.000 0.234
4435.000 0.240
4440.000 0.235
4445.000 0.240
4450.000 0.243
4455.000 0.237
4460.000 0.239
4465.000 0.243
4470.000 0.241
4475.000 0.241
4480.000 0.245
4485.000 0.246
4490.000 0.245
4495.000 0.245
4500.000 0.245
4505.000 0.250
4510.000 0.250
4515.000 0.249
4520.000 0.248
4525.000 0.249
4530.000 0.253
4535.000 0.255
4540.000 0.256
4545.000 0.253
4550.000 0.253
4555.000 0.260
4560.000 0.259
4565.000 0.258
4570.000 0.262
4575.000 0.259
4580.000 0.267
4585.000 0.264
4590.000 0.263
4595.000 0.274
4600.000 0.268
4605.000 0.275
4610.000 0.275
4615.000 0.281
4620.000 0.279
4625.000 0.283
4630.000 0.285
4635.000 0.288
4640.000 0.286
4645.000 0.289
4650.000 0.293
4655.000 0.296
4660.000 0.301
4665.000 0.306
4670.000 0.306
4675.000 0.307
4680.000 0.313
4685.000 0.317
4690.000 0.315
4695.000 0.326
4700.000 0.329
4705.000 0.330
4710.000 0.336
4715.000 0.344
4720.000 0.350
4725.000 0.350
4730.000 0.361
4735.000 0.363
4740.000 0.373
4745.000 0.378
4750.000 0.381
4755.000 0.387
4760.000 0.394
4765.000 0.402
4770.000 0.406
4775.000 0.417
4780.000 0.424
4785.000 0.433
4790.000 0.447
4795.000 0.454
4800.000 0.469
4805.000 0.476
4810.000 0.493
4815.000 0.503
4820.000 0.514
4825.000 0.523
4830.000 0.546
4835.000 0.560
4840.000 0.581
4845.000 0.594
4850.000 0.616
4855.000 0.639
4860.000 0.667
4865.000 0.688
4870.000 0.719
4875.000 0.753
4880.000 0.767
4885.000 0.801
4890.000 0.842
4895.000 0.884
4900.000 0.938
4905.000 0.982
4910.000 1.048
4915.000 1.114
4920.000 1.195
4925.000 1.285
4930.000 1.367
4935.000 1.496
4940.000 1.626
4945.000 1.702
4950.000 1.881
4955.000 2.087
4960.000 2.323
4965.000 2.568
4970.000 2.749
4975.000 3.221
4980.000 7.302
4985.000 10.530
4990.000 11.787
4995.000 12.705
5000.000 10.467
5005.000 8.801
5010.000 6.206
5015.000 4.683
5020.000 3.852
5025.000 3.270
5030.000 2.832
5035.000 2.479
5040.000 2.219
5045.000 2.017
5050.000 1.850
5055.000 1.693
5060.000 1.583
5065.000 1.476
5070.000 1.421
5075.000 1.338
5080.000 1.273
5085.000 1.212
5090.000 1.157
5095.000 1.109
5100.000 1.069
5105.000 1.029
5110.000 0.995
5115.000 0.960
5120.000 0.936
5125.000 0.918
5130.000 0.893
5135.000 0.871
5140.000 0.845
5145.000 0.828
5150.000 0.816
5155.000 0.791
5160.000 0.778
5165.000 0.761
5170.000 0.752
5175.000 0.732
5180.000 0.728
5185.000 0.718
5190.000 0.711
5195.000 0.701
5200.000 0.692
5205.000 0.685
5210.000 0.679
5215.000 0.674
5220.000 0.661
5225.000 0.662
5230.000 0.648
5235.000 0.646
5240.000 0.642
5245.000 0.639
5250.000 0.632
5255.000 0.626
5260.000 0.623
5265.000 0.621
5270.000 0.615
5275.000 0.610
5280.000 0.606
5285.000 0.608
5290.000 0.599
5295.000 0.596
5300.000 0.590
5305.000 0.591
5310.000 0.588
5315.000 0.585
5320.000 0.585
5325.000 0.575
5330.000 0.577
5335.000 0.574
5340.000 0.572
5345.000 0.566
5350.000 0.566
5355.000 0.556
5360.000 0.560
5365.000 0.552
5370.000 0.554
5375.000 0.553
5380.000 0.549
5385.000 0.545
5390.000 0.543
5395.000 0.542
5400.000 0.533
5405.000 0.535
5410.000 0.528
5415.000 0.526
5420.000 0.524
5425.000 0.520
5430.000 0.523
5435.000 0.516
5440.000 0.516
5445.000 0.513
5450.000 0.511
5455.000 0.507
5460.000 0.503
5465.000 0.499
5470.000 0.499
5475.000 0.494
5480.000 0.492
5485.000 0.491
5490.000 0.479
5495.000 0.488
5500.000 0.481
5505.000 0.479
5510.000 0.480
5515.000 0.476
5520.000 0.478
5525.000 0.471
5530.000 0.471
5535.000 0.461
5540.000 0.464
5545.000 0.456
5550.000 0.463
5555.000 0.456
5560.000 0.459
5565.000 0.457
5570.000 0.457
5575.000 0.453
5580.000 0.452
5585.000 0.447
5590.000 0.446
5595.000 0.443
5600.000 0.447
5605.000 0.445
5610.000 0.445
5615.000 0.445
5620.000 0.440
5625.000 0.442
5630.000 0.441
5635.000 0.439
5640.000 0.437
5645.000 0.434
5650.000 0.439
5655.000 0.433
5660.000 0.434
5665.000 0.437
5670.000 0.438
5675.000 0.437
5680.000 0.435
5685.000 0.432
5690.000 0.432
5695.000 0.431
5700.000 0.431
5705.000 0.435
5710.000 0.436
5715.000 0.438
5720.000 0.434
5725.000 0.433
5730.000 0.436
5735.000 0.438
5740.000 0.438
5745.000 0.441
5750.000 0.438
5755.000 0.439
5760.000 0.443
5765.000 0.442
5770.000 0.444
5775.000 0.445
5780.000 0.451
5785.000 0.451
5790.000 0.457
5795.000 0.460
5800.000 0.448
5805.000 0.453
5810.000 0.460
5815.000 0.461
5820.000 0.463
5825.000 0.470
5830.000 0.470
5835.000 0.477
5840.000 0.476
5845.000 0.476
5850.000 0.480
5855.000 0.487
5860.000 0.492
5865.000 0.496
5870.000 0.499
5875.000 0.500
5880.000 0.503
5885.000 0.511
5890.000 0.517
5895.000 0.518
5900.000 0.529
5905.000 0.533
5910.000 0.540
5915.000 0.540
5920.000 0.543
5925.000 0.553
5930.000 0.557
5935.000 0.565
5940.000 0.571
5945.000 0.580
5950.000 0.588
5955.000 0.596
5960.000 0.602
5965.000 0.612
5970.000 0.620
5975.000 0.626
5980.000 0.625
5985.000 0.646
5990.000 0.658
5995.000 0.671
6000.000 0.678
6005.000 0.686
6010.000 0.705
6015.000 0.717
6020.000 0.725
6025.000 0.738
6030.000 0.761
6035.000 0.775
6040.000 0.785
6045.000 0.807
6050.000 0.814
6055.000 0.839
6060.000 0.861
6065.000 0.886
6070.000 0.904
6075.000 0.928
6080.000 0.958
6085.000 0.983
6090.000 1.014
6095.000 1.042
6100.000 1.066
6105.000 1.103
6110.000 1.136
6115.000 1.172
6120.000 1.218
6125.000 1.268
6130.000 1.322
6135.000 1.375
6140.000 1.454
6145.000 1.521
6150.000 1.596
6155.000 1.685
6160.000 1.740
6165.000 1.848
6170.000 1.969
6175.000 2.113
6180.000 2.286
6185.000 2.475
6190.000 2.734
6195.000 3.022
6200.000 3.381
6205.000 3.847
6210.000 4.451
6215.000 5.151
6220.000 6.193
6225.000 6.879
6230.000 8.591
6235.000 10.751
6240.000 12.497
6245.000 12.085
6250.000 9.324
6255.000 6.354
6260.000 4.656
6265.000 4.073
6270.000 3.492
6275.000 3.122
6280.000 2.855
6285.000 2.778
6290.000 2.623
6295.000 2.506
6300.000 2.398
6305.000 2.274
6310.000 2.172
6315.000 2.061
6320.000 1.969
6325.000 1.878
6330.000 1.792
6335.000 1.713
6340.000 1.681
6345.000 1.601
6350.000 1.537
6355.000 1.478
6360.000 1.422
6365.000 1.374
6370.000 1.327
6375.000 1.287
6380.000 1.252
6385.000 1.213
6390.000 1.181
6395.000 1.151
6400.000 1.127
6405.000 1.114
6410.000 1.091
6415.000 1.068
6420.000 1.048
6425.000 1.033
6430.000 1.016
6435.000 1.001
6440.000 0.994
6445.000 0.982
6450.000 0.977
6455.000 0.970
6460.000 0.962
6465.000 0.961
6470.000 0.968
6475.000 0.969
6480.000 0.966
6485.000 0.972
6490.000 0.981
6495.000 0.992
6500.000 1.012
6505.000 1.025
6510.000 1.059
6515.000 1.086
6520.000 1.134
6525.000 1.179
6530.000 1.222
6535.000 1.295
6540.000 1.393
6545.000 1.552
6550.000 1.750
6555.000 2.087
6560.000 2.605
6565.000 3.546
6570.000 5.445
6575.000 8.750
6580.000 10.153
6585.000 7.113
6590.000 3.495
6595.000 1.633
6600.000 1.105
6605.000 0.784
6610.000 0.585
6615.000 0.419
6620.000 0.327
6625.000 0.248
6630.000 0.194
6635.000 0.142
6640.000 0.105
6645.000 0.092
6650.000 0.062
6655.000 0.039
6660.000 0.014
6665.000 0.012
6670.000 0.025
6675.000 0.045
6680.000 0.052
6685.000 0.063
6690.000 0.073
6695.000 0.083
6700.000 0.093
6705.000 0.099
6710.000 0.109
6715.000 0.110
6720.000 0.114
6725.000 0.119
6730.000 0.127
6735.000 0.126
6740.000 0.140
6745.000 0.145
6750.000 0.146
6755.000 0.150
6760.000 0.155
6765.000 0.150
6770.000 0.153
6775.000 0.153
6780.000 0.161
6785.000 0.164
6790.000 0.166
6795.000 0.165
6800.000 0.167
6805.000 0.174
6810.000 0.172
6815.000 0.178
6820.000 0.173
6825.000 0.180
6830.000 0.183
6835.000 0.179
6840.000 0.187
6845.000 0.186
6850.000 0.186
6855.000 0.188
6860.000 0.189
6865.000 0.189
6870.000 0.192
6875.000 0.193
6880.000 0.190
6885.000 0.199
6890.000 0.195
6895.000 0.198
6900.000 0.200
6905.000 0.198
6910.000 0.202
6915.000 0.210
6920.000 0.210
6925.000 0.210
6930.000 0.208
6935.000 0.210
6940.000 0.209
6945.000 0.216
6950.000 0.214
6955.000 0.218
6960.000 0.221
6965.000 0.217
6970.000 0.220
6975.000 0.224
6980.000 0.229
6985.000 0.233
6990.000 0.231
6995.000 0.235
7000.000 0.233
7005.000 0.239
7010.000 0.241
7015.000 0.239
7020.000 0.245
7025.000 0.245
7030.000 0.249
7035.000 0.256
7040.000 0.251
7045.000 0.259
7050.000 0.256
7055.000 0.264
7060.000 0.264
7065.000 0.265
7070.000 0.268
7075.000 0.274
7080.000 0.270
7085.000 0.277
7090.000 0.283
7095.000 0.282
7100.000 0.289
7105.000 0.292
7110.000 0.296
7115.000 0.304
7120.000 0.305
7125.000 0.308
7130.000 0.313
7135.000 0.316
7140.000 0.320
7145.000 0.329
7150.000 0.331
7155.000 0.334
7160.000 0.342
7165.000 0.350
7170.000 0.351
7175.000 0.360
7180.000 0.371
7185.000 0.374
7190.000 0.383
7195.000 0.387
7200.000 0.391
7205.000 0.401
7210.000 0.412
7215.000 0.414
7220.000 0.426
7225.000 0.435
7230.000 0.449
7235.000 0.457
7240.000 0.467
7245.000 0.479
7250.000 0.488
7255.000 0.505
7260.000 0.512
7265.000 0.529
7270.000 0.538
7275.000 0.555
7280.000 0.576
7285.000 0.589
7290.000 0.610
7295.000 0.630
7300.000 0.652
7305.000 0.675
7310.000 0.711
7315.000 0.713
7320.000 0.749
7325.000 0.777
7330.000 0.813
7335.000 0.842
7340.000 0.884
7345.000 0.925
7350.000 0.976
7355.000 1.023
7360.000 1.081
7365.000 1.147
7370.000 1.214
7375.000 1.252
7380.000 1.350
7385.000 1.447
7390.000 1.554
7395.000 1.718
7400.000 1.881
7405.000 2.066
7410.000 2.305
7415.000 2.572
7420.000 2.988
7425.000 3.410
7430.000 4.000
7435.000 4.802
7440.000 5.304
7445.000 6.543
7450.000 8.008
7455.000 9.066
7460.000 8.802
7465.000 7.015
7470.000 5.448
7475.000 4.483
7480.000 3.521
7485.000 2.559
7490.000 2.313
7495.000 2.152
7500.000 2.063
7505.000 1.920
7510.000 1.783
7515.000 1.648
7520.000 1.538
7525.000 1.447
7530.000 1.360
7535.000 1.298
7540.000 1.227
7545.000 1.161
7550.000 1.108
7555.000 1.087
7560.000 1.035
7565.000 0.996
7570.000 0.953
7575.000 0.922
7580.000 0.883
7585.000 0.859
7590.000 0.829
7595.000 0.803
7600.000 0.775
7605.000 0.761
7610.000 0.734
7615.000 0.719
7620.000 0.710
7625.000 0.690
7630.000 0.676
7635.000 0.658
7640.000 0.643
7645.000 0.628
7650.000 0.614
7655.000 0.605
7660.000 0.593
7665.000 0.582
7670.000 0.577
7675.000 0.568
7680.000 0.566
7685.000 0.559
7690.000 0.547
7695.000 0.544
7700.000 0.531
7705.000 0.523
7710.000 0.522
7715.000 0.515
7720.000 0.506
7725.000 0.504
7730.000 0.497
7735.000 0.497
7740.000 0.495
7745.000 0.482
7750.000 0.480
7755.000 0.481
7760.000 0.474
7765.000 0.475
7770.000 0.467
7775.000 0.469
7780.000 0.466
7785.000 0.465
7790.000 0.461
7795.000 0.459
7800.000 0.461
7805.000 0.462
7810.000 0.461
7815.000 0.461
7820.000 0.461
7825.000 0.459
7830.000 0.459
7835.000 0.458
7840.000 0.471
7845.000 0.460
7850.000 0.470
7855.000 0.470
7860.000 0.471
7865.000 0.468
7870.000 0.477
7875.000 0.476
7880.000 0.478
7885.000 0.480
7890.000 0.489
7895.000 0.493
7900.000 0.499
7905.000 0.504
7910.000 0.512
7915.000 0.517
7920.000 0.525
7925.000 0.530
7930.000 0.539
7935.000 0.549
7940.000 0.563
7945.000 0.568
7950.000 0.583
7955.000 0.598
7960.000 0.616
7965.000 0.636
7970.000 0.654
7975.000 0.672
7980.000 0.709
7985.000 0.732
7990.000 0.760
7995.000 0.796
8000.000 0.841
