2005.000 0.406
2010.000 0.405
2015.000 0.414
2020.000 0.407
2025.000 0.420
2030.000 0.421
2035.000 0.403
2040.000 0.405
2045.000 0.417
2050.000 0.416
2055.000 0.429
2060.000 0.422
2065.000 0.415
2070.000 0.416
2075.000 0.417
2080.000 0.422
2085.000 0.428
2090.000 0.428
2095.000 0.436
2100.000 0.443
2105.000 0.442
2110.000 0.446
2115.000 0.452
2120.000 0.463
2125.000 0.455
2130.000 0.478
2135.000 0.479
2140.000 0.479
2145.000 0.482
2150.000 0.493
2155.000 0.499
2160.000 0.503
2165.000 0.495
2170.000 0.532
2175.000 0.546
2180.000 0.596
2185.000 0.598
2190.000 0.904
2195.000 0.667
2200.000 0.659
2205.000 0.674
2210.000 0.656
2215.000 0.681
2220.000 0.687
2225.000 0.818
2230.000 0.781
2235.000 0.711
2240.000 0.882
2245.000 0.918
2250.000 0.991
2255.000 1.035
2260.000 1.211
2265.000 1.341
2270.000 1.337
2275.000 1.577
2280.000 1.790
2285.000 2.128
2290.000 2.499
2295.000 3.251
2300.000 4.376
2305.000 5.962
2310.000 6.921
2315.000 5.528
2320.000 4.464
2325.000 2.788
2330.000 2.457
2335.000 1.965
2340.000 1.526
2345.000 1.239
2350.000 1.102
2355.000 0.966
2360.000 0.876
2365.000 0.780
2370.000 0.742
2375.000 0.628
2380.000 0.673
2385.000 0.583
2390.000 0.531
2395.000 0.501
2400.000 0.485
2405.000 0.449
2410.000 0.408
2415.000 0.386
2420.000 0.383
2425.000 0.363
2430.000 0.342
2435.000 0.342
2440.000 0.313
2445.000 0.302
2450.000 0.291
2455.000 0.283
2460.000 0.271
2465.000 0.267
2470.000 0.255
2475.000 0.258
2480.000 0.232
2485.000 0.239
2490.000 0.234
2495.000 0.230
2500.000 0.231
2505.000 0.224
2510.000 0.219
2515.000 0.207
2520.000 0.219
2525.000 0.219
2530.000 0.216
2535.000 0.203
2540.000 0.214
2545.000 0.203
2550.000 0.208
2555.000 0.211
2560.000 0.210
2565.000 0.209
2570.000 0.206
2575.000 0.216
2580.000 0.212
2585.000 0.221
2590.000 0.214
2595.000 0.218
2600.000 0.213
2605.000 0.215
2610.000 0.225
2615.000 0.223
2620.000 0.236
2625.000 0.233
2630.000 0.224
2635.000 0.237
2640.000 0.242
2645.000 0.248
2650.000 0.243
2655.000 0.245
2660.000 0.254
2665.000 0.257
2670.000 0.261
2675.000 0.265
2680.000 0.269
2685.000 0.278
2690.000 0.282
2695.000 0.270
2700.000 0.278
2705.000 0.285
2710.000 0.289
2715.000 0.297
2720.000 0.297
2725.000 0.305
2730.000 0.307
2735.000 0.308
2740.000 0.319
2745.000 0.326
2750.000 0.325
2755.000 0.332
2760.000 0.339
2765.000 0.342
2770.000 0.345
2775.000 0.354
2780.000 0.354
2785.000 0.362
2790.000 0.369
2795.000 0.371
2800.000 0.383
2805.000 0.384
2810.000 0.389
2815.000 0.391
2820.000 0.391
2825.000 0.392
2830.000 0.405
2835.000 0.411
2840.000 0.418
2845.000 0.420
2850.000 0.432
2855.000 0.435
2860.000 0.435
2865.000 0.440
2870.000 0.446
2875.000 0.446
2880.000 0.452
2885.000 0.452
2890.000 0.455
2895.000 0.464
2900.000 0.463
2905.000 0.467
2910.000 0.476
2915.000 0.466
2920.000 0.472
2925.000 0.472
2930.000 0.475
2935.000 0.475
2940.000 0.479
2945.000 0.481
2950.000 0.481
2955.000 0.478
2960.000 0.479
2965.000 0.481
2970.000 0.479
2975.000 0.485
2980.000 0.481
2985.000 0.476
2990.000 0.491
2995.000 0.485
3000.000 0.480
3005.000 0.476
3010.000 0.481
3015.000 0.474
3020.000 0.477
3025.000 0.474
3030.000 0.480
3035.000 0.477
3040.000 0.474
3045.000 0.468
3050.000 0.479
3055.000 0.471
3060.000 0.466
3065.000 0.472
3070.000 0.467
3075.000 0.466
3080.000 0.466
3085.000 0.468
3090.000 0.462
3095.000 0.463
3100.000 0.459
3105.000 0.461
3110.000 0.458
3115.000 0.456
3120.000 0.458
3125.000 0.458
3130.000 0.460
3135.000 0.453
3140.000 0.458
3145.000 0.448
3150.000 0.452
3155.000 0.454
3160.000 0.455
3165.000 0.449
3170.000 0.449
3175.000 0.452
3180.000 0.451
3185.000 0.451
3190.000 0.452
3195.000 0.450
3200.000 0.451
3205.000 0.453
3210.000 0.452
3215.000 0.453
3220.000 0.448
3225.000 0.454
3230.000 0.456
3235.000 0.452
3240.000 0.453
3245.000 0.457
3250.000 0.457
3255.000 0.456
3260.000 0.459
3265.000 0.460
3270.000 0.465
3275.000 0.464
3280.000 0.463
3285.000 0.472
3290.000 0.471
3295.000 0.474
3300.000 0.473
3305.000 0.478
3310.000 0.478
3315.000 0.484
3320.000 0.487
3325.000 0.485
3330.000 0.487
3335.000 0.490
3340.000 0.492
3345.000 0.496
3350.000 0.505
3355.000 0.510
3360.000 0.508
3365.000 0.519
3370.000 0.516
3375.000 0.524
3380.000 0.535
3385.000 0.538
3390.000 0.544
3395.000 0.547
3400.000 0.549
3405.000 0.552
3410.000 0.559
3415.000 0.566
3420.000 0.570
3425.000 0.575
3430.000 0.588
3435.000 0.595
3440.000 0.604
3445.000 0.610
3450.000 0.621
3455.000 0.630
3460.000 0.638
3465.000 0.649
3470.000 0.658
3475.000 0.669
3480.000 0.685
3485.000 0.690
3490.000 0.700
3495.000 0.717
3500.000 0.736
3505.000 0.749
3510.000 0.763
3515.000 0.780
3520.000 0.802
3525.000 0.818
3530.000 0.845
3535.000 0.866
3540.000 0.887
3545.000 0.902
3550.000 0.921
3555.000 0.954
3560.000 0.983
3565.000 1.016
3570.000 1.059
3575.000 1.091
3580.000 1.136
3585.000 1.179
3590.000 1.229
3595.000 1.281
3600.000 1.341
3605.000 1.380
3610.000 1.444
3615.000 1.530
3620.000 1.610
3625.000 1.707
3630.000 1.819
3635.000 1.951
3640.000 2.100
3645.000 2.277
3650.000 2.479
3655.000 2.727
3660.000 3.040
3665.000 3.221
3670.000 3.650
3675.000 4.213
3680.000 4.986
3685.000 6.078
3690.000 7.700
3695.000 10.020
3700.000 13.126
3705.000 16.582
3710.000 17.390
3715.000 11.389
3720.000 7.854
3725.000 6.001
3730.000 5.383
3735.000 4.476
3740.000 3.810
3745.000 3.321
3750.000 2.945
3755.000 2.626
3760.000 2.384
3765.000 2.177
3770.000 2.007
3775.000 1.851
3780.000 1.734
3785.000 1.612
3790.000 1.571
3795.000 1.473
3800.000 1.390
3805.000 1.319
3810.000 1.251
3815.000 1.193
3820.000 1.140
3825.000 1.088
3830.000 1.037
3835.000 0.996
3840.000 0.963
3845.000 0.945
3850.000 0.903
3855.000 0.879
3860.000 0.852
3865.000 0.821
3870.000 0.796
3875.000 0.764
3880.000 0.749
3885.000 0.727
3890.000 0.710
3895.000 0.686
3900.000 0.670
3905.000 0.654
3910.000 0.650
3915.000 0.630
3920.000 0.615
3925.000 0.605
3930.000 0.595
3935.000 0.577
3940.000 0.560
3945.000 0.557
3950.000 0.544
3955.000 0.536
3960.000 0.522
3965.000 0.515
3970.000 0.509
3975.000 0.498
3980.000 0.492
3985.000 0.486
3990.000 0.478
3995.000 0.466
4000.000 0.461
4005.000 0.461
4010.000 0.445
4015.000 0.445
4020.000 0.435
4025.000 0.432
4030.000 0.427
4035.000 0.423
4040.000 0.422
4045.000 0.410
4050.000 0.411
4055.000 0.404
4060.000 0.399
4065.000 0.395
4070.000 0.385
4075.000 0.385
4080.000 0.383
4085.000 0.377
4090.000 0.378
4095.000 0.373
4100.000 0.367
4105.000 0.367
4110.000 0.357
4115.000 0.357
4120.000 0.351
4125.000 0.347
4130.000 0.346
4135.000 0.342
4140.000 0.338
4145.000 0.332
4150.000 0.328
4155.000 0.330
4160.000 0.325
4165.000 0.319
4170.000 0.310
4175.000 0.309
4180.000 0.308
4185.000 0.301
4190.000 0.300
4195.000 0.296
4200.000 0.297
4205.000 0.284
4210.000 0.284
4215.000 0.279
4220.000 0.269
4225.000 0.269
4230.000 0.267
4235.000 0.258
4240.000 0.259
4245.000 0.255
4250.000 0.254
4255.000 0.249
4260.000 0.250
4265.000 0.256
4270.000 0.250
4275.000 0.246
4280.000 0.250
4285.000 0.248
4290.000 0.252
4295.000 0.253
4300.000 0.254
4305.000 0.249
4310.000 0.251
4315.000 0.251
4320.000 0.253
4325.000 0.252
4330.000 0.250
4335.000 0.251
4340.000 0.252
4345.000 0.250
4350.000 0.250
4355.000 0.252
4360.000 0.256
4365.000 0.255
4370.000 0.251
4375.000 0.250
4380.000 0.254
4385.000 0.255
4390.000 0.256
4395.000 0.259
4400.000 0.256
4405.000 0.255
4410.000 0.261
4415.000 0.263
4420.000 0.262
4425.000 0.263
4430.000 0.265
4435.000 0.269
4440.000 0.260
4445.000 0.264
4450.000 0.269
4455.000 0.263
4460.000 0.266
4465.000 0.268
4470.000 0.266
4475.000 0.263
4480.000 0.264
4485.000 0.268
4490.000 0.267
4495.000 0.267
4500.000 0.275
4505.000 0.278
4510.000 0.280
4515.000 0.276
4520.000 0.281
4525.000 0.277
4530.000 0.281
4535.000 0.284
4540.000 0.284
4545.000 0.285
4550.000 0.288
4555.000 0.291
4560.000 0.290
4565.000 0.293
4570.000 0.296
4575.000 0.293
4580.000 0.300
4585.000 0.299
4590.000 0.305
4595.000 0.301
4600.000 0.303
4605.000 0.308
4610.000 0.315
4615.000 0.311
4620.000 0.314
4625.000 0.317
4630.000 0.315
4635.000 0.321
4640.000 0.324
4645.000 0.325
4650.000 0.332
4655.000 0.330
4660.000 0.337
4665.000 0.341
4670.000 0.344
4675.000 0.350
4680.000 0.350
4685.000 0.358
4690.000 0.357
4695.000 0.371
4700.000 0.367
4705.000 0.373
4710.000 0.382
4715.000 0.383
4720.000 0.387
4725.000 0.401
4730.000 0.407
4735.000 0.410
4740.000 0.417
4745.000 0.426
4750.000 0.430
4755.000 0.439
4760.000 0.448
4765.000 0.451
4770.000 0.463
4775.000 0.467
4780.000 0.478
4785.000 0.494
4790.000 0.505
4795.000 0.516
4800.000 0.529
4805.000 0.542
4810.000 0.556
4815.000 0.572
4820.000 0.588
4825.000 0.600
4830.000 0.613
4835.000 0.638
4840.000 0.655
4845.000 0.672
4850.000 0.703
4855.000 0.731
4860.000 0.762
4865.000 0.790
4870.000 0.822
4875.000 0.852
4880.000 0.878
4885.000 0.919
4890.000 0.960
4895.000 1.012
4900.000 1.061
4905.000 1.127
4910.000 1.201
4915.000 1.280
4920.000 1.369
4925.000 1.465
4930.000 1.584
4935.000 1.720
4940.000 1.889
4945.000 1.975
4950.000 2.178
4955.000 2.418
4960.000 2.708
4965.000 3.024
4970.000 3.292
4975.000 3.825
4980.000 7.931
4985.000 11.595
4990.000 12.975
4995.000 14.227
5000.000 12.131
5005.000 10.394
5010.000 7.141
5015.000 5.433
5020.000 4.407
5025.000 3.704
5030.000 3.208
5035.000 2.844
5040.000 2.533
5045.000 2.303
5050.000 2.111
5055.000 1.949
5060.000 1.814
5065.000 1.699
5070.000 1.643
5075.000 1.549
5080.000 1.469
5085.000 1.395
5090.000 1.338
5095.000 1.284
5100.000 1.229
5105.000 1.190
5110.000 1.146
5115.000 1.125
5120.000 1.074
5125.000 1.064
5130.000 1.029
5135.000 1.004
5140.000 0.978
5145.000 0.960
5150.000 0.942
5155.000 0.918
5160.000 0.901
5165.000 0.888
5170.000 0.871
5175.000 0.860
5180.000 0.847
5185.000 0.838
5190.000 0.828
5195.000 0.817
5200.000 0.810
5205.000 0.799
5210.000 0.793
5215.000 0.778
5220.000 0.774
5225.000 0.764
5230.000 0.763
5235.000 0.757
5240.000 0.754
5245.000 0.744
5250.000 0.743
5255.000 0.739
5260.000 0.727
5265.000 0.720
5270.000 0.720
5275.000 0.720
5280.000 0.708
5285.000 0.710
5290.000 0.704
5295.000 0.704
5300.000 0.699
5305.000 0.696
5310.000 0.692
5315.000 0.691
5320.000 0.692
5325.000 0.683
5330.000 0.680
5335.000 0.682
5340.000 0.677
5345.000 0.666
5350.000 0.666
5355.000 0.665
5360.000 0.660
5365.000 0.660
5370.000 0.654
5375.000 0.654
5380.000 0.648
5385.000 0.647
5390.000 0.641
5395.000 0.639
5400.000 0.635
5405.000 0.638
5410.000 0.635
5415.000 0.627
5420.000 0.627
5425.000 0.619
5430.000 0.618
5435.000 0.614
5440.000 0.612
5445.000 0.612
5450.000 0.606
5455.000 0.602
5460.000 0.603
5465.000 0.601
5470.000 0.592
5475.000 0.596
5480.000 0.589
5485.000 0.587
5490.000 0.585
5495.000 0.585
5500.000 0.581
5505.000 0.577
5510.000 0.577
5515.000 0.578
5520.000 0.568
5525.000 0.571
5530.000 0.567
5535.000 0.559
5540.000 0.559
5545.000 0.557
5550.000 0.561
5555.000 0.553
5560.000 0.554
5565.000 0.550
5570.000 0.553
5575.000 0.544
5580.000 0.544
5585.000 0.547
5590.000 0.541
5595.000 0.542
5600.000 0.543
5605.000 0.539
5610.000 0.537
5615.000 0.535
5620.000 0.535
5625.000 0.537
5630.000 0.536
5635.000 0.529
5640.000 0.531
5645.000 0.531
5650.000 0.531
5655.000 0.531
5660.000 0.527
5665.000 0.534
5670.000 0.534
5675.000 0.531
5680.000 0.532
5685.000 0.532
5690.000 0.534
5695.000 0.531
5700.000 0.538
5705.000 0.536
5710.000 0.538
5715.000 0.537
5720.000 0.535
5725.000 0.535
5730.000 0.537
5735.000 0.536
5740.000 0.544
5745.000 0.543
5750.000 0.545
5755.000 0.542
5760.000 0.549
5765.000 0.548
5770.000 0.553
5775.000 0.558
5780.000 0.552
5785.000 0.553
5790.000 0.563
5795.000 0.562
5800.000 0.568
5805.000 0.568
5810.000 0.569
5815.000 0.573
5820.000 0.580
5825.000 0.581
5830.000 0.582
5835.000 0.589
5840.000 0.601
5845.000 0.601
5850.000 0.600
5855.000 0.605
5860.000 0.612
5865.000 0.612
5870.000 0.620
5875.000 0.627
5880.000 0.634
5885.000 0.641
5890.000 0.638
5895.000 0.654
5900.000 0.655
5905.000 0.663
5910.000 0.672
5915.000 0.671
5920.000 0.678
5925.000 0.685
5930.000 0.702
5935.000 0.707
5940.000 0.735
5945.000 0.729
5950.000 0.733
5955.000 0.743
5960.000 0.753
5965.000 0.768
5970.000 0.779
5975.000 0.795
5980.000 0.797
5985.000 0.809
5990.000 0.826
5995.000 0.840
6000.000 0.850
6005.000 0.868
6010.000 0.883
6015.000 0.903
6020.000 0.919
6025.000 0.933
6030.000 0.955
6035.000 0.979
6040.000 0.993
6045.000 1.011
6050.000 1.037
6055.000 1.058
6060.000 1.085
6065.000 1.116
6070.000 1.142
6075.000 1.177
6080.000 1.212
6085.000 1.243
6090.000 1.287
6095.000 1.307
6100.000 1.352
6105.000 1.402
6110.000 1.451
6115.000 1.494
6120.000 1.560
6125.000 1.627
6130.000 1.701
6135.000 1.775
6140.000 1.857
6145.000 1.956
6150.000 2.065
6155.000 2.193
6160.000 2.254
6165.000 2.395
6170.000 2.555
6175.000 2.757
6180.000 2.970
6185.000 3.238
6190.000 3.545
6195.000 3.927
6200.000 4.414
6205.000 5.025
6210.000 5.810
6215.000 6.841
6220.000 7.544
6225.000 9.256
6230.000 11.634
6235.000 14.542
6240.000 16.708
6245.000 15.656
6250.000 11.746
6255.000 8.359
6260.000 6.572
6265.000 5.542
6270.000 4.765
6275.000 4.233
6280.000 3.827
6285.000 3.682
6290.000 3.427
6295.000 3.232
6300.000 3.062
6305.000 2.901
6310.000 2.761
6315.000 2.616
6320.000 2.490
6325.000 2.364
6330.000 2.252
6335.000 2.146
6340.000 2.103
6345.000 2.013
6350.000 1.925
6355.000 1.852
6360.000 1.779
6365.000 1.717
6370.000 1.658
6375.000 1.607
6380.000 1.555
6385.000 1.515
6390.000 1.470
6395.000 1.432
6400.000 1.404
6405.000 1.386
6410.000 1.354
6415.000 1.328
6420.000 1.306
6425.000 1.278
6430.000 1.260
6435.000 1.238
6440.000 1.219
6445.000 1.206
6450.000 1.195
6455.000 1.184
6460.000 1.173
6465.000 1.173
6470.000 1.170
6475.000 1.167
6480.000 1.163
6485.000 1.173
6490.000 1.181
6495.000 1.187
6500.000 1.193
6505.000 1.217
6510.000 1.244
6515.000 1.272
6520.000 1.312
6525.000 1.368
6530.000 1.400
6535.000 1.470
6540.000 1.566
6545.000 1.710
6550.000 1.915
6555.000 2.218
6560.000 2.709
6565.000 3.757
6570.000 5.633
6575.000 8.749
6580.000 9.595
6585.000 6.238
6590.000 3.151
6595.000 1.327
6600.000 0.797
6605.000 0.640
6610.000 0.465
6615.000 0.264
6620.000 0.208
6625.000 0.126
6630.000 0.067
6635.000 0.020
6640.000 0.025
6645.000 0.040
6650.000 0.072
6655.000 0.098
6660.000 0.114
6665.000 0.130
6670.000 0.151
6675.000 0.164
6680.000 0.178
6685.000 0.184
6690.000 0.196
6695.000 0.211
6700.000 0.213
6705.000 0.227
6710.000 0.227
6715.000 0.233
6720.000 0.239
6725.000 0.239
6730.000 0.247
6735.000 0.250
6740.000 0.252
6745.000 0.257
6750.000 0.261
6755.000 0.261
6760.000 0.265
6765.000 0.269
6770.000 0.275
6775.000 0.267
6780.000 0.274
6785.000 0.275
6790.000 0.282
6795.000 0.286
6800.000 0.286
6805.000 0.286
6810.000 0.283
6815.000 0.287
6820.000 0.296
6825.000 0.295
6830.000 0.294
6835.000 0.291
6840.000 0.297
6845.000 0.300
6850.000 0.301
6855.000 0.298
6860.000 0.305
6865.000 0.312
6870.000 0.309
6875.000 0.308
6880.000 0.312
6885.000 0.315
6890.000 0.314
6895.000 0.322
6900.000 0.320
6905.000 0.318
6910.000 0.325
6915.000 0.328
6920.000 0.331
6925.000 0.326
6930.000 0.332
6935.000 0.329
6940.000 0.337
6945.000 0.341
6950.000 0.342
6955.000 0.345
6960.000 0.345
6965.000 0.351
6970.000 0.356
6975.000 0.356
6980.000 0.357
6985.000 0.361
6990.000 0.364
6995.000 0.361
7000.000 0.366
7005.000 0.376
7010.000 0.373
7015.000 0.378
7020.000 0.387
7025.000 0.381
7030.000 0.386
7035.000 0.387
7040.000 0.394
7045.000 0.400
7050.000 0.401
7055.000 0.407
7060.000 0.410
7065.000 0.412
7070.000 0.423
7075.000 0.427
7080.000 0.433
7085.000 0.436
7090.000 0.441
7095.000 0.448
7100.000 0.454
7105.000 0.460
7110.000 0.463
7115.000 0.469
7120.000 0.476
7125.000 0.481
7130.000 0.483
7135.000 0.493
7140.000 0.500
7145.000 0.506
7150.000 0.511
7155.000 0.524
7160.000 0.530
7165.000 0.539
7170.000 0.548
7175.000 0.566
7180.000 0.573
7185.000 0.581
7190.000 0.591
7195.000 0.597
7200.000 0.607
7205.000 0.624
7210.000 0.635
7215.000 0.646
7220.000 0.669
7225.000 0.680
7230.000 0.697
7235.000 0.712
7240.000 0.722
7245.000 0.740
7250.000 0.759
7255.000 0.779
7260.000 0.792
7265.000 0.817
7270.000 0.838
7275.000 0.862
7280.000 0.888
7285.000 0.917
7290.000 0.946
7295.000 0.982
7300.000 1.011
7305.000 1.046
7310.000 1.086
7315.000 1.108
7320.000 1.149
7325.000 1.201
7330.000 1.251
7335.000 1.305
7340.000 1.365
7345.000 1.429
7350.000 1.512
7355.000 1.593
7360.000 1.681
7365.000 1.779
7370.000 1.895
7375.000 1.962
7380.000 2.073
7385.000 2.222
7390.000 2.401
7395.000 2.619
7400.000 2.855
7405.000 3.150
7410.000 3.512
7415.000 3.949
7420.000 4.495
7425.000 5.195
7430.000 6.103
7435.000 7.295
7440.000 8.016
7445.000 9.831
7450.000 11.870
7455.000 13.287
7460.000 12.810
7465.000 10.491
7470.000 8.131
7475.000 6.471
7480.000 4.918
7485.000 4.031
7490.000 3.771
7495.000 3.460
7500.000 3.312
7505.000 3.081
7510.000 2.833
7515.000 2.628
7520.000 2.438
7525.000 2.280
7530.000 2.146
7535.000 2.018
7540.000 1.909
7545.000 1.806
7550.000 1.720
7555.000 1.676
7560.000 1.602
7565.000 1.538
7570.000 1.483
7575.000 1.411
7580.000 1.362
7585.000 1.313
7590.000 1.267
7595.000 1.228
7600.000 1.190
7605.000 1.164
7610.000 1.130
7615.000 1.097
7620.000 1.077
7625.000 1.057
7630.000 1.027
7635.000 1.005
7640.000 0.986
7645.000 0.966
7650.000 0.943
7655.000 0.921
7660.000 0.901
7665.000 0.892
7670.000 0.874
7675.000 0.854
7680.000 0.850
7685.000 0.833
7690.000 0.822
7695.000 0.811
7700.000 0.805
7705.000 0.790
7710.000 0.777
7715.000 0.768
7720.000 0.760
7725.000 0.753
7730.000 0.742
7735.000 0.735
7740.000 0.729
7745.000 0.725
7750.000 0.721
7755.000 0.714
7760.000 0.707
7765.000 0.700
7770.000 0.695
7775.000 0.686
7780.000 0.687
7785.000 0.686
7790.000 0.678
7795.000 0.675
7800.000 0.677
7805.000 0.675
7810.000 0.676
7815.000 0.667
7820.000 0.665
7825.000 0.666
7830.000 0.662
7835.000 0.663
7840.000 0.661
7845.000 0.661
7850.000 0.667
7855.000 0.661
7860.000 0.661
7865.000 0.663
7870.000 0.672
7875.000 0.669
7880.000 0.680
7885.000 0.678
7890.000 0.684
7895.000 0.685
7900.000 0.691
7905.000 0.695
7910.000 0.699
7915.000 0.711
7920.000 0.716
7925.000 0.716
7930.000 0.733
7935.000 0.740
7940.000 0.753
7945.000 0.766
7950.000 0.779
7955.000 0.789
7960.000 0.811
7965.000 0.837
7970.000 0.858
7975.000 0.880
7980.000 0.910
7985.000 0.923
7990.000 0.959
7995.000 0.995
8000.000 1.048
