2005.000 0.404
2010.000 0.413
2015.000 0.427
2020.000 0.414
2025.000 0.414
2030.000 0.417
2035.000 0.409
2040.000 0.442
2045.000 0.418
2050.000 0.416
2055.000 0.410
2060.000 0.426
2065.000 0.427
2070.000 0.423
2075.000 0.423
2080.000 0.430
2085.000 0.426
2090.000 0.435
2095.000 0.436
2100.000 0.440
2105.000 0.439
2110.000 0.449
2115.000 0.453
2120.000 0.463
2125.000 0.464
2130.000 0.466
2135.000 0.475
2140.000 0.488
2145.000 0.494
2150.000 0.500
2155.000 0.509
2160.000 0.511
2165.000 0.525
2170.000 0.537
2175.000 0.548
2180.000 0.558
2185.000 0.573
2190.000 0.597
2195.000 0.613
2200.000 0.657
2205.000 0.671
2210.000 0.819
2215.000 0.571
2220.000 0.757
2225.000 0.771
2230.000 0.808
2235.000 0.821
2240.000 0.853
2245.000 0.898
2250.000 1.008
2255.000 0.982
2260.000 1.116
2265.000 1.279
2270.000 1.491
2275.000 1.595
2280.000 1.719
2285.000 2.024
2290.000 2.599
2295.000 3.213
2300.000 4.309
2305.000 5.997
2310.000 7.060
2315.000 5.445
2320.000 4.873
2325.000 2.988
2330.000 2.172
2335.000 1.661
2340.000 1.528
2345.000 1.425
2350.000 1.131
2355.000 1.038
2360.000 1.120
2365.000 0.798
2370.000 0.694
2375.000 0.658
2380.000 0.641
2385.000 0.574
2390.000 0.510
2395.000 0.486
2400.000 0.457
2405.000 0.434
2410.000 0.422
2415.000 0.400
2420.000 0.376
2425.000 0.348
2430.000 0.353
2435.000 0.325
2440.000 0.309
2445.000 0.294
2450.000 0.303
2455.000 0.288
2460.000 0.267
2465.000 0.268
2470.000 0.262
2475.000 0.256
2480.000 0.248
2485.000 0.237
2490.000 0.248
2495.000 0.239
2500.000 0.225
2505.000 0.248
2510.000 0.217
2515.000 0.224
2520.000 0.221
2525.000 0.220
2530.000 0.212
2535.000 0.213
2540.000 0.209
2545.000 0.217
2550.000 0.210
2555.000 0.212
2560.000 0.215
2565.000 0.213
2570.000 0.218
2575.000 0.216
2580.000 0.219
2585.000 0.218
2590.000 0.219
2595.000 0.227
2600.000 0.222
2605.000 0.225
2610.000 0.226
2615.000 0.227
2620.000 0.232
2625.000 0.240
2630.000 0.241
2635.000 0.236
2640.000 0.240
2645.000 0.242
2650.000 0.244
2655.000 0.251
2660.000 0.248
2665.000 0.259
2670.000 0.259
2675.000 0.262
2680.000 0.275
2685.000 0.274
2690.000 0.275
2695.000 0.283
2700.000 0.291
2705.000 0.295
2710.000 0.293
2715.000 0.297
2720.000 0.302
2725.000 0.308
2730.000 0.313
2735.000 0.317
2740.000 0.324
2745.000 0.330
2750.000 0.329
2755.000 0.338
2760.000 0.339
2765.000 0.351
2770.000 0.350
2775.000 0.353
2780.000 0.364
2785.000 0.367
2790.000 0.376
2795.000 0.376
2800.000 0.378
2805.000 0.394
2810.000 0.393
2815.000 0.399
2820.000 0.407
2825.000 0.408
2830.000 0.412
2835.000 0.419
2840.000 0.428
2845.000 0.429
2850.000 0.431
2855.000 0.436
2860.000 0.445
2865.000 0.450
2870.000 0.451
2875.000 0.452
2880.000 0.457
2885.000 0.465
2890.000 0.467
2895.000 0.469
2900.000 0.467
2905.000 0.479
2910.000 0.473
2915.000 0.481
2920.000 0.482
2925.000 0.483
2930.000 0.485
2935.000 0.485
2940.000 0.484
2945.000 0.491
2950.000 0.496
2955.000 0.489
2960.000 0.490
2965.000 0.491
2970.000 0.493
2975.000 0.493
2980.000 0.494
2985.000 0.493
2990.000 0.497
2995.000 0.492
3000.000 0.496
3005.000 0.492
3010.000 0.490
3015.000 0.493
3020.000 0.494
3025.000 0.487
3030.000 0.485
3035.000 0.485
3040.000 0.483
3045.000 0.484
3050.000 0.489
3055.000 0.481
3060.000 0.480
3065.000 0.482
3070.000 0.481
3075.000 0.483
3080.000 0.481
3085.000 0.479
3090.000 0.477
3095.000 0.474
3100.000 0.470
3105.000 0.476
3110.000 0.477
3115.000 0.472
3120.000 0.476
3125.000 0.473
3130.000 0.471
3135.000 0.468
3140.000 0.468
3145.000 0.468
3150.000 0.467
3155.000 0.469
3160.000 0.465
3165.000 0.468
3170.000 0.469
3175.000 0.465
3180.000 0.469
3185.000 0.468
3190.000 0.470
3195.000 0.464
3200.000 0.461
3205.000 0.467
3210.000 0.470
3215.000 0.468
3220.000 0.469
3225.000 0.471
3230.000 0.467
3235.000 0.472
3240.000 0.475
3245.000 0.475
3250.000 0.478
3255.000 0.480
3260.000 0.474
3265.000 0.476
3270.000 0.480
3275.000 0.486
3280.000 0.484
3285.000 0.490
3290.000 0.489
3295.000 0.489
3300.000 0.494
3305.000 0.497
3310.000 0.500
3315.000 0.500
3320.000 0.503
3325.000 0.506
3330.000 0.510
3335.000 0.511
3340.000 0.517
3345.000 0.523
3350.000 0.525
3355.000 0.529
3360.000 0.537
3365.000 0.536
3370.000 0.539
3375.000 0.547
3380.000 0.550
3385.000 0.559
3390.000 0.562
3395.000 0.561
3400.000 0.568
3405.000 0.579
3410.000 0.586
3415.000 0.589
3420.000 0.601
3425.000 0.599
3430.000 0.613
3435.000 0.623
3440.000 0.630
3445.000 0.639
3450.000 0.642
3455.000 0.658
3460.000 0.667
3465.000 0.678
3470.000 0.681
3475.000 0.700
3480.000 0.715
3485.000 0.729
3490.000 0.745
3495.000 0.757
3500.000 0.766
3505.000 0.783
3510.000 0.800
3515.000 0.819
3520.000 0.838
3525.000 0.857
3530.000 0.882
3535.000 0.904
3540.000 0.931
3545.000 0.958
3550.000 0.988
3555.000 1.004
3560.000 1.034
3565.000 1.065
3570.000 1.106
3575.000 1.142
3580.000 1.186
3585.000 1.229
3590.000 1.284
3595.000 1.342
3600.000 1.402
3605.000 1.472
3610.000 1.549
3615.000 1.633
3620.000 1.684
3625.000 1.785
3630.000 1.898
3635.000 2.041
3640.000 2.200
3645.000 2.386
3650.000 2.596
3655.000 2.860
3660.000 3.156
3665.000 3.548
3670.000 4.092
3675.000 4.747
3680.000 5.163
3685.000 6.261
3690.000 7.927
3695.000 10.334
3700.000 13.553
3705.000 16.810
3710.000 18.488
3715.000 13.275
3720.000 8.666
3725.000 6.607
3730.000 5.309
3735.000 4.443
3740.000 3.781
3745.000 3.522
3750.000 3.121
3755.000 2.796
3760.000 2.520
3765.000 2.316
3770.000 2.127
3775.000 1.974
3780.000 1.832
3785.000 1.723
3790.000 1.607
3795.000 1.518
3800.000 1.471
3805.000 1.395
3810.000 1.329
3815.000 1.263
3820.000 1.206
3825.000 1.151
3830.000 1.110
3835.000 1.058
3840.000 1.017
3845.000 0.982
3850.000 0.945
3855.000 0.921
3860.000 0.900
3865.000 0.873
3870.000 0.845
3875.000 0.819
3880.000 0.796
3885.000 0.777
3890.000 0.751
3895.000 0.732
3900.000 0.713
3905.000 0.697
3910.000 0.685
3915.000 0.664
3920.000 0.649
3925.000 0.640
3930.000 0.627
3935.000 0.614
3940.000 0.599
3945.000 0.589
3950.000 0.577
3955.000 0.565
3960.000 0.557
3965.000 0.543
3970.000 0.530
3975.000 0.523
3980.000 0.516
3985.000 0.515
3990.000 0.508
3995.000 0.500
4000.000 0.488
4005.000 0.481
4010.000 0.476
4015.000 0.472
4020.000 0.465
4025.000 0.456
4030.000 0.449
4035.000 0.443
4040.000 0.436
4045.000 0.438
4050.000 0.428
4055.000 0.425
4060.000 0.421
4065.000 0.415
4070.000 0.411
4075.000 0.406
4080.000 0.404
4085.000 0.395
4090.000 0.396
4095.000 0.390
4100.000 0.387
4105.000 0.384
4110.000 0.381
4115.000 0.380
4120.000 0.373
4125.000 0.370
4130.000 0.367
4135.000 0.359
4140.000 0.354
4145.000 0.351
4150.000 0.350
4155.000 0.346
4160.000 0.339
4165.000 0.335
4170.000 0.333
4175.000 0.326
4180.000 0.321
4185.000 0.322
4190.000 0.314
4195.000 0.315
4200.000 0.307
4205.000 0.297
4210.000 0.302
4215.000 0.290
4220.000 0.292
4225.000 0.287
4230.000 0.283
4235.000 0.282
4240.000 0.281
4245.000 0.273
4250.000 0.272
4255.000 0.274
4260.000 0.268
4265.000 0.262
4270.000 0.263
4275.000 0.269
4280.000 0.262
4285.000 0.264
4290.000 0.267
4295.000 0.268
4300.000 0.267
4305.000 0.267
4310.000 0.267
4315.000 0.271
4320.000 0.270
4325.000 0.270
4330.000 0.268
4335.000 0.269
4340.000 0.273
4345.000 0.270
4350.000 0.268
4355.000 0.275
4360.000 0.275
4365.000 0.272
4370.000 0.273
4375.000 0.276
4380.000 0.280
4385.000 0.278
4390.000 0.279
4395.000 0.277
4400.000 0.280
4405.000 0.281
4410.000 0.280
4415.000 0.277
4420.000 0.277
4425.000 0.281
4430.000 0.285
4435.000 0.277
4440.000 0.284
4445.000 0.287
4450.000 0.280
4455.000 0.282
4460.000 0.287
4465.000 0.288
4470.000 0.292
4475.000 0.288
4480.000 0.290
4485.000 0.289
4490.000 0.291
4495.000 0.298
4500.000 0.299
4505.000 0.296
4510.000 0.301
4515.000 0.300
4520.000 0.302
4525.000 0.298
4530.000 0.306
4535.000 0.305
4540.000 0.304
4545.000 0.309
4550.000 0.308
4555.000 0.313
4560.000 0.312
4565.000 0.316
4570.000 0.317
4575.000 0.322
4580.000 0.324
4585.000 0.324
4590.000 0.320
4595.000 0.327
4600.000 0.325
4605.000 0.329
4610.000 0.336
4615.000 0.343
4620.000 0.340
4625.000 0.342
4630.000 0.349
4635.000 0.350
4640.000 0.355
4645.000 0.355
4650.000 0.356
4655.000 0.361
4660.000 0.366
4665.000 0.370
4670.000 0.376
4675.000 0.379
4680.000 0.385
4685.000 0.387
4690.000 0.393
4695.000 0.399
4700.000 0.407
4705.000 0.406
4710.000 0.415
4715.000 0.419
4720.000 0.423
4725.000 0.432
4730.000 0.436
4735.000 0.446
4740.000 0.457
4745.000 0.459
4750.000 0.473
4755.000 0.478
4760.000 0.487
4765.000 0.497
4770.000 0.501
4775.000 0.514
4780.000 0.526
4785.000 0.540
4790.000 0.550
4795.000 0.562
4800.000 0.579
4805.000 0.598
4810.000 0.610
4815.000 0.628
4820.000 0.643
4825.000 0.666
4830.000 0.682
4835.000 0.697
4840.000 0.720
4845.000 0.741
4850.000 0.771
4855.000 0.794
4860.000 0.836
4865.000 0.864
4870.000 0.895
4875.000 0.938
4880.000 0.979
4885.000 1.024
4890.000 1.082
4895.000 1.111
4900.000 1.173
4905.000 1.236
4910.000 1.309
4915.000 1.399
4920.000 1.497
4925.000 1.605
4930.000 1.733
4935.000 1.884
4940.000 2.042
4945.000 2.266
4950.000 2.515
4955.000 2.818
4960.000 2.980
4965.000 3.342
4970.000 3.688
4975.000 4.155
4980.000 7.519
4985.000 12.751
4990.000 12.848
4995.000 15.052
5000.000 13.626
5005.000 9.417
5010.000 7.039
5015.000 6.139
5020.000 4.927
5025.000 4.153
5030.000 3.586
5035.000 3.160
5040.000 2.833
5045.000 2.563
5050.000 2.346
5055.000 2.164
5060.000 2.015
5065.000 1.882
5070.000 1.777
5075.000 1.681
5080.000 1.640
5085.000 1.558
5090.000 1.488
5095.000 1.432
5100.000 1.371
5105.000 1.323
5110.000 1.274
5115.000 1.237
5120.000 1.193
5125.000 1.164
5130.000 1.135
5135.000 1.104
5140.000 1.101
5145.000 1.067
5150.000 1.046
5155.000 1.029
5160.000 1.007
5165.000 0.990
5170.000 0.970
5175.000 0.936
5180.000 0.947
5185.000 0.930
5190.000 0.921
5195.000 0.908
5200.000 0.899
5205.000 0.891
5210.000 0.880
5215.000 0.878
5220.000 0.864
5225.000 0.854
5230.000 0.853
5235.000 0.842
5240.000 0.837
5245.000 0.834
5250.000 0.820
5255.000 0.822
5260.000 0.818
5265.000 0.816
5270.000 0.809
5275.000 0.806
5280.000 0.798
5285.000 0.796
5290.000 0.791
5295.000 0.788
5300.000 0.785
5305.000 0.782
5310.000 0.780
5315.000 0.772
5320.000 0.770
5325.000 0.769
5330.000 0.761
5335.000 0.761
5340.000 0.757
5345.000 0.756
5350.000 0.756
5355.000 0.748
5360.000 0.743
5365.000 0.740
5370.000 0.740
5375.000 0.740
5380.000 0.734
5385.000 0.728
5390.000 0.729
5395.000 0.725
5400.000 0.717
5405.000 0.714
5410.000 0.710
5415.000 0.707
5420.000 0.710
5425.000 0.702
5430.000 0.702
5435.000 0.701
5440.000 0.694
5445.000 0.699
5450.000 0.687
5455.000 0.689
5460.000 0.688
5465.000 0.680
5470.000 0.675
5475.000 0.678
5480.000 0.669
5485.000 0.666
5490.000 0.666
5495.000 0.661
5500.000 0.661
5505.000 0.657
5510.000 0.656
5515.000 0.650
5520.000 0.650
5525.000 0.647
5530.000 0.648
5535.000 0.648
5540.000 0.642
5545.000 0.637
5550.000 0.636
5555.000 0.638
5560.000 0.634
5565.000 0.628
5570.000 0.629
5575.000 0.630
5580.000 0.624
5585.000 0.623
5590.000 0.621
5595.000 0.623
5600.000 0.625
5605.000 0.619
5610.000 0.613
5615.000 0.616
5620.000 0.610
5625.000 0.614
5630.000 0.616
5635.000 0.616
5640.000 0.612
5645.000 0.613
5650.000 0.617
5655.000 0.608
5660.000 0.611
5665.000 0.611
5670.000 0.616
5675.000 0.609
5680.000 0.608
5685.000 0.611
5690.000 0.615
5695.000 0.613
5700.000 0.616
5705.000 0.616
5710.000 0.615
5715.000 0.615
5720.000 0.617
5725.000 0.616
5730.000 0.626
5735.000 0.623
5740.000 0.626
5745.000 0.624
5750.000 0.629
5755.000 0.628
5760.000 0.635
5765.000 0.630
5770.000 0.635
5775.000 0.639
5780.000 0.643
5785.000 0.650
5790.000 0.647
5795.000 0.652
5800.000 0.653
5805.000 0.660
5810.000 0.662
5815.000 0.665
5820.000 0.670
5825.000 0.666
5830.000 0.676
5835.000 0.683
5840.000 0.685
5845.000 0.696
5850.000 0.698
5855.000 0.709
5860.000 0.708
5865.000 0.716
5870.000 0.720
5875.000 0.725
5880.000 0.736
5885.000 0.739
5890.000 0.748
5895.000 0.752
5900.000 0.763
5905.000 0.763
5910.000 0.785
5915.000 0.793
5920.000 0.802
5925.000 0.810
5930.000 0.816
5935.000 0.827
5940.000 0.836
5945.000 0.853
5950.000 0.865
5955.000 0.872
5960.000 0.879
5965.000 0.898
5970.000 0.911
5975.000 0.928
5980.000 0.936
5985.000 0.952
5990.000 0.970
5995.000 0.980
6000.000 1.000
6005.000 1.021
6010.000 1.035
6015.000 1.048
6020.000 1.075
6025.000 1.093
6030.000 1.116
6035.000 1.147
6040.000 1.168
6045.000 1.197
6050.000 1.217
6055.000 1.238
6060.000 1.259
6065.000 1.302
6070.000 1.334
6075.000 1.375
6080.000 1.419
6085.000 1.454
6090.000 1.496
6095.000 1.555
6100.000 1.605
6105.000 1.662
6110.000 1.721
6115.000 1.756
6120.000 1.828
6125.000 1.907
6130.000 1.990
6135.000 2.084
6140.000 2.182
6145.000 2.300
6150.000 2.423
6155.000 2.556
6160.000 2.720
6165.000 2.904
6170.000 3.106
6175.000 3.232
6180.000 3.489
6185.000 3.803
6190.000 4.174
6195.000 4.612
6200.000 5.159
6205.000 5.869
6210.000 6.746
6215.000 7.965
6220.000 9.622
6225.000 11.886
6230.000 14.911
6235.000 16.926
6240.000 19.905
6245.000 19.503
6250.000 14.949
6255.000 10.797
6260.000 8.197
6265.000 6.953
6270.000 5.915
6275.000 5.204
6280.000 4.685
6285.000 4.287
6290.000 3.993
6295.000 3.865
6300.000 3.638
6305.000 3.432
6310.000 3.256
6315.000 3.081
6320.000 2.927
6325.000 2.777
6330.000 2.644
6335.000 2.521
6340.000 2.411
6345.000 2.305
6350.000 2.214
6355.000 2.170
6360.000 2.086
6365.000 2.006
6370.000 1.945
6375.000 1.874
6380.000 1.821
6385.000 1.769
6390.000 1.714
6395.000 1.669
6400.000 1.632
6405.000 1.590
6410.000 1.562
6415.000 1.525
6420.000 1.510
6425.000 1.487
6430.000 1.457
6435.000 1.433
6440.000 1.413
6445.000 1.397
6450.000 1.382
6455.000 1.370
6460.000 1.359
6465.000 1.344
6470.000 1.342
6475.000 1.336
6480.000 1.331
6485.000 1.334
6490.000 1.341
6495.000 1.348
6500.000 1.363
6505.000 1.379
6510.000 1.398
6515.000 1.432
6520.000 1.470
6525.000 1.513
6530.000 1.580
6535.000 1.622
6540.000 1.720
6545.000 1.862
6550.000 2.057
6555.000 2.357
6560.000 2.826
6565.000 3.664
6570.000 5.347
6575.000 8.089
6580.000 10.751
6585.000 4.451
6590.000 3.489
6595.000 1.345
6600.000 1.104
6605.000 0.445
6610.000 0.306
6615.000 0.227
6620.000 0.101
6625.000 0.036
6630.000 0.027
6635.000 0.068
6640.000 0.114
6645.000 0.145
6650.000 0.171
6655.000 0.191
6660.000 0.207
6665.000 0.226
6670.000 0.248
6675.000 0.258
6680.000 0.276
6685.000 0.284
6690.000 0.293
6695.000 0.304
6700.000 0.310
6705.000 0.315
6710.000 0.327
6715.000 0.328
6720.000 0.333
6725.000 0.339
6730.000 0.343
6735.000 0.348
6740.000 0.350
6745.000 0.354
6750.000 0.366
6755.000 0.364
6760.000 0.364
6765.000 0.364
6770.000 0.375
6775.000 0.372
6780.000 0.373
6785.000 0.380
6790.000 0.382
6795.000 0.383
6800.000 0.381
6805.000 0.391
6810.000 0.393
6815.000 0.391
6820.000 0.390
6825.000 0.399
6830.000 0.397
6835.000 0.399
6840.000 0.404
6845.000 0.403
6850.000 0.404
6855.000 0.411
6860.000 0.408
6865.000 0.413
6870.000 0.410
6875.000 0.416
6880.000 0.415
6885.000 0.420
6890.000 0.426
6895.000 0.422
6900.000 0.428
6905.000 0.426
6910.000 0.428
6915.000 0.432
6920.000 0.434
6925.000 0.440
6930.000 0.438
6935.000 0.444
6940.000 0.448
6945.000 0.451
6950.000 0.453
6955.000 0.447
6960.000 0.465
6965.000 0.465
6970.000 0.465
6975.000 0.471
6980.000 0.467
6985.000 0.472
6990.000 0.478
6995.000 0.480
7000.000 0.484
7005.000 0.489
7010.000 0.495
7015.000 0.502
7020.000 0.504
7025.000 0.502
7030.000 0.512
7035.000 0.512
7040.000 0.523
7045.000 0.529
7050.000 0.534
7055.000 0.531
7060.000 0.541
7065.000 0.548
7070.000 0.555
7075.000 0.555
7080.000 0.565
7085.000 0.568
7090.000 0.576
7095.000 0.582
7100.000 0.592
7105.000 0.599
7110.000 0.606
7115.000 0.618
7120.000 0.626
7125.000 0.630
7130.000 0.642
7135.000 0.650
7140.000 0.664
7145.000 0.676
7150.000 0.676
7155.000 0.693
7160.000 0.696
7165.000 0.710
7170.000 0.721
7175.000 0.733
7180.000 0.748
7185.000 0.759
7190.000 0.774
7195.000 0.791
7200.000 0.801
7205.000 0.823
7210.000 0.830
7215.000 0.850
7220.000 0.873
7225.000 0.884
7230.000 0.906
7235.000 0.922
7240.000 0.950
7245.000 0.969
7250.000 0.998
7255.000 1.023
7260.000 1.053
7265.000 1.068
7270.000 1.097
7275.000 1.131
7280.000 1.160
7285.000 1.196
7290.000 1.236
7295.000 1.277
7300.000 1.323
7305.000 1.362
7310.000 1.417
7315.000 1.468
7320.000 1.526
7325.000 1.587
7330.000 1.627
7335.000 1.696
7340.000 1.770
7345.000 1.849
7350.000 1.947
7355.000 2.048
7360.000 2.157
7365.000 2.288
7370.000 2.432
7375.000 2.588
7380.000 2.778
7385.000 2.985
7390.000 3.104
7395.000 3.364
7400.000 3.666
7405.000 4.039
7410.000 4.484
7415.000 5.023
7420.000 5.691
7425.000 6.566
7430.000 7.696
7435.000 9.229
7440.000 11.216
7445.000 13.583
7450.000 16.092
7455.000 17.008
7460.000 17.032
7465.000 14.029
7470.000 11.124
7475.000 8.691
7480.000 6.930
7485.000 5.581
7490.000 5.146
7495.000 4.694
7500.000 4.269
7505.000 3.917
7510.000 3.763
7515.000 3.472
7520.000 3.214
7525.000 3.006
7530.000 2.822
7535.000 2.658
7540.000 2.506
7545.000 2.382
7550.000 2.261
7555.000 2.160
7560.000 2.067
7565.000 1.976
7570.000 1.936
7575.000 1.861
7580.000 1.793
7585.000 1.729
7590.000 1.665
7595.000 1.615
7600.000 1.564
7605.000 1.516
7610.000 1.473
7615.000 1.439
7620.000 1.398
7625.000 1.362
7630.000 1.327
7635.000 1.316
7640.000 1.288
7645.000 1.259
7650.000 1.231
7655.000 1.207
7660.000 1.178
7665.000 1.155
7670.000 1.138
7675.000 1.119
7680.000 1.098
7685.000 1.078
7690.000 1.058
7695.000 1.040
7700.000 1.033
7705.000 1.023
7710.000 1.011
7715.000 0.995
7720.000 0.982
7725.000 0.975
7730.000 0.960
7735.000 0.951
7740.000 0.943
7745.000 0.933
7750.000 0.926
7755.000 0.918
7760.000 0.908
7765.000 0.901
7770.000 0.893
7775.000 0.889
7780.000 0.882
7785.000 0.883
7790.000 0.872
7795.000 0.866
7800.000 0.855
7805.000 0.859
7810.000 0.856
7815.000 0.853
7820.000 0.848
7825.000 0.846
7830.000 0.845
7835.000 0.846
7840.000 0.848
7845.000 0.842
7850.000 0.842
7855.000 0.840
7860.000 0.843
7865.000 0.840
7870.000 0.842
7875.000 0.841
7880.000 0.845
7885.000 0.848
7890.000 0.854
7895.000 0.853
7900.000 0.859
7905.000 0.869
7910.000 0.870
7915.000 0.885
7920.000 0.887
7925.000 0.895
7930.000 0.907
7935.000 0.915
7940.000 0.923
7945.000 0.930
7950.000 0.950
7955.000 0.969
7960.000 0.985
7965.000 1.007
7970.000 1.035
7975.000 1.060
7980.000 1.087
7985.000 1.128
7990.000 1.161
7995.000 1.177
8000.000 1.225
