2005.000 0.415
2010.000 0.417
2015.000 0.427
2020.000 0.423
2025.000 0.414
2030.000 0.414
2035.000 0.419
2040.000 0.417
2045.000 0.424
2050.000 0.420
2055.000 0.427
2060.000 0.422
2065.000 0.428
2070.000 0.423
2075.000 0.427
2080.000 0.426
2085.000 0.436
2090.000 0.438
2095.000 0.446
2100.000 0.443
2105.000 0.453
2110.000 0.453
2115.000 0.456
2120.000 0.455
2125.000 0.464
2130.000 0.476
2135.000 0.477
2140.000 0.486
2145.000 0.484
2150.000 0.499
2155.000 0.509
2160.000 0.521
2165.000 0.532
2170.000 0.532
2175.000 0.633
2180.000 0.571
2185.000 0.584
2190.000 0.596
2195.000 0.619
2200.000 0.628
2205.000 0.656
2210.000 0.678
2215.000 0.701
2220.000 0.732
2225.000 0.767
2230.000 0.779
2235.000 0.824
2240.000 0.878
2245.000 0.926
2250.000 0.985
2255.000 1.079
2260.000 1.130
2265.000 1.273
2270.000 1.402
2275.000 1.663
2280.000 1.910
2285.000 2.215
2290.000 2.481
2295.000 3.189
2300.000 4.153
2305.000 5.690
2310.000 7.033
2315.000 5.926
2320.000 5.233
2325.000 3.145
2330.000 2.289
2335.000 1.716
2340.000 1.500
2345.000 1.282
2350.000 1.128
2355.000 1.248
2360.000 0.882
2365.000 0.881
2370.000 0.762
2375.000 0.660
2380.000 0.639
2385.000 0.526
2390.000 0.535
2395.000 0.505
2400.000 0.471
2405.000 0.470
2410.000 0.419
2415.000 0.402
2420.000 0.409
2425.000 0.424
2430.000 0.342
2435.000 0.325
2440.000 0.328
2445.000 0.302
2450.000 0.298
2455.000 0.292
2460.000 0.291
2465.000 0.262
2470.000 0.268
2475.000 0.259
2480.000 0.247
2485.000 0.242
2490.000 0.242
2495.000 0.235
2500.000 0.238
2505.000 0.224
2510.000 0.222
2515.000 0.215
2520.000 0.230
2525.000 0.220
2530.000 0.218
2535.000 0.223
2540.000 0.222
2545.000 0.217
2550.000 0.225
2555.000 0.220
2560.000 0.213
2565.000 0.220
2570.000 0.220
2575.000 0.210
2580.000 0.224
2585.000 0.218
2590.000 0.229
2595.000 0.222
2600.000 0.227
2605.000 0.231
2610.000 0.229
2615.000 0.234
2620.000 0.238
2625.000 0.241
2630.000 0.244
2635.000 0.235
2640.000 0.242
2645.000 0.252
2650.000 0.255
2655.000 0.258
2660.000 0.258
2665.000 0.262
2670.000 0.270
2675.000 0.270
2680.000 0.275
2685.000 0.282
2690.000 0.284
2695.000 0.285
2700.000 0.292
2705.000 0.298
2710.000 0.304
2715.000 0.304
2720.000 0.307
2725.000 0.317
2730.000 0.316
2735.000 0.326
2740.000 0.327
2745.000 0.333
2750.000 0.340
2755.000 0.351
2760.000 0.350
2765.000 0.367
2770.000 0.354
2775.000 0.376
2780.000 0.369
2785.000 0.375
2790.000 0.387
2795.000 0.390
2800.000 0.399
2805.000 0.402
2810.000 0.406
2815.000 0.411
2820.000 0.414
2825.000 0.422
2830.000 0.425
2835.000 0.426
2840.000 0.431
2845.000 0.439
2850.000 0.443
2855.000 0.449
2860.000 0.450
2865.000 0.460
2870.000 0.463
2875.000 0.465
2880.000 0.475
2885.000 0.466
2890.000 0.483
2895.000 0.477
2900.000 0.481
2905.000 0.490
2910.000 0.489
2915.000 0.488
2920.000 0.494
2925.000 0.495
2930.000 0.496
2935.000 0.500
2940.000 0.497
2945.000 0.506
2950.000 0.503
2955.000 0.508
2960.000 0.507
2965.000 0.509
2970.000 0.505
2975.000 0.505
2980.000 0.510
2985.000 0.508
2990.000 0.505
2995.000 0.507
3000.000 0.504
3005.000 0.505
3010.000 0.506
3015.000 0.509
3020.000 0.498
3025.000 0.498
3030.000 0.509
3035.000 0.497
3040.000 0.497
3045.000 0.502
3050.000 0.502
3055.000 0.495
3060.000 0.498
3065.000 0.498
3070.000 0.497
3075.000 0.491
3080.000 0.486
3085.000 0.495
3090.000 0.487
3095.000 0.492
3100.000 0.483
3105.000 0.489
3110.000 0.480
3115.000 0.489
3120.000 0.482
3125.000 0.488
3130.000 0.485
3135.000 0.484
3140.000 0.482
3145.000 0.484
3150.000 0.480
3155.000 0.481
3160.000 0.476
3165.000 0.485
3170.000 0.489
3175.000 0.486
3180.000 0.484
3185.000 0.477
3190.000 0.485
3195.000 0.480
3200.000 0.480
3205.000 0.480
3210.000 0.479
3215.000 0.485
3220.000 0.487
3225.000 0.484
3230.000 0.489
3235.000 0.486
3240.000 0.488
3245.000 0.494
3250.000 0.488
3255.000 0.496
3260.000 0.491
3265.000 0.492
3270.000 0.498
3275.000 0.497
3280.000 0.498
3285.000 0.506
3290.000 0.509
3295.000 0.504
3300.000 0.508
3305.000 0.508
3310.000 0.518
3315.000 0.521
3320.000 0.523
3325.000 0.517
3330.000 0.526
3335.000 0.527
3340.000 0.532
3345.000 0.533
3350.000 0.537
3355.000 0.546
3360.000 0.552
3365.000 0.551
3370.000 0.560
3375.000 0.568
3380.000 0.573
3385.000 0.571
3390.000 0.582
3395.000 0.586
3400.000 0.592
3405.000 0.598
3410.000 0.600
3415.000 0.610
3420.000 0.619
3425.000 0.626
3430.000 0.640
3435.000 0.643
3440.000 0.651
3445.000 0.666
3450.000 0.664
3455.000 0.677
3460.000 0.689
3465.000 0.701
3470.000 0.714
3475.000 0.723
3480.000 0.734
3485.000 0.747
3490.000 0.767
3495.000 0.785
3500.000 0.799
3505.000 0.806
3510.000 0.821
3515.000 0.840
3520.000 0.857
3525.000 0.887
3530.000 0.906
3535.000 0.935
3540.000 0.954
3545.000 0.985
3550.000 1.010
3555.000 1.045
3560.000 1.077
3565.000 1.093
3570.000 1.129
3575.000 1.171
3580.000 1.210
3585.000 1.262
3590.000 1.314
3595.000 1.369
3600.000 1.434
3605.000 1.504
3610.000 1.586
3615.000 1.665
3620.000 1.757
3625.000 1.873
3630.000 1.931
3635.000 2.068
3640.000 2.219
3645.000 2.402
3650.000 2.616
3655.000 2.878
3660.000 3.185
3665.000 3.568
3670.000 4.081
3675.000 4.751
3680.000 5.639
3685.000 6.936
3690.000 7.790
3695.000 10.084
3700.000 13.094
3705.000 15.570
3710.000 16.692
3715.000 13.730
3720.000 9.143
3725.000 6.902
3730.000 5.540
3735.000 4.626
3740.000 3.956
3745.000 3.459
3750.000 3.252
3755.000 2.919
3760.000 2.626
3765.000 2.403
3770.000 2.207
3775.000 2.048
3780.000 1.902
3785.000 1.783
3790.000 1.669
3795.000 1.575
3800.000 1.485
3805.000 1.408
3810.000 1.375
3815.000 1.311
3820.000 1.250
3825.000 1.194
3830.000 1.145
3835.000 1.098
3840.000 1.060
3845.000 1.015
3850.000 0.983
3855.000 0.947
3860.000 0.914
3865.000 0.889
3870.000 0.861
3875.000 0.852
3880.000 0.823
3885.000 0.801
3890.000 0.779
3895.000 0.757
3900.000 0.736
3905.000 0.716
3910.000 0.705
3915.000 0.683
3920.000 0.669
3925.000 0.652
3930.000 0.639
3935.000 0.631
3940.000 0.617
3945.000 0.606
3950.000 0.593
3955.000 0.582
3960.000 0.576
3965.000 0.566
3970.000 0.553
3975.000 0.547
3980.000 0.542
3985.000 0.525
3990.000 0.521
3995.000 0.511
4000.000 0.500
4005.000 0.498
4010.000 0.491
4015.000 0.490
4020.000 0.483
4025.000 0.476
4030.000 0.466
4035.000 0.458
4040.000 0.458
4045.000 0.452
4050.000 0.447
4055.000 0.441
4060.000 0.438
4065.000 0.431
4070.000 0.430
4075.000 0.426
4080.000 0.422
4085.000 0.410
4090.000 0.409
4095.000 0.407
4100.000 0.403
4105.000 0.401
4110.000 0.397
4115.000 0.393
4120.000 0.394
4125.000 0.390
4130.000 0.381
4135.000 0.372
4140.000 0.375
4145.000 0.368
4150.000 0.365
4155.000 0.361
4160.000 0.354
4165.000 0.351
4170.000 0.351
4175.000 0.338
4180.000 0.341
4185.000 0.336
4190.000 0.329
4195.000 0.329
4200.000 0.318
4205.000 0.320
4210.000 0.318
4215.000 0.305
4220.000 0.305
4225.000 0.291
4230.000 0.292
4235.000 0.291
4240.000 0.288
4245.000 0.286
4250.000 0.286
4255.000 0.281
4260.000 0.278
4265.000 0.277
4270.000 0.276
4275.000 0.280
4280.000 0.276
4285.000 0.279
4290.000 0.279
4295.000 0.278
4300.000 0.282
4305.000 0.280
4310.000 0.279
4315.000 0.280
4320.000 0.283
4325.000 0.283
4330.000 0.280
4335.000 0.287
4340.000 0.280
4345.000 0.288
4350.000 0.284
4355.000 0.286
4360.000 0.284
4365.000 0.286
4370.000 0.288
4375.000 0.289
4380.000 0.290
4385.000 0.292
4390.000 0.291
4395.000 0.289
4400.000 0.293
4405.000 0.289
4410.000 0.298
4415.000 0.293
4420.000 0.293
4425.000 0.295
4430.000 0.298
4435.000 0.298
4440.000 0.290
4445.000 0.302
4450.000 0.302
4455.000 0.302
4460.000 0.304
4465.000 0.302
4470.000 0.301
4475.000 0.304
4480.000 0.308
4485.000 0.306
4490.000 0.308
4495.000 0.307
4500.000 0.307
4505.000 0.319
4510.000 0.319
4515.000 0.313
4520.000 0.322
4525.000 0.322
4530.000 0.322
4535.000 0.320
4540.000 0.319
4545.000 0.324
4550.000 0.324
4555.000 0.327
4560.000 0.334
4565.000 0.328
4570.000 0.339
4575.000 0.335
4580.000 0.338
4585.000 0.346
4590.000 0.341
4595.000 0.343
4600.000 0.352
4605.000 0.355
4610.000 0.358
4615.000 0.359
4620.000 0.359
4625.000 0.363
4630.000 0.371
4635.000 0.368
4640.000 0.372
4645.000 0.376
4650.000 0.380
4655.000 0.386
4660.000 0.393
4665.000 0.394
4670.000 0.391
4675.000 0.401
4680.000 0.404
4685.000 0.414
4690.000 0.416
4695.000 0.424
4700.000 0.429
4705.000 0.432
4710.000 0.442
4715.000 0.446
4720.000 0.448
4725.000 0.463
4730.000 0.467
4735.000 0.476
4740.000 0.483
4745.000 0.494
4750.000 0.502
4755.000 0.509
4760.000 0.521
4765.000 0.525
4770.000 0.541
4775.000 0.549
4780.000 0.565
4785.000 0.575
4790.000 0.585
4795.000 0.601
4800.000 0.619
4805.000 0.634
4810.000 0.648
4815.000 0.670
4820.000 0.683
4825.000 0.702
4830.000 0.725
4835.000 0.750
4840.000 0.775
4845.000 0.784
4850.000 0.816
4855.000 0.846
4860.000 0.879
4865.000 0.913
4870.000 0.952
4875.000 0.992
4880.000 1.042
4885.000 1.089
4890.000 1.143
4895.000 1.202
4900.000 1.276
4905.000 1.351
4910.000 1.388
4915.000 1.482
4920.000 1.583
4925.000 1.701
4930.000 1.835
4935.000 1.990
4940.000 2.175
4945.000 2.392
4950.000 2.652
4955.000 2.989
4960.000 3.363
4965.000 3.574
4970.000 4.002
4975.000 4.467
4980.000 7.339
4985.000 12.902
4990.000 13.111
4995.000 15.348
5000.000 14.738
5005.000 10.640
5010.000 7.637
5015.000 6.024
5020.000 4.918
5025.000 4.527
5030.000 3.890
5035.000 3.409
5040.000 3.049
5045.000 2.746
5050.000 2.526
5055.000 2.332
5060.000 2.162
5065.000 2.030
5070.000 1.908
5075.000 1.803
5080.000 1.716
5085.000 1.635
5090.000 1.596
5095.000 1.530
5100.000 1.475
5105.000 1.419
5110.000 1.370
5115.000 1.324
5120.000 1.282
5125.000 1.251
5130.000 1.213
5135.000 1.190
5140.000 1.157
5145.000 1.133
5150.000 1.120
5155.000 1.096
5160.000 1.079
5165.000 1.062
5170.000 1.041
5175.000 1.025
5180.000 1.013
5185.000 0.995
5190.000 0.985
5195.000 0.971
5200.000 0.960
5205.000 0.954
5210.000 0.942
5215.000 0.936
5220.000 0.925
5225.000 0.923
5230.000 0.915
5235.000 0.905
5240.000 0.899
5245.000 0.891
5250.000 0.884
5255.000 0.883
5260.000 0.873
5265.000 0.871
5270.000 0.864
5275.000 0.868
5280.000 0.860
5285.000 0.857
5290.000 0.853
5295.000 0.852
5300.000 0.843
5305.000 0.845
5310.000 0.833
5315.000 0.835
5320.000 0.828
5325.000 0.824
5330.000 0.826
5335.000 0.820
5340.000 0.816
5345.000 0.821
5350.000 0.810
5355.000 0.808
5360.000 0.803
5365.000 0.807
5370.000 0.795
5375.000 0.795
5380.000 0.790
5385.000 0.789
5390.000 0.788
5395.000 0.776
5400.000 0.780
5405.000 0.782
5410.000 0.776
5415.000 0.768
5420.000 0.763
5425.000 0.765
5430.000 0.757
5435.000 0.755
5440.000 0.749
5445.000 0.749
5450.000 0.746
5455.000 0.745
5460.000 0.742
5465.000 0.740
5470.000 0.737
5475.000 0.728
5480.000 0.728
5485.000 0.725
5490.000 0.720
5495.000 0.716
5500.000 0.715
5505.000 0.711
5510.000 0.714
5515.000 0.706
5520.000 0.707
5525.000 0.703
5530.000 0.702
5535.000 0.697
5540.000 0.694
5545.000 0.695
5550.000 0.688
5555.000 0.690
5560.000 0.684
5565.000 0.687
5570.000 0.682
5575.000 0.686
5580.000 0.676
5585.000 0.676
5590.000 0.674
5595.000 0.673
5600.000 0.674
5605.000 0.674
5610.000 0.673
5615.000 0.673
5620.000 0.673
5625.000 0.672
5630.000 0.670
5635.000 0.668
5640.000 0.670
5645.000 0.667
5650.000 0.669
5655.000 0.669
5660.000 0.668
5665.000 0.665
5670.000 0.669
5675.000 0.669
5680.000 0.671
5685.000 0.671
5690.000 0.667
5695.000 0.669
5700.000 0.668
5705.000 0.672
5710.000 0.676
5715.000 0.674
5720.000 0.671
5725.000 0.674
5730.000 0.680
5735.000 0.681
5740.000 0.681
5745.000 0.678
5750.000 0.693
5755.000 0.687
5760.000 0.694
5765.000 0.694
5770.000 0.697
5775.000 0.697
5780.000 0.707
5785.000 0.709
5790.000 0.711
5795.000 0.720
5800.000 0.718
5805.000 0.720
5810.000 0.723
5815.000 0.723
5820.000 0.734
5825.000 0.739
5830.000 0.744
5835.000 0.743
5840.000 0.753
5845.000 0.761
5850.000 0.766
5855.000 0.770
5860.000 0.775
5865.000 0.788
5870.000 0.794
5875.000 0.799
5880.000 0.803
5885.000 0.808
5890.000 0.823
5895.000 0.825
5900.000 0.843
5905.000 0.843
5910.000 0.859
5915.000 0.867
5920.000 0.879
5925.000 0.884
5930.000 0.899
5935.000 0.908
5940.000 0.926
5945.000 0.929
5950.000 0.940
5955.000 0.955
5960.000 0.967
5965.000 0.983
5970.000 0.993
5975.000 1.019
5980.000 1.031
5985.000 1.046
5990.000 1.081
5995.000 1.084
6000.000 1.097
6005.000 1.117
6010.000 1.137
6015.000 1.163
6020.000 1.181
6025.000 1.206
6030.000 1.239
6035.000 1.261
6040.000 1.288
6045.000 1.317
6050.000 1.347
6055.000 1.381
6060.000 1.399
6065.000 1.442
6070.000 1.476
6075.000 1.519
6080.000 1.565
6085.000 1.617
6090.000 1.668
6095.000 1.721
6100.000 1.784
6105.000 1.850
6110.000 1.913
6115.000 1.989
6120.000 2.069
6125.000 2.109
6130.000 2.206
6135.000 2.306
6140.000 2.427
6145.000 2.548
6150.000 2.686
6155.000 2.844
6160.000 3.029
6165.000 3.228
6170.000 3.457
6175.000 3.719
6180.000 4.025
6185.000 4.203
6190.000 4.619
6195.000 5.148
6200.000 5.758
6205.000 6.535
6210.000 7.537
6215.000 8.857
6220.000 10.704
6225.000 13.257
6230.000 16.616
6235.000 20.343
6240.000 21.689
6245.000 21.297
6250.000 16.764
6255.000 12.930
6260.000 9.801
6265.000 8.097
6270.000 6.890
6275.000 5.993
6280.000 5.350
6285.000 4.891
6290.000 4.533
6295.000 4.232
6300.000 3.976
6305.000 3.859
6310.000 3.647
6315.000 3.444
6320.000 3.265
6325.000 3.093
6330.000 2.946
6335.000 2.808
6340.000 2.674
6345.000 2.559
6350.000 2.459
6355.000 2.360
6360.000 2.264
6365.000 2.220
6370.000 2.144
6375.000 2.075
6380.000 2.010
6385.000 1.971
6390.000 1.901
6395.000 1.855
6400.000 1.810
6405.000 1.763
6410.000 1.724
6415.000 1.685
6420.000 1.657
6425.000 1.623
6430.000 1.605
6435.000 1.581
6440.000 1.554
6445.000 1.536
6450.000 1.517
6455.000 1.499
6460.000 1.491
6465.000 1.477
6470.000 1.465
6475.000 1.458
6480.000 1.454
6485.000 1.458
6490.000 1.455
6495.000 1.458
6500.000 1.474
6505.000 1.486
6510.000 1.504
6515.000 1.534
6520.000 1.567
6525.000 1.617
6530.000 1.684
6535.000 1.758
6540.000 1.870
6545.000 2.027
6550.000 2.122
6555.000 2.389
6560.000 2.853
6565.000 3.605
6570.000 5.070
6575.000 7.853
6580.000 10.315
6585.000 4.557
6590.000 3.032
6595.000 0.945
6600.000 0.677
6605.000 0.282
6610.000 0.215
6615.000 0.185
6620.000 0.051
6625.000 0.038
6630.000 0.099
6635.000 0.142
6640.000 0.185
6645.000 0.222
6650.000 0.247
6655.000 0.269
6660.000 0.295
6665.000 0.313
6670.000 0.330
6675.000 0.333
6680.000 0.347
6685.000 0.354
6690.000 0.368
6695.000 0.382
6700.000 0.388
6705.000 0.391
6710.000 0.399
6715.000 0.404
6720.000 0.411
6725.000 0.411
6730.000 0.418
6735.000 0.423
6740.000 0.432
6745.000 0.432
6750.000 0.435
6755.000 0.436
6760.000 0.441
6765.000 0.442
6770.000 0.442
6775.000 0.450
6780.000 0.446
6785.000 0.452
6790.000 0.457
6795.000 0.456
6800.000 0.458
6805.000 0.462
6810.000 0.466
6815.000 0.465
6820.000 0.466
6825.000 0.471
6830.000 0.474
6835.000 0.468
6840.000 0.474
6845.000 0.483
6850.000 0.479
6855.000 0.480
6860.000 0.481
6865.000 0.486
6870.000 0.491
6875.000 0.492
6880.000 0.498
6885.000 0.497
6890.000 0.496
6895.000 0.502
6900.000 0.506
6905.000 0.506
6910.000 0.513
6915.000 0.511
6920.000 0.513
6925.000 0.518
6930.000 0.521
6935.000 0.522
6940.000 0.526
6945.000 0.533
6950.000 0.534
6955.000 0.542
6960.000 0.541
6965.000 0.548
6970.000 0.544
6975.000 0.548
6980.000 0.555
6985.000 0.560
6990.000 0.560
6995.000 0.569
7000.000 0.572
7005.000 0.573
7010.000 0.585
7015.000 0.586
7020.000 0.592
7025.000 0.595
7030.000 0.604
7035.000 0.605
7040.000 0.611
7045.000 0.618
7050.000 0.619
7055.000 0.630
7060.000 0.633
7065.000 0.640
7070.000 0.651
7075.000 0.659
7080.000 0.667
7085.000 0.667
7090.000 0.675
7095.000 0.686
7100.000 0.693
7105.000 0.706
7110.000 0.708
7115.000 0.720
7120.000 0.727
7125.000 0.740
7130.000 0.749
7135.000 0.757
7140.000 0.773
7145.000 0.781
7150.000 0.794
7155.000 0.803
7160.000 0.811
7165.000 0.833
7170.000 0.842
7175.000 0.851
7180.000 0.870
7185.000 0.889
7190.000 0.908
7195.000 0.924
7200.000 0.941
7205.000 0.962
7210.000 0.982
7215.000 0.990
7220.000 1.014
7225.000 1.040
7230.000 1.062
7235.000 1.087
7240.000 1.107
7245.000 1.134
7250.000 1.164
7255.000 1.193
7260.000 1.222
7265.000 1.264
7270.000 1.296
7275.000 1.318
7280.000 1.359
7285.000 1.394
7290.000 1.435
7295.000 1.485
7300.000 1.538
7305.000 1.593
7310.000 1.651
7315.000 1.718
7320.000 1.783
7325.000 1.853
7330.000 1.933
7335.000 2.026
7340.000 2.078
7345.000 2.156
7350.000 2.265
7355.000 2.386
7360.000 2.513
7365.000 2.661
7370.000 2.830
7375.000 3.007
7380.000 3.220
7385.000 3.460
7390.000 3.745
7395.000 4.058
7400.000 4.441
7405.000 4.666
7410.000 5.161
7415.000 5.798
7420.000 6.562
7425.000 7.536
7430.000 8.886
7435.000 10.573
7440.000 12.766
7445.000 15.466
7450.000 18.368
7455.000 19.458
7460.000 18.907
7465.000 16.034
7470.000 12.697
7475.000 10.237
7480.000 8.619
7485.000 7.151
7490.000 6.362
7495.000 5.753
7500.000 5.190
7505.000 4.744
7510.000 4.346
7515.000 4.004
7520.000 3.856
7525.000 3.594
7530.000 3.362
7535.000 3.139
7540.000 2.962
7545.000 2.803
7550.000 2.667
7555.000 2.551
7560.000 2.440
7565.000 2.339
7570.000 2.247
7575.000 2.164
7580.000 2.080
7585.000 2.044
7590.000 1.973
7595.000 1.907
7600.000 1.848
7605.000 1.791
7610.000 1.738
7615.000 1.688
7620.000 1.649
7625.000 1.606
7630.000 1.561
7635.000 1.527
7640.000 1.496
7645.000 1.477
7650.000 1.448
7655.000 1.415
7660.000 1.386
7665.000 1.357
7670.000 1.332
7675.000 1.309
7680.000 1.285
7685.000 1.265
7690.000 1.247
7695.000 1.222
7700.000 1.218
7705.000 1.203
7710.000 1.181
7715.000 1.168
7720.000 1.155
7725.000 1.142
7730.000 1.126
7735.000 1.112
7740.000 1.101
7745.000 1.087
7750.000 1.079
7755.000 1.069
7760.000 1.056
7765.000 1.053
7770.000 1.045
7775.000 1.035
7780.000 1.028
7785.000 1.025
7790.000 1.018
7795.000 1.010
7800.000 1.006
7805.000 0.999
7810.000 0.990
7815.000 0.984
7820.000 0.986
7825.000 0.982
7830.000 0.977
7835.000 0.979
7840.000 0.975
7845.000 0.971
7850.000 0.975
7855.000 0.975
7860.000 0.973
7865.000 0.973
7870.000 0.975
7875.000 0.975
7880.000 0.975
7885.000 0.981
7890.000 0.983
7895.000 0.984
7900.000 0.989
7905.000 0.989
7910.000 0.997
7915.000 1.009
7920.000 1.019
7925.000 1.025
7930.000 1.033
7935.000 1.050
7940.000 1.059
7945.000 1.066
7950.000 1.081
7955.000 1.095
7960.000 1.113
7965.000 1.130
7970.000 1.157
7975.000 1.185
7980.000 1.213
7985.000 1.246
7990.000 1.283
7995.000 1.330
8000.000 1.380
