2005.000 0.418
2010.000 0.426
2015.000 0.424
2020.000 0.432
2025.000 0.425
2030.000 0.417
2035.000 0.431
2040.000 0.431
2045.000 0.426
2050.000 0.422
2055.000 0.423
2060.000 0.425
2065.000 0.428
2070.000 0.432
2075.000 0.429
2080.000 0.430
2085.000 0.437
2090.000 0.433
2095.000 0.448
2100.000 0.441
2105.000 0.444
2110.000 0.456
2115.000 0.456
2120.000 0.467
2125.000 0.471
2130.000 0.477
2135.000 0.484
2140.000 0.484
2145.000 0.491
2150.000 0.506
2155.000 0.509
2160.000 0.524
2165.000 0.534
2170.000 0.538
2175.000 0.556
2180.000 0.575
2185.000 0.593
2190.000 0.635
2195.000 0.616
2200.000 0.635
2205.000 0.655
2210.000 0.666
2215.000 0.699
2220.000 0.728
2225.000 0.768
2230.000 0.786
2235.000 0.841
2240.000 1.001
2245.000 1.101
2250.000 0.993
2255.000 1.116
2260.000 1.117
2265.000 1.256
2270.000 1.531
2275.000 1.403
2280.000 1.892
2285.000 2.262
2290.000 2.678
2295.000 3.692
2300.000 4.836
2305.000 6.533
2310.000 7.084
2315.000 6.116
2320.000 5.469
2325.000 2.987
2330.000 2.357
2335.000 1.840
2340.000 1.521
2345.000 1.219
2350.000 1.085
2355.000 1.111
2360.000 0.885
2365.000 0.766
2370.000 0.716
2375.000 0.672
2380.000 0.645
2385.000 0.558
2390.000 0.515
2395.000 0.491
2400.000 0.473
2405.000 0.444
2410.000 0.417
2415.000 0.405
2420.000 0.396
2425.000 0.371
2430.000 0.353
2435.000 0.338
2440.000 0.324
2445.000 0.340
2450.000 0.330
2455.000 0.338
2460.000 0.403
2465.000 0.302
2470.000 0.270
2475.000 0.256
2480.000 0.242
2485.000 0.243
2490.000 0.232
2495.000 0.243
2500.000 0.245
2505.000 0.232
2510.000 0.240
2515.000 0.227
2520.000 0.228
2525.000 0.226
2530.000 0.218
2535.000 0.214
2540.000 0.225
2545.000 0.217
2550.000 0.219
2555.000 0.222
2560.000 0.221
2565.000 0.219
2570.000 0.215
2575.000 0.206
2580.000 0.227
2585.000 0.221
2590.000 0.232
2595.000 0.234
2600.000 0.227
2605.000 0.229
2610.000 0.234
2615.000 0.242
2620.000 0.235
2625.000 0.242
2630.000 0.244
2635.000 0.245
2640.000 0.248
2645.000 0.256
2650.000 0.255
2655.000 0.259
2660.000 0.269
2665.000 0.272
2670.000 0.262
2675.000 0.269
2680.000 0.279
2685.000 0.282
2690.000 0.292
2695.000 0.286
2700.000 0.321
2705.000 0.301
2710.000 0.309
2715.000 0.315
2720.000 0.320
2725.000 0.322
2730.000 0.324
2735.000 0.332
2740.000 0.334
2745.000 0.332
2750.000 0.341
2755.000 0.357
2760.000 0.353
2765.000 0.369
2770.000 0.367
2775.000 0.374
2780.000 0.375
2785.000 0.392
2790.000 0.384
2795.000 0.395
2800.000 0.393
2805.000 0.406
2810.000 0.411
2815.000 0.416
2820.000 0.417
2825.000 0.426
2830.000 0.432
2835.000 0.439
2840.000 0.440
2845.000 0.443
2850.000 0.456
2855.000 0.458
2860.000 0.458
2865.000 0.467
2870.000 0.466
2875.000 0.472
2880.000 0.474
2885.000 0.480
2890.000 0.484
2895.000 0.486
2900.000 0.488
2905.000 0.490
2910.000 0.494
2915.000 0.498
2920.000 0.501
2925.000 0.499
2930.000 0.505
2935.000 0.510
2940.000 0.500
2945.000 0.511
2950.000 0.507
2955.000 0.512
2960.000 0.509
2965.000 0.516
2970.000 0.512
2975.000 0.503
2980.000 0.504
2985.000 0.512
2990.000 0.510
2995.000 0.506
3000.000 0.508
3005.000 0.507
3010.000 0.503
3015.000 0.510
3020.000 0.508
3025.000 0.505
3030.000 0.502
3035.000 0.502
3040.000 0.499
3045.000 0.502
3050.000 0.502
3055.000 0.499
3060.000 0.502
3065.000 0.496
3070.000 0.495
3075.000 0.492
3080.000 0.490
3085.000 0.494
3090.000 0.496
3095.000 0.490
3100.000 0.494
3105.000 0.487
3110.000 0.494
3115.000 0.492
3120.000 0.490
3125.000 0.488
3130.000 0.487
3135.000 0.483
3140.000 0.489
3145.000 0.484
3150.000 0.489
3155.000 0.480
3160.000 0.485
3165.000 0.483
3170.000 0.487
3175.000 0.484
3180.000 0.481
3185.000 0.487
3190.000 0.481
3195.000 0.485
3200.000 0.489
3205.000 0.479
3210.000 0.483
3215.000 0.487
3220.000 0.488
3225.000 0.491
3230.000 0.491
3235.000 0.490
3240.000 0.494
3245.000 0.489
3250.000 0.496
3255.000 0.489
3260.000 0.498
3265.000 0.496
3270.000 0.498
3275.000 0.503
3280.000 0.508
3285.000 0.506
3290.000 0.507
3295.000 0.508
3300.000 0.508
3305.000 0.515
3310.000 0.516
3315.000 0.520
3320.000 0.524
3325.000 0.525
3330.000 0.534
3335.000 0.533
3340.000 0.538
3345.000 0.546
3350.000 0.546
3355.000 0.544
3360.000 0.557
3365.000 0.556
3370.000 0.559
3375.000 0.565
3380.000 0.576
3385.000 0.579
3390.000 0.584
3395.000 0.590
3400.000 0.598
3405.000 0.602
3410.000 0.609
3415.000 0.611
3420.000 0.627
3425.000 0.635
3430.000 0.643
3435.000 0.650
3440.000 0.656
3445.000 0.666
3450.000 0.678
3455.000 0.686
3460.000 0.698
3465.000 0.703
3470.000 0.720
3475.000 0.730
3480.000 0.742
3485.000 0.760
3490.000 0.772
3495.000 0.791
3500.000 0.803
3505.000 0.824
3510.000 0.845
3515.000 0.858
3520.000 0.880
3525.000 0.900
3530.000 0.911
3535.000 0.936
3540.000 0.964
3545.000 0.988
3550.000 1.013
3555.000 1.060
3560.000 1.089
3565.000 1.123
3570.000 1.162
3575.000 1.204
3580.000 1.249
3585.000 1.303
3590.000 1.356
3595.000 1.388
3600.000 1.447
3605.000 1.525
3610.000 1.604
3615.000 1.685
3620.000 1.787
3625.000 1.896
3630.000 2.021
3635.000 2.165
3640.000 2.332
3645.000 2.536
3650.000 2.770
3655.000 2.907
3660.000 3.225
3665.000 3.617
3670.000 4.116
3675.000 4.769
3680.000 5.682
3685.000 6.930
3690.000 8.817
3695.000 11.514
3700.000 14.873
3705.000 18.453
3710.000 18.860
3715.000 12.231
3720.000 9.657
3725.000 7.311
3730.000 5.839
3735.000 4.844
3740.000 4.130
3745.000 3.616
3750.000 3.205
3755.000 2.871
3760.000 2.615
3765.000 2.400
3770.000 2.204
3775.000 2.117
3780.000 1.976
3785.000 1.841
3790.000 1.728
3795.000 1.631
3800.000 1.542
3805.000 1.466
3810.000 1.395
3815.000 1.324
3820.000 1.272
3825.000 1.215
3830.000 1.162
3835.000 1.119
3840.000 1.092
3845.000 1.055
3850.000 1.021
3855.000 0.983
3860.000 0.950
3865.000 0.922
3870.000 0.891
3875.000 0.870
3880.000 0.841
3885.000 0.818
3890.000 0.792
3895.000 0.775
3900.000 0.763
3905.000 0.741
3910.000 0.726
3915.000 0.710
3920.000 0.694
3925.000 0.681
3930.000 0.664
3935.000 0.647
3940.000 0.639
3945.000 0.623
3950.000 0.610
3955.000 0.602
3960.000 0.588
3965.000 0.580
3970.000 0.569
3975.000 0.566
3980.000 0.558
3985.000 0.543
3990.000 0.537
3995.000 0.523
4000.000 0.520
4005.000 0.510
4010.000 0.507
4015.000 0.502
4020.000 0.497
4025.000 0.490
4030.000 0.482
4035.000 0.473
4040.000 0.469
4045.000 0.467
4050.000 0.463
4055.000 0.452
4060.000 0.449
4065.000 0.443
4070.000 0.440
4075.000 0.432
4080.000 0.430
4085.000 0.427
4090.000 0.424
4095.000 0.421
4100.000 0.417
4105.000 0.410
4110.000 0.403
4115.000 0.406
4120.000 0.395
4125.000 0.394
4130.000 0.392
4135.000 0.379
4140.000 0.382
4145.000 0.378
4150.000 0.369
4155.000 0.371
4160.000 0.365
4165.000 0.358
4170.000 0.352
4175.000 0.350
4180.000 0.351
4185.000 0.345
4190.000 0.334
4195.000 0.334
4200.000 0.329
4205.000 0.330
4210.000 0.324
4215.000 0.325
4220.000 0.310
4225.000 0.303
4230.000 0.304
4235.000 0.302
4240.000 0.297
4245.000 0.294
4250.000 0.295
4255.000 0.290
4260.000 0.287
4265.000 0.285
4270.000 0.291
4275.000 0.284
4280.000 0.282
4285.000 0.290
4290.000 0.289
4295.000 0.284
4300.000 0.289
4305.000 0.289
4310.000 0.292
4315.000 0.289
4320.000 0.293
4325.000 0.293
4330.000 0.292
4335.000 0.289
4340.000 0.292
4345.000 0.290
4350.000 0.294
4355.000 0.296
4360.000 0.290
4365.000 0.296
4370.000 0.293
4375.000 0.298
4380.000 0.304
4385.000 0.302
4390.000 0.299
4395.000 0.299
4400.000 0.299
4405.000 0.296
4410.000 0.305
4415.000 0.304
4420.000 0.305
4425.000 0.304
4430.000 0.304
4435.000 0.305
4440.000 0.312
4445.000 0.310
4450.000 0.312
4455.000 0.308
4460.000 0.309
4465.000 0.308
4470.000 0.315
4475.000 0.315
4480.000 0.319
4485.000 0.320
4490.000 0.317
4495.000 0.320
4500.000 0.320
4505.000 0.324
4510.000 0.328
4515.000 0.326
4520.000 0.326
4525.000 0.330
4530.000 0.333
4535.000 0.335
4540.000 0.336
4545.000 0.335
4550.000 0.339
4555.000 0.340
4560.000 0.344
4565.000 0.347
4570.000 0.345
4575.000 0.351
4580.000 0.355
4585.000 0.355
4590.000 0.354
4595.000 0.363
4600.000 0.364
4605.000 0.364
4610.000 0.366
4615.000 0.374
4620.000 0.378
4625.000 0.374
4630.000 0.382
4635.000 0.382
4640.000 0.386
4645.000 0.389
4650.000 0.393
4655.000 0.396
4660.000 0.404
4665.000 0.409
4670.000 0.414
4675.000 0.417
4680.000 0.422
4685.000 0.430
4690.000 0.433
4695.000 0.436
4700.000 0.443
4705.000 0.445
4710.000 0.458
4715.000 0.463
4720.000 0.469
4725.000 0.480
4730.000 0.492
4735.000 0.499
4740.000 0.504
4745.000 0.515
4750.000 0.516
4755.000 0.526
4760.000 0.538
4765.000 0.553
4770.000 0.557
4775.000 0.569
4780.000 0.590
4785.000 0.599
4790.000 0.616
4795.000 0.631
4800.000 0.644
4805.000 0.660
4810.000 0.672
4815.000 0.693
4820.000 0.707
4825.000 0.729
4830.000 0.752
4835.000 0.771
4840.000 0.802
4845.000 0.830
4850.000 0.858
4855.000 0.891
4860.000 0.929
4865.000 0.962
4870.000 1.002
4875.000 1.025
4880.000 1.073
4885.000 1.126
4890.000 1.178
4895.000 1.235
4900.000 1.306
4905.000 1.392
4910.000 1.473
4915.000 1.576
4920.000 1.688
4925.000 1.817
4930.000 1.964
4935.000 2.041
4940.000 2.227
4945.000 2.450
4950.000 2.713
4955.000 3.056
4960.000 3.445
4965.000 3.877
4970.000 4.301
4975.000 5.030
4980.000 9.925
4985.000 13.345
4990.000 12.368
4995.000 15.452
5000.000 15.216
5005.000 12.077
5010.000 8.462
5015.000 6.418
5020.000 5.348
5025.000 4.507
5030.000 3.895
5035.000 3.413
5040.000 3.060
5045.000 2.786
5050.000 2.552
5055.000 2.456
5060.000 2.289
5065.000 2.143
5070.000 2.012
5075.000 1.902
5080.000 1.808
5085.000 1.717
5090.000 1.641
5095.000 1.572
5100.000 1.518
5105.000 1.464
5110.000 1.417
5115.000 1.388
5120.000 1.349
5125.000 1.309
5130.000 1.278
5135.000 1.243
5140.000 1.214
5145.000 1.192
5150.000 1.164
5155.000 1.136
5160.000 1.124
5165.000 1.102
5170.000 1.083
5175.000 1.069
5180.000 1.060
5185.000 1.049
5190.000 1.035
5195.000 1.020
5200.000 1.014
5205.000 0.995
5210.000 0.986
5215.000 0.976
5220.000 0.972
5225.000 0.961
5230.000 0.959
5235.000 0.944
5240.000 0.940
5245.000 0.940
5250.000 0.930
5255.000 0.928
5260.000 0.920
5265.000 0.914
5270.000 0.910
5275.000 0.906
5280.000 0.897
5285.000 0.896
5290.000 0.889
5295.000 0.890
5300.000 0.890
5305.000 0.881
5310.000 0.875
5315.000 0.873
5320.000 0.872
5325.000 0.869
5330.000 0.862
5335.000 0.861
5340.000 0.856
5345.000 0.852
5350.000 0.851
5355.000 0.849
5360.000 0.839
5365.000 0.838
5370.000 0.834
5375.000 0.838
5380.000 0.830
5385.000 0.827
5390.000 0.823
5395.000 0.818
5400.000 0.815
5405.000 0.807
5410.000 0.809
5415.000 0.808
5420.000 0.805
5425.000 0.805
5430.000 0.801
5435.000 0.795
5440.000 0.791
5445.000 0.788
5450.000 0.789
5455.000 0.781
5460.000 0.775
5465.000 0.777
5470.000 0.770
5475.000 0.766
5480.000 0.763
5485.000 0.762
5490.000 0.757
5495.000 0.755
5500.000 0.754
5505.000 0.753
5510.000 0.749
5515.000 0.748
5520.000 0.741
5525.000 0.742
5530.000 0.735
5535.000 0.736
5540.000 0.727
5545.000 0.733
5550.000 0.730
5555.000 0.728
5560.000 0.727
5565.000 0.723
5570.000 0.723
5575.000 0.717
5580.000 0.718
5585.000 0.719
5590.000 0.713
5595.000 0.713
5600.000 0.711
5605.000 0.716
5610.000 0.713
5615.000 0.709
5620.000 0.707
5625.000 0.706
5630.000 0.707
5635.000 0.708
5640.000 0.707
5645.000 0.710
5650.000 0.707
5655.000 0.708
5660.000 0.704
5665.000 0.706
5670.000 0.703
5675.000 0.707
5680.000 0.707
5685.000 0.707
5690.000 0.704
5695.000 0.710
5700.000 0.714
5705.000 0.708
5710.000 0.721
5715.000 0.718
5720.000 0.716
5725.000 0.717
5730.000 0.715
5735.000 0.721
5740.000 0.728
5745.000 0.726
5750.000 0.722
5755.000 0.727
5760.000 0.733
5765.000 0.732
5770.000 0.739
5775.000 0.740
5780.000 0.749
5785.000 0.746
5790.000 0.753
5795.000 0.753
5800.000 0.761
5805.000 0.766
5810.000 0.768
5815.000 0.773
5820.000 0.781
5825.000 0.786
5830.000 0.786
5835.000 0.797
5840.000 0.799
5845.000 0.803
5850.000 0.812
5855.000 0.822
5860.000 0.828
5865.000 0.835
5870.000 0.841
5875.000 0.846
5880.000 0.857
5885.000 0.865
5890.000 0.875
5895.000 0.883
5900.000 0.891
5905.000 0.907
5910.000 0.904
5915.000 0.920
5920.000 0.934
5925.000 0.939
5930.000 0.954
5935.000 0.968
5940.000 0.980
5945.000 0.995
5950.000 1.007
5955.000 1.023
5960.000 1.032
5965.000 1.050
5970.000 1.062
5975.000 1.080
5980.000 1.097
5985.000 1.121
5990.000 1.134
5995.000 1.154
6000.000 1.173
6005.000 1.203
6010.000 1.214
6015.000 1.247
6020.000 1.271
6025.000 1.284
6030.000 1.312
6035.000 1.344
6040.000 1.374
6045.000 1.401
6050.000 1.437
6055.000 1.472
6060.000 1.517
6065.000 1.553
6070.000 1.596
6075.000 1.644
6080.000 1.688
6085.000 1.739
6090.000 1.770
6095.000 1.827
6100.000 1.891
6105.000 1.954
6110.000 2.033
6115.000 2.105
6120.000 2.197
6125.000 2.288
6130.000 2.363
6135.000 2.505
6140.000 2.624
6145.000 2.779
6150.000 2.865
6155.000 3.026
6160.000 3.214
6165.000 3.429
6170.000 3.672
6175.000 3.915
6180.000 4.243
6185.000 4.629
6190.000 5.103
6195.000 5.696
6200.000 6.388
6205.000 6.820
6210.000 7.866
6215.000 9.178
6220.000 11.069
6225.000 13.561
6230.000 17.051
6235.000 21.085
6240.000 23.844
6245.000 21.985
6250.000 16.697
6255.000 12.683
6260.000 10.082
6265.000 8.372
6270.000 7.733
6275.000 6.652
6280.000 5.897
6285.000 5.343
6290.000 4.918
6295.000 4.571
6300.000 4.287
6305.000 4.039
6310.000 3.807
6315.000 3.596
6320.000 3.414
6325.000 3.236
6330.000 3.163
6335.000 3.005
6340.000 2.872
6345.000 2.750
6350.000 2.638
6355.000 2.532
6360.000 2.433
6365.000 2.350
6370.000 2.265
6375.000 2.194
6380.000 2.125
6385.000 2.064
6390.000 2.012
6395.000 1.981
6400.000 1.924
6405.000 1.879
6410.000 1.841
6415.000 1.796
6420.000 1.770
6425.000 1.737
6430.000 1.695
6435.000 1.678
6440.000 1.649
6445.000 1.621
6450.000 1.613
6455.000 1.597
6460.000 1.584
6465.000 1.569
6470.000 1.559
6475.000 1.548
6480.000 1.544
6485.000 1.542
6490.000 1.543
6495.000 1.547
6500.000 1.557
6505.000 1.573
6510.000 1.593
6515.000 1.612
6520.000 1.642
6525.000 1.683
6530.000 1.748
6535.000 1.825
6540.000 1.927
6545.000 2.077
6550.000 2.292
6555.000 2.617
6560.000 3.138
6565.000 4.078
6570.000 6.008
6575.000 7.473
6580.000 10.452
6585.000 6.755
6590.000 3.148
6595.000 1.337
6600.000 0.727
6605.000 0.422
6610.000 0.233
6615.000 0.072
6620.000 0.039
6625.000 0.100
6630.000 0.161
6635.000 0.207
6640.000 0.228
6645.000 0.256
6650.000 0.289
6655.000 0.315
6660.000 0.337
6665.000 0.355
6670.000 0.374
6675.000 0.387
6680.000 0.399
6685.000 0.405
6690.000 0.422
6695.000 0.418
6700.000 0.430
6705.000 0.435
6710.000 0.446
6715.000 0.447
6720.000 0.457
6725.000 0.467
6730.000 0.466
6735.000 0.472
6740.000 0.472
6745.000 0.481
6750.000 0.481
6755.000 0.481
6760.000 0.482
6765.000 0.489
6770.000 0.494
6775.000 0.492
6780.000 0.495
6785.000 0.498
6790.000 0.501
6795.000 0.509
6800.000 0.506
6805.000 0.509
6810.000 0.511
6815.000 0.517
6820.000 0.515
6825.000 0.513
6830.000 0.522
6835.000 0.521
6840.000 0.525
6845.000 0.524
6850.000 0.525
6855.000 0.529
6860.000 0.536
6865.000 0.539
6870.000 0.542
6875.000 0.536
6880.000 0.537
6885.000 0.544
6890.000 0.548
6895.000 0.551
6900.000 0.557
6905.000 0.558
6910.000 0.557
6915.000 0.563
6920.000 0.566
6925.000 0.569
6930.000 0.576
6935.000 0.575
6940.000 0.575
6945.000 0.580
6950.000 0.585
6955.000 0.588
6960.000 0.597
6965.000 0.598
6970.000 0.604
6975.000 0.608
6980.000 0.614
6985.000 0.618
6990.000 0.624
6995.000 0.626
7000.000 0.627
7005.000 0.634
7010.000 0.641
7015.000 0.643
7020.000 0.654
7025.000 0.650
7030.000 0.666
7035.000 0.673
7040.000 0.677
7045.000 0.685
7050.000 0.686
7055.000 0.698
7060.000 0.698
7065.000 0.707
7070.000 0.717
7075.000 0.723
7080.000 0.724
7085.000 0.740
7090.000 0.752
7095.000 0.761
7100.000 0.766
7105.000 0.780
7110.000 0.791
7115.000 0.800
7120.000 0.814
7125.000 0.813
7130.000 0.830
7135.000 0.837
7140.000 0.857
7145.000 0.865
7150.000 0.878
7155.000 0.894
7160.000 0.909
7165.000 0.922
7170.000 0.936
7175.000 0.956
7180.000 0.970
7185.000 0.981
7190.000 1.004
7195.000 1.017
7200.000 1.035
7205.000 1.059
7210.000 1.084
7215.000 1.107
7220.000 1.129
7225.000 1.155
7230.000 1.182
7235.000 1.211
7240.000 1.221
7245.000 1.250
7250.000 1.282
7255.000 1.320
7260.000 1.343
7265.000 1.387
7270.000 1.428
7275.000 1.468
7280.000 1.514
7285.000 1.562
7290.000 1.605
7295.000 1.658
7300.000 1.713
7305.000 1.747
7310.000 1.806
7315.000 1.873
7320.000 1.948
7325.000 2.024
7330.000 2.106
7335.000 2.203
7340.000 2.306
7345.000 2.421
7350.000 2.532
7355.000 2.672
7360.000 2.821
7365.000 2.988
7370.000 3.072
7375.000 3.278
7380.000 3.505
7385.000 3.755
7390.000 4.052
7395.000 4.390
7400.000 4.847
7405.000 5.354
7410.000 5.950
7415.000 6.718
7420.000 7.617
7425.000 8.662
7430.000 9.349
7435.000 11.138
7440.000 13.453
7445.000 16.222
7450.000 19.157
7455.000 20.939
7460.000 20.059
7465.000 16.791
7470.000 13.484
7475.000 11.073
7480.000 9.190
7485.000 8.391
7490.000 7.298
7495.000 6.549
7500.000 5.874
7505.000 5.333
7510.000 4.889
7515.000 4.502
7520.000 4.172
7525.000 3.890
7530.000 3.650
7535.000 3.439
7540.000 3.245
7545.000 3.073
7550.000 2.997
7555.000 2.847
7560.000 2.723
7565.000 2.602
7570.000 2.495
7575.000 2.396
7580.000 2.313
7585.000 2.228
7590.000 2.152
7595.000 2.091
7600.000 2.016
7605.000 1.953
7610.000 1.929
7615.000 1.873
7620.000 1.826
7625.000 1.778
7630.000 1.742
7635.000 1.691
7640.000 1.654
7645.000 1.619
7650.000 1.581
7655.000 1.556
7660.000 1.519
7665.000 1.494
7670.000 1.461
7675.000 1.454
7680.000 1.423
7685.000 1.399
7690.000 1.377
7695.000 1.358
7700.000 1.339
7705.000 1.315
7710.000 1.297
7715.000 1.279
7720.000 1.265
7725.000 1.249
7730.000 1.244
7735.000 1.224
7740.000 1.216
7745.000 1.199
7750.000 1.187
7755.000 1.177
7760.000 1.164
7765.000 1.155
7770.000 1.143
7775.000 1.138
7780.000 1.120
7785.000 1.121
7790.000 1.114
7795.000 1.107
7800.000 1.101
7805.000 1.095
7810.000 1.097
7815.000 1.084
7820.000 1.079
7825.000 1.080
7830.000 1.076
7835.000 1.076
7840.000 1.069
7845.000 1.064
7850.000 1.064
7855.000 1.062
7860.000 1.057
7865.000 1.066
7870.000 1.067
7875.000 1.064
7880.000 1.068
7885.000 1.071
7890.000 1.074
7895.000 1.080
7900.000 1.082
7905.000 1.086
7910.000 1.097
7915.000 1.099
7920.000 1.101
7925.000 1.110
7930.000 1.124
7935.000 1.136
7940.000 1.146
7945.000 1.154
7950.000 1.171
7955.000 1.194
7960.000 1.213
7965.000 1.235
7970.000 1.247
7975.000 1.275
7980.000 1.296
7985.000 1.337
7990.000 1.377
7995.000 1.422
8000.000 1.477
