2005.000 0.426
2010.000 0.503
2015.000 0.449
2020.000 0.402
2025.000 0.423
2030.000 0.430
2035.000 0.417
2040.000 0.442
2045.000 0.427
2050.000 0.418
2055.000 0.433
2060.000 0.421
2065.000 0.428
2070.000 0.428
2075.000 0.426
2080.000 0.446
2085.000 0.436
2090.000 0.443
2095.000 0.443
2100.000 0.446
2105.000 0.453
2110.000 0.456
2115.000 0.462
2120.000 0.483
2125.000 0.473
2130.000 0.484
2135.000 0.597
2140.000 0.502
2145.000 0.501
2150.000 0.502
2155.000 0.519
2160.000 0.536
2165.000 0.535
2170.000 0.559
2175.000 0.563
2180.000 0.568
2185.000 0.585
2190.000 0.610
2195.000 0.624
2200.000 0.629
2205.000 0.672
2210.000 0.678
2215.000 0.693
2220.000 0.742
2225.000 0.775
2230.000 0.796
2235.000 0.836
2240.000 0.881
2245.000 0.921
2250.000 1.045
2255.000 1.063
2260.000 1.263
2265.000 1.326
2270.000 1.458
2275.000 1.687
2280.000 2.008
2285.000 2.399
2290.000 2.453
2295.000 3.237
2300.000 4.269
2305.000 5.862
2310.000 7.215
2315.000 5.801
2320.000 5.016
2325.000 3.090
2330.000 2.332
2335.000 1.761
2340.000 1.499
2345.000 1.409
2350.000 1.134
2355.000 1.053
2360.000 0.885
2365.000 0.804
2370.000 0.702
2375.000 0.672
2380.000 0.615
2385.000 0.591
2390.000 0.514
2395.000 0.488
2400.000 0.462
2405.000 0.485
2410.000 0.406
2415.000 0.421
2420.000 0.455
2425.000 0.382
2430.000 0.355
2435.000 0.340
2440.000 0.318
2445.000 0.315
2450.000 0.312
2455.000 0.314
2460.000 0.272
2465.000 0.281
2470.000 0.258
2475.000 0.264
2480.000 0.251
2485.000 0.239
2490.000 0.231
2495.000 0.265
2500.000 0.232
2505.000 0.230
2510.000 0.234
2515.000 0.213
2520.000 0.225
2525.000 0.220
2530.000 0.226
2535.000 0.222
2540.000 0.223
2545.000 0.216
2550.000 0.220
2555.000 0.221
2560.000 0.218
2565.000 0.219
2570.000 0.220
2575.000 0.221
2580.000 0.230
2585.000 0.229
2590.000 0.226
2595.000 0.230
2600.000 0.229
2605.000 0.233
2610.000 0.232
2615.000 0.227
2620.000 0.243
2625.000 0.244
2630.000 0.237
2635.000 0.246
2640.000 0.258
2645.000 0.254
2650.000 0.263
2655.000 0.257
2660.000 0.266
2665.000 0.271
2670.000 0.272
2675.000 0.270
2680.000 0.275
2685.000 0.281
2690.000 0.287
2695.000 0.296
2700.000 0.302
2705.000 0.298
2710.000 0.310
2715.000 0.308
2720.000 0.314
2725.000 0.320
2730.000 0.319
2735.000 0.332
2740.000 0.336
2745.000 0.340
2750.000 0.350
2755.000 0.354
2760.000 0.361
2765.000 0.362
2770.000 0.367
2775.000 0.378
2780.000 0.379
2785.000 0.385
2790.000 0.389
2795.000 0.394
2800.000 0.398
2805.000 0.407
2810.000 0.415
2815.000 0.416
2820.000 0.423
2825.000 0.430
2830.000 0.439
2835.000 0.436
2840.000 0.443
2845.000 0.448
2850.000 0.451
2855.000 0.460
2860.000 0.461
2865.000 0.470
2870.000 0.472
2875.000 0.474
2880.000 0.486
2885.000 0.477
2890.000 0.488
2895.000 0.491
2900.000 0.487
2905.000 0.502
2910.000 0.501
2915.000 0.501
2920.000 0.517
2925.000 0.515
2930.000 0.507
2935.000 0.509
2940.000 0.504
2945.000 0.511
2950.000 0.516
2955.000 0.517
2960.000 0.513
2965.000 0.512
2970.000 0.516
2975.000 0.517
2980.000 0.521
2985.000 0.517
2990.000 0.509
2995.000 0.517
3000.000 0.517
3005.000 0.517
3010.000 0.512
3015.000 0.513
3020.000 0.514
3025.000 0.511
3030.000 0.514
3035.000 0.513
3040.000 0.508
3045.000 0.506
3050.000 0.506
3055.000 0.502
3060.000 0.508
3065.000 0.505
3070.000 0.498
3075.000 0.504
3080.000 0.502
3085.000 0.501
3090.000 0.495
3095.000 0.499
3100.000 0.497
3105.000 0.496
3110.000 0.498
3115.000 0.496
3120.000 0.493
3125.000 0.492
3130.000 0.497
3135.000 0.497
3140.000 0.489
3145.000 0.488
3150.000 0.490
3155.000 0.489
3160.000 0.493
3165.000 0.494
3170.000 0.488
3175.000 0.484
3180.000 0.488
3185.000 0.486
3190.000 0.489
3195.000 0.492
3200.000 0.488
3205.000 0.490
3210.000 0.493
3215.000 0.488
3220.000 0.493
3225.000 0.492
3230.000 0.496
3235.000 0.491
3240.000 0.500
3245.000 0.502
3250.000 0.502
3255.000 0.498
3260.000 0.508
3265.000 0.505
3270.000 0.508
3275.000 0.505
3280.000 0.510
3285.000 0.507
3290.000 0.516
3295.000 0.520
3300.000 0.521
3305.000 0.523
3310.000 0.527
3315.000 0.528
3320.000 0.529
3325.000 0.528
3330.000 0.537
3335.000 0.542
3340.000 0.542
3345.000 0.550
3350.000 0.555
3355.000 0.555
3360.000 0.560
3365.000 0.567
3370.000 0.567
3375.000 0.580
3380.000 0.580
3385.000 0.584
3390.000 0.593
3395.000 0.594
3400.000 0.603
3405.000 0.612
3410.000 0.619
3415.000 0.622
3420.000 0.635
3425.000 0.642
3430.000 0.651
3435.000 0.659
3440.000 0.666
3445.000 0.672
3450.000 0.686
3455.000 0.694
3460.000 0.707
3465.000 0.715
3470.000 0.728
3475.000 0.739
3480.000 0.762
3485.000 0.773
3490.000 0.786
3495.000 0.803
3500.000 0.815
3505.000 0.841
3510.000 0.848
3515.000 0.874
3520.000 0.884
3525.000 0.907
3530.000 0.927
3535.000 0.954
3540.000 0.978
3545.000 1.003
3550.000 1.042
3555.000 1.076
3560.000 1.108
3565.000 1.126
3570.000 1.158
3575.000 1.210
3580.000 1.257
3585.000 1.296
3590.000 1.361
3595.000 1.419
3600.000 1.486
3605.000 1.567
3610.000 1.649
3615.000 1.736
3620.000 1.841
3625.000 1.890
3630.000 2.018
3635.000 2.156
3640.000 2.323
3645.000 2.511
3650.000 2.738
3655.000 3.004
3660.000 3.335
3665.000 3.757
3670.000 4.303
3675.000 5.003
3680.000 5.998
3685.000 7.404
3690.000 8.335
3695.000 10.899
3700.000 14.315
3705.000 17.981
3710.000 19.961
3715.000 13.987
3720.000 9.224
3725.000 6.997
3730.000 5.637
3735.000 4.777
3740.000 4.088
3745.000 3.587
3750.000 3.358
3755.000 3.005
3760.000 2.720
3765.000 2.481
3770.000 2.291
3775.000 2.116
3780.000 1.970
3785.000 1.837
3790.000 1.731
3795.000 1.633
3800.000 1.543
3805.000 1.498
3810.000 1.423
3815.000 1.357
3820.000 1.292
3825.000 1.233
3830.000 1.185
3835.000 1.134
3840.000 1.095
3845.000 1.052
3850.000 1.017
3855.000 0.983
3860.000 0.952
3865.000 0.922
3870.000 0.907
3875.000 0.884
3880.000 0.859
3885.000 0.824
3890.000 0.802
3895.000 0.784
3900.000 0.767
3905.000 0.749
3910.000 0.729
3915.000 0.715
3920.000 0.696
3925.000 0.676
3930.000 0.671
3935.000 0.659
3940.000 0.641
3945.000 0.628
3950.000 0.625
3955.000 0.611
3960.000 0.598
3965.000 0.587
3970.000 0.578
3975.000 0.567
3980.000 0.557
3985.000 0.551
3990.000 0.542
3995.000 0.533
4000.000 0.526
4005.000 0.523
4010.000 0.510
4015.000 0.507
4020.000 0.494
4025.000 0.494
4030.000 0.483
4035.000 0.484
4040.000 0.473
4045.000 0.467
4050.000 0.461
4055.000 0.456
4060.000 0.452
4065.000 0.454
4070.000 0.447
4075.000 0.437
4080.000 0.435
4085.000 0.430
4090.000 0.426
4095.000 0.418
4100.000 0.421
4105.000 0.419
4110.000 0.421
4115.000 0.408
4120.000 0.404
4125.000 0.398
4130.000 0.399
4135.000 0.388
4140.000 0.393
4145.000 0.382
4150.000 0.374
4155.000 0.371
4160.000 0.370
4165.000 0.366
4170.000 0.358
4175.000 0.360
4180.000 0.357
4185.000 0.349
4190.000 0.349
4195.000 0.342
4200.000 0.336
4205.000 0.332
4210.000 0.325
4215.000 0.319
4220.000 0.314
4225.000 0.315
4230.000 0.309
4235.000 0.297
4240.000 0.306
4245.000 0.299
4250.000 0.300
4255.000 0.290
4260.000 0.292
4265.000 0.289
4270.000 0.292
4275.000 0.294
4280.000 0.294
4285.000 0.289
4290.000 0.289
4295.000 0.291
4300.000 0.291
4305.000 0.297
4310.000 0.291
4315.000 0.295
4320.000 0.295
4325.000 0.297
4330.000 0.295
4335.000 0.295
4340.000 0.291
4345.000 0.297
4350.000 0.297
4355.000 0.301
4360.000 0.302
4365.000 0.303
4370.000 0.300
4375.000 0.302
4380.000 0.304
4385.000 0.302
4390.000 0.301
4395.000 0.305
4400.000 0.307
4405.000 0.308
4410.000 0.306
4415.000 0.311
4420.000 0.310
4425.000 0.308
4430.000 0.309
4435.000 0.308
4440.000 0.316
4445.000 0.312
4450.000 0.309
4455.000 0.313
4460.000 0.320
4465.000 0.315
4470.000 0.318
4475.000 0.321
4480.000 0.324
4485.000 0.323
4490.000 0.325
4495.000 0.330
4500.000 0.328
4505.000 0.330
4510.000 0.337
4515.000 0.337
4520.000 0.336
4525.000 0.334
4530.000 0.337
4535.000 0.337
4540.000 0.343
4545.000 0.344
4550.000 0.343
4555.000 0.345
4560.000 0.348
4565.000 0.355
4570.000 0.355
4575.000 0.354
4580.000 0.358
4585.000 0.360
4590.000 0.361
4595.000 0.367
4600.000 0.371
4605.000 0.369
4610.000 0.372
4615.000 0.379
4620.000 0.377
4625.000 0.385
4630.000 0.389
4635.000 0.388
4640.000 0.399
4645.000 0.401
4650.000 0.402
4655.000 0.401
4660.000 0.408
4665.000 0.408
4670.000 0.413
4675.000 0.424
4680.000 0.431
4685.000 0.435
4690.000 0.440
4695.000 0.447
4700.000 0.454
4705.000 0.457
4710.000 0.464
4715.000 0.472
4720.000 0.482
4725.000 0.485
4730.000 0.492
4735.000 0.502
4740.000 0.510
4745.000 0.518
4750.000 0.529
4755.000 0.536
4760.000 0.551
4765.000 0.562
4770.000 0.573
4775.000 0.585
4780.000 0.600
4785.000 0.605
4790.000 0.623
4795.000 0.637
4800.000 0.652
4805.000 0.664
4810.000 0.686
4815.000 0.708
4820.000 0.722
4825.000 0.746
4830.000 0.772
4835.000 0.794
4840.000 0.815
4845.000 0.835
4850.000 0.872
4855.000 0.895
4860.000 0.931
4865.000 0.967
4870.000 1.012
4875.000 1.053
4880.000 1.107
4885.000 1.159
4890.000 1.218
4895.000 1.286
4900.000 1.360
4905.000 1.393
4910.000 1.478
4915.000 1.561
4920.000 1.684
4925.000 1.809
4930.000 1.957
4935.000 2.122
4940.000 2.327
4945.000 2.560
4950.000 2.841
4955.000 3.168
4960.000 3.581
4965.000 3.788
4970.000 4.239
4975.000 4.714
4980.000 7.722
4985.000 13.865
4990.000 13.682
4995.000 16.086
5000.000 15.672
5005.000 11.401
5010.000 8.039
5015.000 6.410
5020.000 5.185
5025.000 4.429
5030.000 4.154
5035.000 3.636
5040.000 3.258
5045.000 2.922
5050.000 2.685
5055.000 2.463
5060.000 2.293
5065.000 2.152
5070.000 2.021
5075.000 1.914
5080.000 1.821
5085.000 1.772
5090.000 1.697
5095.000 1.626
5100.000 1.556
5105.000 1.498
5110.000 1.447
5115.000 1.408
5120.000 1.362
5125.000 1.325
5130.000 1.290
5135.000 1.261
5140.000 1.231
5145.000 1.206
5150.000 1.188
5155.000 1.166
5160.000 1.148
5165.000 1.130
5170.000 1.109
5175.000 1.093
5180.000 1.079
5185.000 1.061
5190.000 1.048
5195.000 1.036
5200.000 1.022
5205.000 1.014
5210.000 1.006
5215.000 0.999
5220.000 0.991
5225.000 0.979
5230.000 0.975
5235.000 0.967
5240.000 0.961
5245.000 0.953
5250.000 0.947
5255.000 0.941
5260.000 0.932
5265.000 0.930
5270.000 0.919
5275.000 0.920
5280.000 0.919
5285.000 0.917
5290.000 0.910
5295.000 0.905
5300.000 0.899
5305.000 0.894
5310.000 0.891
5315.000 0.892
5320.000 0.889
5325.000 0.881
5330.000 0.880
5335.000 0.880
5340.000 0.879
5345.000 0.871
5350.000 0.869
5355.000 0.862
5360.000 0.864
5365.000 0.861
5370.000 0.857
5375.000 0.851
5380.000 0.846
5385.000 0.841
5390.000 0.844
5395.000 0.835
5400.000 0.833
5405.000 0.832
5410.000 0.824
5415.000 0.822
5420.000 0.823
5425.000 0.820
5430.000 0.810
5435.000 0.811
5440.000 0.812
5445.000 0.805
5450.000 0.801
5455.000 0.795
5460.000 0.794
5465.000 0.792
5470.000 0.793
5475.000 0.785
5480.000 0.778
5485.000 0.776
5490.000 0.780
5495.000 0.770
5500.000 0.768
5505.000 0.768
5510.000 0.761
5515.000 0.761
5520.000 0.765
5525.000 0.755
5530.000 0.755
5535.000 0.752
5540.000 0.746
5545.000 0.747
5550.000 0.745
5555.000 0.747
5560.000 0.742
5565.000 0.743
5570.000 0.740
5575.000 0.737
5580.000 0.734
5585.000 0.734
5590.000 0.730
5595.000 0.729
5600.000 0.733
5605.000 0.726
5610.000 0.733
5615.000 0.725
5620.000 0.725
5625.000 0.719
5630.000 0.727
5635.000 0.719
5640.000 0.724
5645.000 0.723
5650.000 0.722
5655.000 0.719
5660.000 0.717
5665.000 0.722
5670.000 0.726
5675.000 0.729
5680.000 0.724
5685.000 0.725
5690.000 0.731
5695.000 0.720
5700.000 0.727
5705.000 0.729
5710.000 0.727
5715.000 0.734
5720.000 0.731
5725.000 0.731
5730.000 0.735
5735.000 0.740
5740.000 0.740
5745.000 0.740
5750.000 0.746
5755.000 0.751
5760.000 0.755
5765.000 0.753
5770.000 0.761
5775.000 0.762
5780.000 0.764
5785.000 0.767
5790.000 0.771
5795.000 0.772
5800.000 0.780
5805.000 0.786
5810.000 0.789
5815.000 0.794
5820.000 0.796
5825.000 0.805
5830.000 0.810
5835.000 0.818
5840.000 0.821
5845.000 0.830
5850.000 0.832
5855.000 0.846
5860.000 0.850
5865.000 0.856
5870.000 0.868
5875.000 0.871
5880.000 0.877
5885.000 0.889
5890.000 0.901
5895.000 0.904
5900.000 0.916
5905.000 0.927
5910.000 0.937
5915.000 0.947
5920.000 0.963
5925.000 0.971
5930.000 0.987
5935.000 0.993
5940.000 1.001
5945.000 1.016
5950.000 1.030
5955.000 1.048
5960.000 1.061
5965.000 1.077
5970.000 1.098
5975.000 1.114
5980.000 1.134
5985.000 1.145
5990.000 1.163
5995.000 1.190
6000.000 1.200
6005.000 1.227
6010.000 1.249
6015.000 1.269
6020.000 1.300
6025.000 1.327
6030.000 1.357
6035.000 1.388
6040.000 1.412
6045.000 1.447
6050.000 1.485
6055.000 1.533
6060.000 1.546
6065.000 1.585
6070.000 1.628
6075.000 1.667
6080.000 1.723
6085.000 1.779
6090.000 1.830
6095.000 1.896
6100.000 1.961
6105.000 2.031
6110.000 2.110
6115.000 2.191
6120.000 2.229
6125.000 2.324
6130.000 2.429
6135.000 2.545
6140.000 2.670
6145.000 2.813
6150.000 2.969
6155.000 3.143
6160.000 3.346
6165.000 3.567
6170.000 3.827
6175.000 4.124
6180.000 4.466
6185.000 4.659
6190.000 5.094
6195.000 5.657
6200.000 6.321
6205.000 7.206
6210.000 8.267
6215.000 9.716
6220.000 11.678
6225.000 14.451
6230.000 18.303
6235.000 22.228
6240.000 24.349
6245.000 23.504
6250.000 18.604
6255.000 14.302
6260.000 11.289
6265.000 9.203
6270.000 7.786
6275.000 6.744
6280.000 5.968
6285.000 5.418
6290.000 4.994
6295.000 4.659
6300.000 4.507
6305.000 4.233
6310.000 3.990
6315.000 3.771
6320.000 3.575
6325.000 3.388
6330.000 3.223
6335.000 3.068
6340.000 2.929
6345.000 2.803
6350.000 2.690
6355.000 2.587
6360.000 2.493
6365.000 2.444
6370.000 2.359
6375.000 2.285
6380.000 2.210
6385.000 2.148
6390.000 2.088
6395.000 2.025
6400.000 1.974
6405.000 1.930
6410.000 1.887
6415.000 1.842
6420.000 1.806
6425.000 1.790
6430.000 1.760
6435.000 1.734
6440.000 1.704
6445.000 1.682
6450.000 1.655
6455.000 1.639
6460.000 1.616
6465.000 1.610
6470.000 1.595
6475.000 1.581
6480.000 1.582
6485.000 1.579
6490.000 1.580
6495.000 1.584
6500.000 1.593
6505.000 1.602
6510.000 1.625
6515.000 1.651
6520.000 1.686
6525.000 1.735
6530.000 1.794
6535.000 1.889
6540.000 2.002
6545.000 2.064
6550.000 2.259
6555.000 2.539
6560.000 3.004
6565.000 3.797
6570.000 5.288
6575.000 8.089
6580.000 10.822
6585.000 5.332
6590.000 3.206
6595.000 1.211
6600.000 0.468
6605.000 0.374
6610.000 0.186
6615.000 0.098
6620.000 0.036
6625.000 0.098
6630.000 0.165
6635.000 0.211
6640.000 0.255
6645.000 0.287
6650.000 0.316
6655.000 0.349
6660.000 0.368
6665.000 0.380
6670.000 0.388
6675.000 0.408
6680.000 0.418
6685.000 0.428
6690.000 0.443
6695.000 0.450
6700.000 0.452
6705.000 0.464
6710.000 0.468
6715.000 0.478
6720.000 0.483
6725.000 0.486
6730.000 0.487
6735.000 0.501
6740.000 0.498
6745.000 0.498
6750.000 0.504
6755.000 0.507
6760.000 0.509
6765.000 0.511
6770.000 0.515
6775.000 0.521
6780.000 0.526
6785.000 0.523
6790.000 0.525
6795.000 0.527
6800.000 0.529
6805.000 0.533
6810.000 0.534
6815.000 0.534
6820.000 0.530
6825.000 0.548
6830.000 0.548
6835.000 0.542
6840.000 0.553
6845.000 0.553
6850.000 0.550
6855.000 0.554
6860.000 0.557
6865.000 0.561
6870.000 0.561
6875.000 0.562
6880.000 0.568
6885.000 0.571
6890.000 0.574
6895.000 0.573
6900.000 0.580
6905.000 0.582
6910.000 0.588
6915.000 0.588
6920.000 0.592
6925.000 0.592
6930.000 0.594
6935.000 0.595
6940.000 0.602
6945.000 0.612
6950.000 0.610
6955.000 0.621
6960.000 0.623
6965.000 0.626
6970.000 0.629
6975.000 0.629
6980.000 0.637
6985.000 0.646
6990.000 0.642
6995.000 0.650
7000.000 0.655
7005.000 0.664
7010.000 0.668
7015.000 0.669
7020.000 0.677
7025.000 0.684
7030.000 0.690
7035.000 0.698
7040.000 0.695
7045.000 0.711
7050.000 0.720
7055.000 0.725
7060.000 0.735
7065.000 0.741
7070.000 0.741
7075.000 0.756
7080.000 0.761
7085.000 0.774
7090.000 0.784
7095.000 0.785
7100.000 0.795
7105.000 0.811
7110.000 0.821
7115.000 0.827
7120.000 0.839
7125.000 0.855
7130.000 0.869
7135.000 0.877
7140.000 0.890
7145.000 0.903
7150.000 0.917
7155.000 0.928
7160.000 0.940
7165.000 0.959
7170.000 0.974
7175.000 0.993
7180.000 1.005
7185.000 1.021
7190.000 1.042
7195.000 1.060
7200.000 1.086
7205.000 1.105
7210.000 1.128
7215.000 1.158
7220.000 1.168
7225.000 1.189
7230.000 1.219
7235.000 1.248
7240.000 1.273
7245.000 1.310
7250.000 1.346
7255.000 1.370
7260.000 1.415
7265.000 1.448
7270.000 1.494
7275.000 1.517
7280.000 1.558
7285.000 1.607
7290.000 1.664
7295.000 1.713
7300.000 1.769
7305.000 1.832
7310.000 1.896
7315.000 1.971
7320.000 2.043
7325.000 2.128
7330.000 2.226
7335.000 2.269
7340.000 2.371
7345.000 2.482
7350.000 2.610
7355.000 2.739
7360.000 2.892
7365.000 3.057
7370.000 3.249
7375.000 3.457
7380.000 3.689
7385.000 3.967
7390.000 4.276
7395.000 4.653
7400.000 4.887
7405.000 5.351
7410.000 5.924
7415.000 6.625
7420.000 7.516
7425.000 8.622
7430.000 10.066
7435.000 11.875
7440.000 14.247
7445.000 17.204
7450.000 20.140
7455.000 21.659
7460.000 21.353
7465.000 18.499
7470.000 14.965
7475.000 12.171
7480.000 10.268
7485.000 8.832
7490.000 7.713
7495.000 6.823
7500.000 6.118
7505.000 5.542
7510.000 5.065
7515.000 4.662
7520.000 4.474
7525.000 4.154
7530.000 3.890
7535.000 3.660
7540.000 3.454
7545.000 3.274
7550.000 3.104
7555.000 2.956
7560.000 2.831
7565.000 2.706
7570.000 2.599
7575.000 2.493
7580.000 2.448
7585.000 2.361
7590.000 2.283
7595.000 2.200
7600.000 2.135
7605.000 2.067
7610.000 2.012
7615.000 1.953
7620.000 1.894
7625.000 1.853
7630.000 1.806
7635.000 1.760
7640.000 1.740
7645.000 1.703
7650.000 1.666
7655.000 1.635
7660.000 1.599
7665.000 1.566
7670.000 1.540
7675.000 1.507
7680.000 1.485
7685.000 1.462
7690.000 1.433
7695.000 1.411
7700.000 1.391
7705.000 1.379
7710.000 1.362
7715.000 1.343
7720.000 1.326
7725.000 1.306
7730.000 1.296
7735.000 1.277
7740.000 1.259
7745.000 1.253
7750.000 1.240
7755.000 1.228
7760.000 1.208
7765.000 1.207
7770.000 1.198
7775.000 1.186
7780.000 1.181
7785.000 1.169
7790.000 1.164
7795.000 1.156
7800.000 1.146
7805.000 1.138
7810.000 1.137
7815.000 1.133
7820.000 1.123
7825.000 1.126
7830.000 1.121
7835.000 1.113
7840.000 1.115
7845.000 1.111
7850.000 1.108
7855.000 1.109
7860.000 1.110
7865.000 1.110
7870.000 1.111
7875.000 1.111
7880.000 1.107
7885.000 1.115
7890.000 1.118
7895.000 1.119
7900.000 1.126
7905.000 1.124
7910.000 1.133
7915.000 1.138
7920.000 1.148
7925.000 1.154
7930.000 1.169
7935.000 1.178
7940.000 1.187
7945.000 1.205
7950.000 1.213
7955.000 1.232
7960.000 1.248
7965.000 1.270
7970.000 1.291
7975.000 1.317
7980.000 1.351
7985.000 1.382
7990.000 1.424
7995.000 1.468
8000.000 1.527
