2005.000 0.085
2010.000 0.084
2015.000 0.084
2020.000 0.084
2025.000 0.086
2030.000 0.080
2035.000 0.085
2040.000 0.079
2045.000 0.078
2050.000 0.077
2055.000 0.084
2060.000 0.074
2065.000 0.070
2070.000 0.067
2075.000 0.070
2080.000 0.069
2085.000 0.066
2090.000 0.068
2095.000 0.066
2100.000 0.063
2105.000 0.059
2110.000 0.058
2115.000 0.060
2120.000 0.063
2125.000 0.057
2130.000 0.055
2135.000 0.057
2140.000 0.056
2145.000 0.053
2150.000 0.069
2155.000 0.094
2160.000 0.059
2165.000 0.060
2170.000 0.060
2175.000 0.049
2180.000 0.050
2185.000 0.049
2190.000 0.049
2195.000 0.057
2200.000 0.046
2205.000 0.050
2210.000 0.058
2215.000 0.041
2220.000 0.052
2225.000 0.040
2230.000 0.042
2235.000 0.033
2240.000 0.036
2245.000 0.036
2250.000 0.044
2255.000 0.027
2260.000 0.040
2265.000 0.050
2270.000 0.042
2275.000 0.071
2280.000 0.145
2285.000 0.169
2290.000 0.347
2295.000 0.684
2300.000 1.457
2305.000 3.092
2310.000 5.094
2315.000 2.861
2320.000 1.000
2325.000 0.397
2330.000 0.388
2335.000 0.148
2340.000 0.298
2345.000 0.134
2350.000 0.063
2355.000 0.046
2360.000 0.091
2365.000 0.027
2370.000 0.260
2375.000 0.064
2380.000 0.103
2385.000 0.026
2390.000 0.065
2395.000 0.034
2400.000 0.030
2405.000 0.029
2410.000 0.019
2415.000 0.023
2420.000 0.100
2425.000 0.063
2430.000 0.057
2435.000 0.037
2440.000 0.042
2445.000 0.028
2450.000 0.033
2455.000 0.028
2460.000 0.024
2465.000 0.014
2470.000 0.035
2475.000 0.044
2480.000 0.016
2485.000 0.024
2490.000 0.020
2495.000 0.021
2500.000 0.023
2505.000 0.018
2510.000 0.021
2515.000 0.018
2520.000 0.021
2525.000 0.022
2530.000 0.024
2535.000 0.030
2540.000 0.024
2545.000 0.028
2550.000 0.030
2555.000 0.028
2560.000 0.025
2565.000 0.032
2570.000 0.028
2575.000 0.033
2580.000 0.032
2585.000 0.033
2590.000 0.029
2595.000 0.041
2600.000 0.037
2605.000 0.034
2610.000 0.038
2615.000 0.036
2620.000 0.044
2625.000 0.037
2630.000 0.045
2635.000 0.041
2640.000 0.043
2645.000 0.045
2650.000 0.045
2655.000 0.048
2660.000 0.046
2665.000 0.047
2670.000 0.050
2675.000 0.051
2680.000 0.056
2685.000 0.056
2690.000 0.056
2695.000 0.060
2700.000 0.059
2705.000 0.061
2710.000 0.059
2715.000 0.066
2720.000 0.067
2725.000 0.072
2730.000 0.070
2735.000 0.071
2740.000 0.078
2745.000 0.078
2750.000 0.082
2755.000 0.078
2760.000 0.082
2765.000 0.085
2770.000 0.085
2775.000 0.090
2780.000 0.091
2785.000 0.094
2790.000 0.093
2795.000 0.103
2800.000 0.105
2805.000 0.108
2810.000 0.110
2815.000 0.114
2820.000 0.114
2825.000 0.118
2830.000 0.116
2835.000 0.121
2840.000 0.103
2845.000 0.126
2850.000 0.124
2855.000 0.132
2860.000 0.132
2865.000 0.135
2870.000 0.134
2875.000 0.135
2880.000 0.139
2885.000 0.149
2890.000 0.150
2895.000 0.149
2900.000 0.146
2905.000 0.150
2910.000 0.149
2915.000 0.157
2920.000 0.156
2925.000 0.160
2930.000 0.161
2935.000 0.162
2940.000 0.166
2945.000 0.159
2950.000 0.165
2955.000 0.165
2960.000 0.187
2965.000 0.168
2970.000 0.170
2975.000 0.171
2980.000 0.169
2985.000 0.173
2990.000 0.177
2995.000 0.177
3000.000 0.177
3005.000 0.174
3010.000 0.185
3015.000 0.179
3020.000 0.181
3025.000 0.181
3030.000 0.184
3035.000 0.180
3040.000 0.180
3045.000 0.184
3050.000 0.185
3055.000 0.183
3060.000 0.183
3065.000 0.188
3070.000 0.184
3075.000 0.186
3080.000 0.189
3085.000 0.187
3090.000 0.187
3095.000 0.192
3100.000 0.188
3105.000 0.192
3110.000 0.188
3115.000 0.192
3120.000 0.189
3125.000 0.190
3130.000 0.195
3135.000 0.193
3140.000 0.189
3145.000 0.192
3150.000 0.196
3155.000 0.200
3160.000 0.197
3165.000 0.195
3170.000 0.199
3175.000 0.199
3180.000 0.204
3185.000 0.199
3190.000 0.202
3195.000 0.203
3200.000 0.206
3205.000 0.207
3210.000 0.207
3215.000 0.208
3220.000 0.207
3225.000 0.210
3230.000 0.205
3235.000 0.205
3240.000 0.212
3245.000 0.213
3250.000 0.216
3255.000 0.215
3260.000 0.212
3265.000 0.217
3270.000 0.217
3275.000 0.220
3280.000 0.223
3285.000 0.224
3290.000 0.226
3295.000 0.230
3300.000 0.231
3305.000 0.230
3310.000 0.234
3315.000 0.232
3320.000 0.240
3325.000 0.241
3330.000 0.242
3335.000 0.239
3340.000 0.243
3345.000 0.250
3350.000 0.256
3355.000 0.253
3360.000 0.260
3365.000 0.260
3370.000 0.264
3375.000 0.265
3380.000 0.263
3385.000 0.271
3390.000 0.272
3395.000 0.281
3400.000 0.279
3405.000 0.287
3410.000 0.289
3415.000 0.296
3420.000 0.296
3425.000 0.302
3430.000 0.308
3435.000 0.309
3440.000 0.316
3445.000 0.321
3450.000 0.321
3455.000 0.331
3460.000 0.340
3465.000 0.347
3470.000 0.352
3475.000 0.359
3480.000 0.365
3485.000 0.368
3490.000 0.377
3495.000 0.385
3500.000 0.392
3505.000 0.399
3510.000 0.409
3515.000 0.423
3520.000 0.433
3525.000 0.450
3530.000 0.462
3535.000 0.467
3540.000 0.488
3545.000 0.491
3550.000 0.507
3555.000 0.526
3560.000 0.538
3565.000 0.554
3570.000 0.578
3575.000 1.901
3580.000 0.721
3585.000 0.648
3590.000 0.681
3595.000 0.712
3600.000 0.743
3605.000 0.781
3610.000 0.806
3615.000 0.851
3620.000 0.900
3625.000 0.962
3630.000 1.021
3635.000 1.101
3640.000 1.184
3645.000 1.283
3650.000 1.398
3655.000 1.541
3660.000 1.712
3665.000 1.819
3670.000 2.054
3675.000 2.350
3680.000 2.736
3685.000 3.235
3690.000 3.971
3695.000 5.910
3700.000 10.600
3705.000 12.156
3710.000 8.058
3715.000 5.232
3720.000 3.888
3725.000 3.093
3730.000 2.798
3735.000 2.348
3740.000 2.023
3745.000 1.774
3750.000 1.584
3755.000 1.418
3760.000 1.296
3765.000 1.181
3770.000 1.088
3775.000 1.007
3780.000 0.950
3785.000 0.889
3790.000 0.864
3795.000 0.814
3800.000 0.763
3805.000 0.727
3810.000 0.691
3815.000 0.659
3820.000 0.630
3825.000 0.602
3830.000 0.579
3835.000 0.558
3840.000 0.532
3845.000 0.508
3850.000 0.494
3855.000 0.480
3860.000 0.468
3865.000 0.452
3870.000 0.439
3875.000 0.423
3880.000 0.410
3885.000 0.403
3890.000 0.389
3895.000 0.371
3900.000 0.367
3905.000 0.355
3910.000 0.358
3915.000 0.345
3920.000 0.336
3925.000 0.326
3930.000 0.320
3935.000 0.314
3940.000 0.309
3945.000 0.301
3950.000 0.295
3955.000 0.288
3960.000 0.281
3965.000 0.273
3970.000 0.277
3975.000 0.271
3980.000 0.264
3985.000 0.262
3990.000 0.253
3995.000 0.256
4000.000 0.244
4005.000 0.237
4010.000 0.235
4015.000 0.237
4020.000 0.232
4025.000 0.228
4030.000 0.228
4035.000 0.225
4040.000 0.224
4045.000 0.215
4050.000 0.217
4055.000 0.212
4060.000 0.209
4065.000 0.208
4070.000 0.204
4075.000 0.198
4080.000 0.206
4085.000 0.194
4090.000 0.193
4095.000 0.192
4100.000 0.194
4105.000 0.188
4110.000 0.193
4115.000 0.183
4120.000 0.178
4125.000 0.179
4130.000 0.179
4135.000 0.174
4140.000 0.177
4145.000 0.173
4150.000 0.172
4155.000 0.170
4160.000 0.170
4165.000 0.162
4170.000 0.161
4175.000 0.154
4180.000 0.154
4185.000 0.158
4190.000 0.153
4195.000 0.149
4200.000 0.152
4205.000 0.146
4210.000 0.145
4215.000 0.149
4220.000 0.140
4225.000 0.135
4230.000 0.137
4235.000 0.131
4240.000 0.128
4245.000 0.125
4250.000 0.126
4255.000 0.121
4260.000 0.127
4265.000 0.123
4270.000 0.121
4275.000 0.120
4280.000 0.119
4285.000 0.119
4290.000 0.122
4295.000 0.127
4300.000 0.117
4305.000 0.119
4310.000 0.116
4315.000 0.117
4320.000 0.120
4325.000 0.120
4330.000 0.119
4335.000 0.120
4340.000 0.118
4345.000 0.119
4350.000 0.115
4355.000 0.118
4360.000 0.116
4365.000 0.117
4370.000 0.113
4375.000 0.120
4380.000 0.117
4385.000 0.113
4390.000 0.116
4395.000 0.112
4400.000 0.111
4405.000 0.115
4410.000 0.115
4415.000 0.117
4420.000 0.114
4425.000 0.113
4430.000 0.108
4435.000 0.114
4440.000 0.115
4445.000 0.110
4450.000 0.109
4455.000 0.108
4460.000 0.117
4465.000 0.110
4470.000 0.111
4475.000 0.110
4480.000 0.108
4485.000 0.107
4490.000 0.110
4495.000 0.107
4500.000 0.110
4505.000 0.110
4510.000 0.109
4515.000 0.107
4520.000 0.113
4525.000 0.107
4530.000 0.109
4535.000 0.110
4540.000 0.107
4545.000 0.107
4550.000 0.106
4555.000 0.106
4560.000 0.107
4565.000 0.104
4570.000 0.110
4575.000 0.108
4580.000 0.111
4585.000 0.106
4590.000 0.107
4595.000 0.106
4600.000 0.108
4605.000 0.107
4610.000 0.108
4615.000 0.108
4620.000 0.106
4625.000 0.113
4630.000 0.107
4635.000 0.112
4640.000 0.111
4645.000 0.114
4650.000 0.109
4655.000 0.103
4660.000 0.112
4665.000 0.114
4670.000 0.107
4675.000 0.111
4680.000 0.114
4685.000 0.113
4690.000 0.112
4695.000 0.115
4700.000 0.113
4705.000 0.111
4710.000 0.111
4715.000 0.113
4720.000 0.110
4725.000 0.114
4730.000 0.116
4735.000 0.112
4740.000 0.113
4745.000 0.118
4750.000 0.118
4755.000 0.125
4760.000 0.125
4765.000 0.125
4770.000 0.126
4775.000 0.124
4780.000 0.127
4785.000 0.128
4790.000 0.130
4795.000 0.135
4800.000 0.136
4805.000 0.136
4810.000 0.139
4815.000 0.139
4820.000 0.139
4825.000 0.140
4830.000 0.144
4835.000 0.146
4840.000 0.151
4845.000 0.153
4850.000 0.163
4855.000 0.159
4860.000 0.163
4865.000 0.176
4870.000 0.177
4875.000 0.182
4880.000 0.186
4885.000 0.192
4890.000 0.201
4895.000 0.210
4900.000 0.219
4905.000 0.231
4910.000 0.233
4915.000 0.258
4920.000 0.278
4925.000 0.305
4930.000 0.319
4935.000 0.366
4940.000 0.412
4945.000 0.439
4950.000 0.520
4955.000 0.620
4960.000 0.816
4965.000 1.187
4970.000 1.921
4975.000 2.975
4980.000 1.675
4985.000 2.282
4990.000 2.258
4995.000 1.282
5000.000 0.580
5005.000 0.729
5010.000 0.407
5015.000 0.257
5020.000 0.209
5025.000 0.187
5030.000 0.167
5035.000 0.139
5040.000 0.127
5045.000 0.104
5050.000 0.094
5055.000 0.089
5060.000 0.077
5065.000 0.071
5070.000 0.063
5075.000 0.062
5080.000 0.050
5085.000 0.043
5090.000 0.038
5095.000 0.033
5100.000 0.025
5105.000 0.026
5110.000 0.019
5115.000 0.022
5120.000 0.019
5125.000 0.019
5130.000 0.016
5135.000 0.018
5140.000 0.017
5145.000 0.018
5150.000 0.019
5155.000 0.025
5160.000 0.025
5165.000 0.026
5170.000 0.029
5175.000 0.034
5180.000 0.036
5185.000 0.041
5190.000 0.042
5195.000 0.040
5200.000 0.041
5205.000 0.045
5210.000 0.045
5215.000 0.050
5220.000 0.051
5225.000 0.048
5230.000 0.058
5235.000 0.059
5240.000 0.060
5245.000 0.065
5250.000 0.064
5255.000 0.067
5260.000 0.068
5265.000 0.070
5270.000 0.074
5275.000 0.075
5280.000 0.077
5285.000 0.081
5290.000 0.081
5295.000 0.087
5300.000 0.088
5305.000 0.091
5310.000 0.084
5315.000 0.089
5320.000 0.088
5325.000 0.094
5330.000 0.092
5335.000 0.098
5340.000 0.101
5345.000 0.105
5350.000 0.105
5355.000 0.106
5360.000 0.108
5365.000 0.111
5370.000 0.115
5375.000 0.110
5380.000 0.116
5385.000 0.118
5390.000 0.118
5395.000 0.117
5400.000 0.127
5405.000 0.120
5410.000 0.122
5415.000 0.125
5420.000 0.128
5425.000 0.128
5430.000 0.130
5435.000 0.134
5440.000 0.132
5445.000 0.137
5450.000 0.134
5455.000 0.139
5460.000 0.143
5465.000 0.137
5470.000 0.143
5475.000 0.144
5480.000 0.147
5485.000 0.143
5490.000 0.148
5495.000 0.146
5500.000 0.148
5505.000 0.152
5510.000 0.152
5515.000 0.153
5520.000 0.156
5525.000 0.156
5530.000 0.157
5535.000 0.162
5540.000 0.158
5545.000 0.160
5550.000 0.166
5555.000 0.165
5560.000 0.164
5565.000 0.167
5570.000 0.164
5575.000 0.172
5580.000 0.171
5585.000 0.170
5590.000 0.172
5595.000 0.176
5600.000 0.176
5605.000 0.181
5610.000 0.178
5615.000 0.180
5620.000 0.185
5625.000 0.186
5630.000 0.187
5635.000 0.187
5640.000 0.188
5645.000 0.193
5650.000 0.192
5655.000 0.196
5660.000 0.192
5665.000 0.197
5670.000 0.201
5675.000 0.196
5680.000 0.204
5685.000 0.205
5690.000 0.201
5695.000 0.208
5700.000 0.213
5705.000 0.210
5710.000 0.213
5715.000 0.211
5720.000 0.215
5725.000 0.218
5730.000 0.220
5735.000 0.223
5740.000 0.224
5745.000 0.224
5750.000 0.229
5755.000 0.231
5760.000 0.231
5765.000 0.235
5770.000 0.236
5775.000 0.239
5780.000 0.243
5785.000 0.247
5790.000 0.248
5795.000 0.249
5800.000 0.250
5805.000 0.255
5810.000 0.257
5815.000 0.259
5820.000 0.262
5825.000 0.273
5830.000 0.273
5835.000 0.271
5840.000 0.275
5845.000 0.284
5850.000 0.283
5855.000 0.287
5860.000 0.290
5865.000 0.295
5870.000 0.299
5875.000 0.300
5880.000 0.307
5885.000 0.313
5890.000 0.316
5895.000 0.323
5900.000 0.329
5905.000 0.325
5910.000 0.339
5915.000 0.340
5920.000 0.345
5925.000 0.351
5930.000 0.354
5935.000 0.362
5940.000 0.369
5945.000 0.374
5950.000 0.382
5955.000 0.385
5960.000 0.391
5965.000 0.401
5970.000 0.406
5975.000 0.415
5980.000 0.415
5985.000 0.426
5990.000 0.435
5995.000 0.436
6000.000 0.446
6005.000 0.457
6010.000 0.466
6015.000 0.474
6020.000 0.482
6025.000 0.495
6030.000 0.503
6035.000 0.515
6040.000 0.521
6045.000 0.528
6050.000 0.541
6055.000 0.555
6060.000 0.572
6065.000 0.585
6070.000 0.600
6075.000 0.611
6080.000 0.633
6085.000 0.645
6090.000 0.663
6095.000 0.687
6100.000 0.705
6105.000 0.713
6110.000 0.735
6115.000 0.767
6120.000 0.786
6125.000 0.818
6130.000 0.851
6135.000 0.891
6140.000 0.929
6145.000 0.960
6150.000 1.007
6155.000 1.060
6160.000 1.097
6165.000 1.151
6170.000 1.219
6175.000 1.295
6180.000 1.387
6185.000 1.494
6190.000 1.619
6195.000 1.768
6200.000 1.949
6205.000 2.182
6210.000 2.502
6215.000 2.919
6220.000 3.175
6225.000 3.866
6230.000 4.801
6235.000 5.837
6240.000 6.022
6245.000 3.910
6250.000 1.926
6255.000 2.007
6260.000 1.665
6265.000 1.574
6270.000 1.601
6275.000 1.684
6280.000 1.749
6285.000 1.779
6290.000 1.803
6295.000 1.785
6300.000 1.740
6305.000 1.686
6310.000 1.610
6315.000 1.530
6320.000 1.440
6325.000 1.368
6330.000 1.294
6335.000 1.228
6340.000 1.165
6345.000 1.138
6350.000 1.084
6355.000 1.034
6360.000 0.988
6365.000 0.950
6370.000 0.912
6375.000 0.872
6380.000 0.835
6385.000 0.808
6390.000 0.780
6395.000 0.756
6400.000 0.730
6405.000 0.720
6410.000 0.695
6415.000 0.676
6420.000 0.651
6425.000 0.641
6430.000 0.619
6435.000 0.600
6440.000 0.587
6445.000 0.571
6450.000 0.556
6455.000 0.541
6460.000 0.530
6465.000 0.525
6470.000 0.510
6475.000 0.501
6480.000 0.494
6485.000 0.480
6490.000 0.479
6495.000 0.462
6500.000 0.459
6505.000 0.444
6510.000 0.437
6515.000 0.437
6520.000 0.423
6525.000 0.411
6530.000 0.407
6535.000 0.401
6540.000 0.383
6545.000 0.367
6550.000 0.351
6555.000 0.315
6560.000 0.278
6565.000 0.464
6570.000 1.447
6575.000 3.761
6580.000 5.409
6585.000 1.694
6590.000 0.532
6595.000 0.202
6600.000 0.203
6605.000 0.207
6610.000 0.228
6615.000 0.222
6620.000 0.234
6625.000 0.245
6630.000 0.249
6635.000 0.250
6640.000 0.259
6645.000 0.252
6650.000 0.248
6655.000 0.251
6660.000 0.251
6665.000 0.253
6670.000 0.252
6675.000 0.253
6680.000 0.249
6685.000 0.246
6690.000 0.247
6695.000 0.247
6700.000 0.244
6705.000 0.241
6710.000 0.243
6715.000 0.241
6720.000 0.236
6725.000 0.235
6730.000 0.234
6735.000 0.232
6740.000 0.231
6745.000 0.231
6750.000 0.232
6755.000 0.228
6760.000 0.224
6765.000 0.226
6770.000 0.226
6775.000 0.221
6780.000 0.220
6785.000 0.218
6790.000 0.219
6795.000 0.217
6800.000 0.216
6805.000 0.215
6810.000 0.213
6815.000 0.210
6820.000 0.215
6825.000 0.212
6830.000 0.208
6835.000 0.212
6840.000 0.208
6845.000 0.207
6850.000 0.203
6855.000 0.209
6860.000 0.206
6865.000 0.203
6870.000 0.199
6875.000 0.201
6880.000 0.203
6885.000 0.198
6890.000 0.201
6895.000 0.200
6900.000 0.199
6905.000 0.194
6910.000 0.198
6915.000 0.194
6920.000 0.200
6925.000 0.195
6930.000 0.193
6935.000 0.195
6940.000 0.193
6945.000 0.195
6950.000 0.193
6955.000 0.190
6960.000 0.188
6965.000 0.195
6970.000 0.190
6975.000 0.190
6980.000 0.189
6985.000 0.191
6990.000 0.188
6995.000 0.193
7000.000 0.189
7005.000 0.183
7010.000 0.185
7015.000 0.190
7020.000 0.186
7025.000 0.187
7030.000 0.184
7035.000 0.188
7040.000 0.188
7045.000 0.184
7050.000 0.189
7055.000 0.191
7060.000 0.187
7065.000 0.188
7070.000 0.190
7075.000 0.185
7080.000 0.183
7085.000 0.186
7090.000 0.190
7095.000 0.186
7100.000 0.188
7105.000 0.188
7110.000 0.188
7115.000 0.189
7120.000 0.192
7125.000 0.189
7130.000 0.192
7135.000 0.193
7140.000 0.196
7145.000 0.192
7150.000 0.193
7155.000 0.193
7160.000 0.189
7165.000 0.193
7170.000 0.192
7175.000 0.193
7180.000 0.196
7185.000 0.195
7190.000 0.198
7195.000 0.197
7200.000 0.196
7205.000 0.201
7210.000 0.201
7215.000 0.198
7220.000 0.203
7225.000 0.204
7230.000 0.204
7235.000 0.203
7240.000 0.207
7245.000 0.209
7250.000 0.208
7255.000 0.211
7260.000 0.211
7265.000 0.215
7270.000 0.216
7275.000 0.216
7280.000 0.225
7285.000 0.223
7290.000 0.226
7295.000 0.229
7300.000 0.232
7305.000 0.234
7310.000 0.234
7315.000 0.240
7320.000 0.239
7325.000 0.250
7330.000 0.249
7335.000 0.250
7340.000 0.255
7345.000 0.267
7350.000 0.270
7355.000 0.277
7360.000 0.278
7365.000 0.287
7370.000 0.295
7375.000 0.300
7380.000 0.309
7385.000 0.324
7390.000 0.332
7395.000 0.351
7400.000 0.369
7405.000 0.383
7410.000 0.412
7415.000 0.432
7420.000 0.462
7425.000 0.504
7430.000 0.551
7435.000 0.602
7440.000 0.633
7445.000 0.683
7450.000 0.738
7455.000 0.800
7460.000 1.026
7465.000 1.314
7470.000 1.362
7475.000 1.225
7480.000 1.212
7485.000 0.953
7490.000 0.487
7495.000 0.159
7500.000 0.084
7505.000 0.055
7510.000 0.044
7515.000 0.042
7520.000 0.036
7525.000 0.030
7530.000 0.030
7535.000 0.028
7540.000 0.030
7545.000 0.028
7550.000 0.031
7555.000 0.033
7560.000 0.041
7565.000 0.040
7570.000 0.044
7575.000 0.052
7580.000 0.056
7585.000 0.065
7590.000 0.068
7595.000 0.070
7600.000 0.072
7605.000 0.077
7610.000 0.081
7615.000 0.085
7620.000 0.079
7625.000 0.087
7630.000 0.089
7635.000 0.093
7640.000 0.094
7645.000 0.101
7650.000 0.102
7655.000 0.104
7660.000 0.111
7665.000 0.104
7670.000 0.108
7675.000 0.114
7680.000 0.110
7685.000 0.117
7690.000 0.121
7695.000 0.122
7700.000 0.125
7705.000 0.123
7710.000 0.131
7715.000 0.132
7720.000 0.132
7725.000 0.137
7730.000 0.136
7735.000 0.136
7740.000 0.137
7745.000 0.136
7750.000 0.144
7755.000 0.145
7760.000 0.148
7765.000 0.155
7770.000 0.153
7775.000 0.161
7780.000 0.156
7785.000 0.162
7790.000 0.164
7795.000 0.166
7800.000 0.173
7805.000 0.169
7810.000 0.175
7815.000 0.177
7820.000 0.178
7825.000 0.180
7830.000 0.177
7835.000 0.184
7840.000 0.194
7845.000 0.195
7850.000 0.197
7855.000 0.200
7860.000 0.202
7865.000 0.208
7870.000 0.217
7875.000 0.217
7880.000 0.217
7885.000 0.224
7890.000 0.230
7895.000 0.235
7900.000 0.235
7905.000 0.244
7910.000 0.245
7915.000 0.256
7920.000 0.268
7925.000 0.269
7930.000 0.274
7935.000 0.280
7940.000 0.291
7945.000 0.299
7950.000 0.310
7955.000 0.321
7960.000 0.334
7965.000 0.346
7970.000 0.360
7975.000 0.377
7980.000 0.392
7985.000 0.403
7990.000 0.423
7995.000 0.445
8000.000 0.470
