2005.000 0.094
2010.000 0.092
2015.000 0.093
2020.000 0.091
2025.000 0.086
2030.000 0.085
2035.000 0.084
2040.000 0.088
2045.000 0.087
2050.000 0.087
2055.000 0.080
2060.000 0.079
2065.000 0.076
2070.000 0.075
2075.000 0.080
2080.000 0.073
2085.000 0.069
2090.000 0.072
2095.000 0.069
2100.000 0.074
2105.000 0.064
2110.000 0.072
2115.000 0.069
2120.000 0.068
2125.000 0.064
2130.000 0.064
2135.000 0.072
2140.000 0.065
2145.000 0.067
2150.000 0.118
2155.000 0.068
2160.000 0.060
2165.000 0.057
2170.000 0.065
2175.000 0.057
2180.000 0.063
2185.000 0.060
2190.000 0.062
2195.000 0.050
2200.000 0.058
2205.000 0.057
2210.000 0.062
2215.000 0.051
2220.000 0.047
2225.000 0.050
2230.000 0.053
2235.000 0.056
2240.000 0.043
2245.000 0.035
2250.000 0.053
2255.000 0.044
2260.000 0.037
2265.000 0.035
2270.000 0.029
2275.000 0.030
2280.000 0.059
2285.000 0.137
2290.000 0.253
2295.000 0.547
2300.000 1.242
2305.000 2.716
2310.000 4.536
2315.000 2.488
2320.000 1.041
2325.000 0.398
2330.000 0.245
2335.000 0.163
2340.000 0.142
2345.000 0.093
2350.000 0.079
2355.000 0.061
2360.000 0.046
2365.000 0.033
2370.000 0.036
2375.000 0.021
2380.000 0.044
2385.000 0.039
2390.000 0.013
2395.000 0.011
2400.000 0.016
2405.000 0.011
2410.000 0.027
2415.000 0.011
2420.000 0.014
2425.000 0.019
2430.000 0.015
2435.000 0.017
2440.000 0.011
2445.000 0.045
2450.000 0.015
2455.000 0.016
2460.000 0.023
2465.000 0.014
2470.000 0.020
2475.000 0.015
2480.000 0.012
2485.000 0.017
2490.000 0.014
2495.000 0.017
2500.000 0.013
2505.000 0.015
2510.000 0.019
2515.000 0.019
2520.000 0.020
2525.000 0.016
2530.000 0.026
2535.000 0.022
2540.000 0.027
2545.000 0.018
2550.000 0.022
2555.000 0.023
2560.000 0.026
2565.000 0.026
2570.000 0.027
2575.000 0.031
2580.000 0.025
2585.000 0.027
2590.000 0.022
2595.000 0.030
2600.000 0.034
2605.000 0.029
2610.000 0.034
2615.000 0.038
2620.000 0.035
2625.000 0.038
2630.000 0.039
2635.000 0.044
2640.000 0.041
2645.000 0.046
2650.000 0.039
2655.000 0.037
2660.000 0.050
2665.000 0.049
2670.000 0.048
2675.000 0.050
2680.000 0.045
2685.000 0.052
2690.000 0.049
2695.000 0.056
2700.000 0.055
2705.000 0.054
2710.000 0.065
2715.000 0.064
2720.000 0.063
2725.000 0.067
2730.000 0.065
2735.000 0.066
2740.000 0.074
2745.000 0.071
2750.000 0.072
2755.000 0.080
2760.000 0.083
2765.000 0.079
2770.000 0.081
2775.000 0.081
2780.000 0.085
2785.000 0.091
2790.000 0.088
2795.000 0.100
2800.000 0.096
2805.000 0.100
2810.000 0.102
2815.000 0.104
2820.000 0.105
2825.000 0.108
2830.000 0.107
2835.000 0.111
2840.000 0.111
2845.000 0.110
2850.000 0.122
2855.000 0.128
2860.000 0.122
2865.000 0.128
2870.000 0.126
2875.000 0.131
2880.000 0.137
2885.000 0.135
2890.000 0.140
2895.000 0.141
2900.000 0.143
2905.000 0.145
2910.000 0.150
2915.000 0.150
2920.000 0.148
2925.000 0.151
2930.000 0.155
2935.000 0.152
2940.000 0.155
2945.000 0.156
2950.000 0.158
2955.000 0.159
2960.000 0.163
2965.000 0.166
2970.000 0.164
2975.000 0.166
2980.000 0.165
2985.000 0.171
2990.000 0.174
2995.000 0.169
3000.000 0.171
3005.000 0.170
3010.000 0.173
3015.000 0.172
3020.000 0.177
3025.000 0.180
3030.000 0.175
3035.000 0.180
3040.000 0.176
3045.000 0.179
3050.000 0.179
3055.000 0.180
3060.000 0.182
3065.000 0.176
3070.000 0.183
3075.000 0.179
3080.000 0.182
3085.000 0.187
3090.000 0.180
3095.000 0.186
3100.000 0.187
3105.000 0.188
3110.000 0.188
3115.000 0.188
3120.000 0.187
3125.000 0.188
3130.000 0.187
3135.000 0.192
3140.000 0.186
3145.000 0.192
3150.000 0.188
3155.000 0.193
3160.000 0.193
3165.000 0.192
3170.000 0.193
3175.000 0.189
3180.000 0.191
3185.000 0.198
3190.000 0.198
3195.000 0.199
3200.000 0.196
3205.000 0.193
3210.000 0.202
3215.000 0.199
3220.000 0.200
3225.000 0.199
3230.000 0.198
3235.000 0.204
3240.000 0.206
3245.000 0.205
3250.000 0.205
3255.000 0.206
3260.000 0.208
3265.000 0.210
3270.000 0.209
3275.000 0.206
3280.000 0.220
3285.000 0.221
3290.000 0.224
3295.000 0.214
3300.000 0.223
3305.000 0.226
3310.000 0.226
3315.000 0.227
3320.000 0.227
3325.000 0.231
3330.000 0.234
3335.000 0.237
3340.000 0.238
3345.000 0.236
3350.000 0.246
3355.000 0.249
3360.000 0.247
3365.000 0.256
3370.000 0.253
3375.000 0.254
3380.000 0.261
3385.000 0.263
3390.000 0.268
3395.000 0.265
3400.000 0.271
3405.000 0.275
3410.000 0.280
3415.000 0.284
3420.000 0.291
3425.000 0.293
3430.000 0.300
3435.000 0.300
3440.000 0.306
3445.000 0.314
3450.000 0.322
3455.000 0.327
3460.000 0.332
3465.000 0.334
3470.000 0.342
3475.000 0.349
3480.000 0.354
3485.000 0.360
3490.000 0.369
3495.000 0.373
3500.000 0.385
3505.000 0.394
3510.000 0.402
3515.000 0.411
3520.000 0.420
3525.000 0.432
3530.000 0.446
3535.000 0.454
3540.000 0.470
3545.000 0.485
3550.000 0.506
3555.000 0.513
3560.000 0.531
3565.000 0.544
3570.000 0.568
3575.000 0.584
3580.000 0.614
3585.000 0.633
3590.000 0.666
3595.000 0.693
3600.000 0.726
3605.000 0.759
3610.000 0.803
3615.000 0.822
3620.000 0.872
3625.000 0.923
3630.000 0.980
3635.000 1.054
3640.000 1.138
3645.000 1.233
3650.000 1.348
3655.000 1.477
3660.000 1.643
3665.000 1.842
3670.000 2.116
3675.000 2.445
3680.000 2.642
3685.000 3.182
3690.000 4.201
3695.000 6.462
3700.000 10.705
3705.000 12.633
3710.000 9.746
3715.000 5.850
3720.000 4.191
3725.000 3.260
3730.000 2.668
3735.000 2.435
3740.000 2.081
3745.000 1.823
3750.000 1.606
3755.000 1.444
3760.000 1.302
3765.000 1.190
3770.000 1.102
3775.000 1.024
3780.000 0.947
3785.000 0.890
3790.000 0.837
3795.000 0.789
3800.000 0.769
3805.000 0.730
3810.000 0.690
3815.000 0.658
3820.000 0.627
3825.000 0.600
3830.000 0.568
3835.000 0.557
3840.000 0.527
3845.000 0.510
3850.000 0.492
3855.000 0.475
3860.000 0.466
3865.000 0.452
3870.000 0.443
3875.000 0.423
3880.000 0.414
3885.000 0.402
3890.000 0.385
3895.000 0.380
3900.000 0.370
3905.000 0.362
3910.000 0.351
3915.000 0.346
3920.000 0.339
3925.000 0.332
3930.000 0.322
3935.000 0.314
3940.000 0.310
3945.000 0.307
3950.000 0.298
3955.000 0.287
3960.000 0.284
3965.000 0.287
3970.000 0.278
3975.000 0.274
3980.000 0.273
3985.000 0.267
3990.000 0.257
3995.000 0.258
4000.000 0.257
4005.000 0.248
4010.000 0.246
4015.000 0.240
4020.000 0.233
4025.000 0.234
4030.000 0.233
4035.000 0.228
4040.000 0.224
4045.000 0.219
4050.000 0.221
4055.000 0.216
4060.000 0.212
4065.000 0.211
4070.000 0.210
4075.000 0.208
4080.000 0.203
4085.000 0.205
4090.000 0.199
4095.000 0.197
4100.000 0.199
4105.000 0.197
4110.000 0.196
4115.000 0.187
4120.000 0.189
4125.000 0.184
4130.000 0.180
4135.000 0.179
4140.000 0.179
4145.000 0.175
4150.000 0.176
4155.000 0.177
4160.000 0.165
4165.000 0.172
4170.000 0.165
4175.000 0.161
4180.000 0.162
4185.000 0.160
4190.000 0.159
4195.000 0.155
4200.000 0.152
4205.000 0.151
4210.000 0.147
4215.000 0.145
4220.000 0.141
4225.000 0.136
4230.000 0.138
4235.000 0.138
4240.000 0.136
4245.000 0.129
4250.000 0.131
4255.000 0.125
4260.000 0.128
4265.000 0.129
4270.000 0.127
4275.000 0.125
4280.000 0.125
4285.000 0.121
4290.000 0.126
4295.000 0.127
4300.000 0.124
4305.000 0.124
4310.000 0.121
4315.000 0.124
4320.000 0.124
4325.000 0.129
4330.000 0.124
4335.000 0.123
4340.000 0.121
4345.000 0.120
4350.000 0.124
4355.000 0.124
4360.000 0.123
4365.000 0.125
4370.000 0.124
4375.000 0.123
4380.000 0.117
4385.000 0.122
4390.000 0.121
4395.000 0.121
4400.000 0.118
4405.000 0.121
4410.000 0.125
4415.000 0.118
4420.000 0.117
4425.000 0.120
4430.000 0.121
4435.000 0.119
4440.000 0.119
4445.000 0.122
4450.000 0.120
4455.000 0.121
4460.000 0.120
4465.000 0.118
4470.000 0.114
4475.000 0.115
4480.000 0.116
4485.000 0.114
4490.000 0.120
4495.000 0.116
4500.000 0.118
4505.000 0.119
4510.000 0.119
4515.000 0.118
4520.000 0.115
4525.000 0.115
4530.000 0.113
4535.000 0.119
4540.000 0.114
4545.000 0.117
4550.000 0.116
4555.000 0.109
4560.000 0.117
4565.000 0.114
4570.000 0.114
4575.000 0.113
4580.000 0.114
4585.000 0.117
4590.000 0.116
4595.000 0.113
4600.000 0.114
4605.000 0.114
4610.000 0.114
4615.000 0.113
4620.000 0.114
4625.000 0.116
4630.000 0.119
4635.000 0.112
4640.000 0.116
4645.000 0.117
4650.000 0.116
4655.000 0.114
4660.000 0.114
4665.000 0.117
4670.000 0.119
4675.000 0.119
4680.000 0.118
4685.000 0.116
4690.000 0.120
4695.000 0.118
4700.000 0.125
4705.000 0.121
4710.000 0.120
4715.000 0.120
4720.000 0.126
4725.000 0.125
4730.000 0.128
4735.000 0.132
4740.000 0.131
4745.000 0.132
4750.000 0.130
4755.000 0.134
4760.000 0.135
4765.000 0.134
4770.000 0.133
4775.000 0.141
4780.000 0.136
4785.000 0.142
4790.000 0.145
4795.000 0.149
4800.000 0.147
4805.000 0.153
4810.000 0.151
4815.000 0.153
4820.000 0.162
4825.000 0.159
4830.000 0.165
4835.000 0.164
4840.000 0.171
4845.000 0.172
4850.000 0.183
4855.000 0.181
4860.000 0.189
4865.000 0.196
4870.000 0.197
4875.000 0.208
4880.000 0.210
4885.000 0.220
4890.000 0.233
4895.000 0.237
4900.000 0.249
4905.000 0.254
4910.000 0.277
4915.000 0.295
4920.000 0.313
4925.000 0.339
4930.000 0.367
4935.000 0.406
4940.000 0.456
4945.000 0.517
4950.000 0.556
4955.000 0.677
4960.000 0.864
4965.000 1.213
4970.000 1.929
4975.000 3.001
4980.000 2.305
4985.000 1.859
4990.000 1.373
4995.000 0.872
5000.000 1.587
5005.000 0.821
5010.000 0.653
5015.000 0.517
5020.000 0.432
5025.000 0.356
5030.000 0.293
5035.000 0.252
5040.000 0.218
5045.000 0.198
5050.000 0.169
5055.000 0.156
5060.000 0.142
5065.000 0.122
5070.000 0.115
5075.000 0.111
5080.000 0.104
5085.000 0.090
5090.000 0.079
5095.000 0.074
5100.000 0.069
5105.000 0.062
5110.000 0.052
5115.000 0.049
5120.000 0.053
5125.000 0.039
5130.000 0.040
5135.000 0.034
5140.000 0.025
5145.000 0.031
5150.000 0.025
5155.000 0.021
5160.000 0.018
5165.000 0.016
5170.000 0.011
5175.000 0.016
5180.000 0.010
5185.000 0.014
5190.000 0.011
5195.000 0.017
5200.000 0.017
5205.000 0.021
5210.000 0.024
5215.000 0.027
5220.000 0.023
5225.000 0.027
5230.000 0.030
5235.000 0.029
5240.000 0.036
5245.000 0.033
5250.000 0.039
5255.000 0.037
5260.000 0.042
5265.000 0.048
5270.000 0.049
5275.000 0.043
5280.000 0.051
5285.000 0.053
5290.000 0.056
5295.000 0.064
5300.000 0.064
5305.000 0.061
5310.000 0.068
5315.000 0.067
5320.000 0.066
5325.000 0.070
5330.000 0.075
5335.000 0.076
5340.000 0.074
5345.000 0.078
5350.000 0.083
5355.000 0.082
5360.000 0.088
5365.000 0.086
5370.000 0.096
5375.000 0.087
5380.000 0.092
5385.000 0.093
5390.000 0.100
5395.000 0.100
5400.000 0.098
5405.000 0.102
5410.000 0.099
5415.000 0.101
5420.000 0.109
5425.000 0.110
5430.000 0.111
5435.000 0.110
5440.000 0.111
5445.000 0.113
5450.000 0.114
5455.000 0.121
5460.000 0.121
5465.000 0.121
5470.000 0.123
5475.000 0.115
5480.000 0.124
5485.000 0.126
5490.000 0.129
5495.000 0.126
5500.000 0.129
5505.000 0.132
5510.000 0.137
5515.000 0.133
5520.000 0.140
5525.000 0.145
5530.000 0.136
5535.000 0.141
5540.000 0.140
5545.000 0.144
5550.000 0.147
5555.000 0.145
5560.000 0.147
5565.000 0.148
5570.000 0.149
5575.000 0.152
5580.000 0.155
5585.000 0.150
5590.000 0.161
5595.000 0.155
5600.000 0.157
5605.000 0.162
5610.000 0.163
5615.000 0.165
5620.000 0.164
5625.000 0.162
5630.000 0.165
5635.000 0.163
5640.000 0.169
5645.000 0.164
5650.000 0.173
5655.000 0.177
5660.000 0.174
5665.000 0.177
5670.000 0.181
5675.000 0.183
5680.000 0.181
5685.000 0.182
5690.000 0.188
5695.000 0.187
5700.000 0.186
5705.000 0.194
5710.000 0.193
5715.000 0.195
5720.000 0.198
5725.000 0.202
5730.000 0.199
5735.000 0.204
5740.000 0.207
5745.000 0.210
5750.000 0.208
5755.000 0.211
5760.000 0.215
5765.000 0.215
5770.000 0.215
5775.000 0.224
5780.000 0.224
5785.000 0.226
5790.000 0.228
5795.000 0.232
5800.000 0.238
5805.000 0.237
5810.000 0.238
5815.000 0.244
5820.000 0.245
5825.000 0.244
5830.000 0.251
5835.000 0.255
5840.000 0.263
5845.000 0.266
5850.000 0.269
5855.000 0.266
5860.000 0.275
5865.000 0.280
5870.000 0.279
5875.000 0.284
5880.000 0.286
5885.000 0.295
5890.000 0.297
5895.000 0.298
5900.000 0.305
5905.000 0.313
5910.000 0.321
5915.000 0.323
5920.000 0.324
5925.000 0.336
5930.000 0.341
5935.000 0.344
5940.000 0.347
5945.000 0.355
5950.000 0.359
5955.000 0.364
5960.000 0.372
5965.000 0.380
5970.000 0.385
5975.000 0.396
5980.000 0.399
5985.000 0.408
5990.000 0.408
5995.000 0.419
6000.000 0.429
6005.000 0.440
6010.000 0.447
6015.000 0.455
6020.000 0.469
6025.000 0.476
6030.000 0.488
6035.000 0.501
6040.000 0.509
6045.000 0.520
6050.000 0.530
6055.000 0.542
6060.000 0.550
6065.000 0.568
6070.000 0.583
6075.000 0.598
6080.000 0.615
6085.000 0.631
6090.000 0.649
6095.000 0.672
6100.000 0.689
6105.000 0.714
6110.000 0.727
6115.000 0.756
6120.000 0.784
6125.000 0.807
6130.000 0.845
6135.000 0.879
6140.000 0.929
6145.000 0.971
6150.000 1.020
6155.000 1.077
6160.000 1.137
6165.000 1.174
6170.000 1.246
6175.000 1.329
6180.000 1.425
6185.000 1.552
6190.000 1.688
6195.000 1.862
6200.000 2.068
6205.000 2.316
6210.000 2.642
6215.000 3.092
6220.000 3.680
6225.000 4.482
6230.000 4.939
6235.000 5.877
6240.000 6.055
6245.000 4.552
6250.000 3.084
6255.000 2.760
6260.000 2.190
6265.000 1.877
6270.000 1.729
6275.000 1.693
6280.000 1.696
6285.000 1.713
6290.000 1.719
6295.000 1.708
6300.000 1.678
6305.000 1.629
6310.000 1.558
6315.000 1.482
6320.000 1.416
6325.000 1.343
6330.000 1.278
6335.000 1.223
6340.000 1.155
6345.000 1.100
6350.000 1.051
6355.000 1.024
6360.000 0.982
6365.000 0.939
6370.000 0.903
6375.000 0.865
6380.000 0.839
6385.000 0.808
6390.000 0.776
6395.000 0.760
6400.000 0.729
6405.000 0.703
6410.000 0.687
6415.000 0.675
6420.000 0.656
6425.000 0.636
6430.000 0.618
6435.000 0.607
6440.000 0.594
6445.000 0.578
6450.000 0.569
6455.000 0.556
6460.000 0.538
6465.000 0.529
6470.000 0.517
6475.000 0.513
6480.000 0.502
6485.000 0.498
6490.000 0.484
6495.000 0.477
6500.000 0.465
6505.000 0.458
6510.000 0.451
6515.000 0.446
6520.000 0.440
6525.000 0.433
6530.000 0.431
6535.000 0.424
6540.000 0.414
6545.000 0.405
6550.000 0.392
6555.000 0.372
6560.000 0.356
6565.000 0.451
6570.000 1.108
6575.000 2.742
6580.000 3.670
6585.000 0.764
6590.000 0.348
6595.000 0.077
6600.000 0.155
6605.000 0.161
6610.000 0.209
6615.000 0.219
6620.000 0.231
6625.000 0.242
6630.000 0.245
6635.000 0.251
6640.000 0.250
6645.000 0.246
6650.000 0.252
6655.000 0.254
6660.000 0.258
6665.000 0.249
6670.000 0.250
6675.000 0.254
6680.000 0.247
6685.000 0.251
6690.000 0.249
6695.000 0.244
6700.000 0.248
6705.000 0.244
6710.000 0.242
6715.000 0.245
6720.000 0.245
6725.000 0.243
6730.000 0.243
6735.000 0.242
6740.000 0.232
6745.000 0.238
6750.000 0.238
6755.000 0.234
6760.000 0.233
6765.000 0.230
6770.000 0.234
6775.000 0.228
6780.000 0.233
6785.000 0.226
6790.000 0.230
6795.000 0.225
6800.000 0.223
6805.000 0.219
6810.000 0.216
6815.000 0.219
6820.000 0.221
6825.000 0.217
6830.000 0.220
6835.000 0.218
6840.000 0.217
6845.000 0.217
6850.000 0.218
6855.000 0.219
6860.000 0.212
6865.000 0.215
6870.000 0.217
6875.000 0.214
6880.000 0.211
6885.000 0.208
6890.000 0.213
6895.000 0.210
6900.000 0.205
6905.000 0.204
6910.000 0.208
6915.000 0.207
6920.000 0.205
6925.000 0.202
6930.000 0.215
6935.000 0.202
6940.000 0.208
6945.000 0.208
6950.000 0.200
6955.000 0.207
6960.000 0.206
6965.000 0.207
6970.000 0.201
6975.000 0.207
6980.000 0.205
6985.000 0.207
6990.000 0.209
6995.000 0.205
7000.000 0.201
7005.000 0.204
7010.000 0.203
7015.000 0.205
7020.000 0.205
7025.000 0.205
7030.000 0.207
7035.000 0.201
7040.000 0.204
7045.000 0.207
7050.000 0.203
7055.000 0.205
7060.000 0.200
7065.000 0.211
7070.000 0.208
7075.000 0.211
7080.000 0.205
7085.000 0.203
7090.000 0.210
7095.000 0.208
7100.000 0.209
7105.000 0.209
7110.000 0.208
7115.000 0.207
7120.000 0.216
7125.000 0.211
7130.000 0.210
7135.000 0.214
7140.000 0.216
7145.000 0.216
7150.000 0.216
7155.000 0.215
7160.000 0.216
7165.000 0.218
7170.000 0.223
7175.000 0.223
7180.000 0.222
7185.000 0.225
7190.000 0.224
7195.000 0.228
7200.000 0.226
7205.000 0.229
7210.000 0.231
7215.000 0.228
7220.000 0.239
7225.000 0.235
7230.000 0.239
7235.000 0.245
7240.000 0.245
7245.000 0.244
7250.000 0.246
7255.000 0.251
7260.000 0.256
7265.000 0.262
7270.000 0.262
7275.000 0.263
7280.000 0.267
7285.000 0.266
7290.000 0.279
7295.000 0.277
7300.000 0.283
7305.000 0.291
7310.000 0.295
7315.000 0.305
7320.000 0.305
7325.000 0.318
7330.000 0.316
7335.000 0.325
7340.000 0.334
7345.000 0.339
7350.000 0.351
7355.000 0.365
7360.000 0.376
7365.000 0.391
7370.000 0.406
7375.000 0.428
7380.000 0.446
7385.000 0.470
7390.000 0.479
7395.000 0.513
7400.000 0.550
7405.000 0.592
7410.000 0.645
7415.000 0.710
7420.000 0.786
7425.000 0.876
7430.000 1.019
7435.000 1.192
7440.000 1.420
7445.000 1.534
7450.000 1.772
7455.000 1.832
7460.000 1.546
7465.000 1.053
7470.000 0.717
7475.000 0.649
7480.000 0.857
7485.000 0.801
7490.000 0.526
7495.000 0.247
7500.000 0.179
7505.000 0.163
7510.000 0.161
7515.000 0.148
7520.000 0.135
7525.000 0.116
7530.000 0.100
7535.000 0.091
7540.000 0.080
7545.000 0.071
7550.000 0.062
7555.000 0.050
7560.000 0.036
7565.000 0.033
7570.000 0.027
7575.000 0.027
7580.000 0.023
7585.000 0.020
7590.000 0.021
7595.000 0.025
7600.000 0.020
7605.000 0.028
7610.000 0.027
7615.000 0.031
7620.000 0.044
7625.000 0.047
7630.000 0.047
7635.000 0.054
7640.000 0.051
7645.000 0.055
7650.000 0.058
7655.000 0.062
7660.000 0.066
7665.000 0.073
7670.000 0.066
7675.000 0.076
7680.000 0.076
7685.000 0.078
7690.000 0.084
7695.000 0.088
7700.000 0.090
7705.000 0.084
7710.000 0.090
7715.000 0.098
7720.000 0.104
7725.000 0.101
7730.000 0.103
7735.000 0.106
7740.000 0.111
7745.000 0.113
7750.000 0.113
7755.000 0.120
7760.000 0.119
7765.000 0.123
7770.000 0.125
7775.000 0.128
7780.000 0.128
7785.000 0.135
7790.000 0.138
7795.000 0.140
7800.000 0.143
7805.000 0.147
7810.000 0.145
7815.000 0.154
7820.000 0.151
7825.000 0.154
7830.000 0.162
7835.000 0.165
7840.000 0.166
7845.000 0.168
7850.000 0.174
7855.000 0.174
7860.000 0.178
7865.000 0.184
7870.000 0.190
7875.000 0.191
7880.000 0.198
7885.000 0.197
7890.000 0.203
7895.000 0.212
7900.000 0.220
7905.000 0.221
7910.000 0.228
7915.000 0.237
7920.000 0.243
7925.000 0.249
7930.000 0.259
7935.000 0.260
7940.000 0.265
7945.000 0.283
7950.000 0.289
7955.000 0.296
7960.000 0.313
7965.000 0.322
7970.000 0.337
7975.000 0.353
7980.000 0.370
7985.000 0.394
7990.000 0.414
7995.000 0.431
8000.000 0.451
