2005.000 0.093
2010.000 0.096
2015.000 0.099
2020.000 0.097
2025.000 0.095
2030.000 0.095
2035.000 0.097
2040.000 0.088
2045.000 0.086
2050.000 0.088
2055.000 0.087
2060.000 0.087
2065.000 0.088
2070.000 0.086
2075.000 0.081
2080.000 0.083
2085.000 0.085
2090.000 0.077
2095.000 0.076
2100.000 0.077
2105.000 0.079
2110.000 0.077
2115.000 0.080
2120.000 0.071
2125.000 0.069
2130.000 0.068
2135.000 0.072
2140.000 0.106
2145.000 0.101
2150.000 0.079
2155.000 0.078
2160.000 0.065
2165.000 0.067
2170.000 0.068
2175.000 0.067
2180.000 0.066
2185.000 0.067
2190.000 0.066
2195.000 0.063
2200.000 0.059
2205.000 0.065
2210.000 0.064
2215.000 0.061
2220.000 0.075
2225.000 0.058
2230.000 0.070
2235.000 0.058
2240.000 0.058
2245.000 0.050
2250.000 0.049
2255.000 0.063
2260.000 0.067
2265.000 0.041
2270.000 0.049
2275.000 0.049
2280.000 0.058
2285.000 0.120
2290.000 0.259
2295.000 0.580
2300.000 1.360
2305.000 3.101
2310.000 5.108
2315.000 4.969
2320.000 0.775
2325.000 0.430
2330.000 0.367
2335.000 0.210
2340.000 0.163
2345.000 0.128
2350.000 0.100
2355.000 0.080
2360.000 0.060
2365.000 0.057
2370.000 0.034
2375.000 0.033
2380.000 0.035
2385.000 0.029
2390.000 0.032
2395.000 0.035
2400.000 0.022
2405.000 0.018
2410.000 0.015
2415.000 0.030
2420.000 0.007
2425.000 0.010
2430.000 0.022
2435.000 0.006
2440.000 0.015
2445.000 0.014
2450.000 0.015
2455.000 0.013
2460.000 0.011
2465.000 0.016
2470.000 0.022
2475.000 0.018
2480.000 0.011
2485.000 0.012
2490.000 0.020
2495.000 0.012
2500.000 0.015
2505.000 0.014
2510.000 0.015
2515.000 0.012
2520.000 0.015
2525.000 0.018
2530.000 0.013
2535.000 0.019
2540.000 0.017
2545.000 0.014
2550.000 0.017
2555.000 0.020
2560.000 0.019
2565.000 0.021
2570.000 0.023
2575.000 0.021
2580.000 0.019
2585.000 0.025
2590.000 0.024
2595.000 0.027
2600.000 0.020
2605.000 0.028
2610.000 0.027
2615.000 0.033
2620.000 0.026
2625.000 0.035
2630.000 0.034
2635.000 0.035
2640.000 0.035
2645.000 0.036
2650.000 0.037
2655.000 0.040
2660.000 0.041
2665.000 0.041
2670.000 0.045
2675.000 0.045
2680.000 0.044
2685.000 0.044
2690.000 0.047
2695.000 0.048
2700.000 0.052
2705.000 0.055
2710.000 0.055
2715.000 0.051
2720.000 0.057
2725.000 0.064
2730.000 0.059
2735.000 0.061
2740.000 0.068
2745.000 0.070
2750.000 0.066
2755.000 0.073
2760.000 0.071
2765.000 0.074
2770.000 0.078
2775.000 0.081
2780.000 0.080
2785.000 0.085
2790.000 0.082
2795.000 0.092
2800.000 0.092
2805.000 0.087
2810.000 0.096
2815.000 0.096
2820.000 0.095
2825.000 0.099
2830.000 0.100
2835.000 0.107
2840.000 0.111
2845.000 0.113
2850.000 0.116
2855.000 0.119
2860.000 0.122
2865.000 0.120
2870.000 0.121
2875.000 0.126
2880.000 0.127
2885.000 0.125
2890.000 0.125
2895.000 0.130
2900.000 0.134
2905.000 0.134
2910.000 0.143
2915.000 0.137
2920.000 0.144
2925.000 0.143
2930.000 0.141
2935.000 0.143
2940.000 0.147
2945.000 0.151
2950.000 0.154
2955.000 0.150
2960.000 0.151
2965.000 0.157
2970.000 0.156
2975.000 0.156
2980.000 0.156
2985.000 0.160
2990.000 0.163
2995.000 0.168
3000.000 0.165
3005.000 0.166
3010.000 0.163
3015.000 0.167
3020.000 0.166
3025.000 0.163
3030.000 0.170
3035.000 0.169
3040.000 0.170
3045.000 0.166
3050.000 0.171
3055.000 0.172
3060.000 0.172
3065.000 0.174
3070.000 0.176
3075.000 0.176
3080.000 0.181
3085.000 0.180
3090.000 0.175
3095.000 0.176
3100.000 0.175
3105.000 0.177
3110.000 0.178
3115.000 0.179
3120.000 0.176
3125.000 0.177
3130.000 0.178
3135.000 0.181
3140.000 0.189
3145.000 0.181
3150.000 0.188
3155.000 0.185
3160.000 0.184
3165.000 0.180
3170.000 0.188
3175.000 0.188
3180.000 0.186
3185.000 0.186
3190.000 0.188
3195.000 0.196
3200.000 0.195
3205.000 0.193
3210.000 0.195
3215.000 0.190
3220.000 0.193
3225.000 0.198
3230.000 0.206
3235.000 0.197
3240.000 0.203
3245.000 0.200
3250.000 0.199
3255.000 0.204
3260.000 0.205
3265.000 0.210
3270.000 0.210
3275.000 0.208
3280.000 0.217
3285.000 0.212
3290.000 0.210
3295.000 0.220
3300.000 0.218
3305.000 0.225
3310.000 0.222
3315.000 0.227
3320.000 0.228
3325.000 0.232
3330.000 0.231
3335.000 0.231
3340.000 0.233
3345.000 0.237
3350.000 0.238
3355.000 0.244
3360.000 0.247
3365.000 0.249
3370.000 0.251
3375.000 0.254
3380.000 0.257
3385.000 0.257
3390.000 0.259
3395.000 0.268
3400.000 0.270
3405.000 0.266
3410.000 0.278
3415.000 0.272
3420.000 0.284
3425.000 0.287
3430.000 0.294
3435.000 0.295
3440.000 0.300
3445.000 0.310
3450.000 0.310
3455.000 0.317
3460.000 0.321
3465.000 0.326
3470.000 0.335
3475.000 0.337
3480.000 0.343
3485.000 0.351
3490.000 0.354
3495.000 0.366
3500.000 0.376
3505.000 0.385
3510.000 0.395
3515.000 0.404
3520.000 0.409
3525.000 0.416
3530.000 0.434
3535.000 0.442
3540.000 0.458
3545.000 0.468
3550.000 0.486
3555.000 0.499
3560.000 0.515
3565.000 0.534
3570.000 0.558
3575.000 0.604
3580.000 0.707
3585.000 0.755
3590.000 1.064
3595.000 0.712
3600.000 0.681
3605.000 0.735
3610.000 0.759
3615.000 0.808
3620.000 0.854
3625.000 0.902
3630.000 0.965
3635.000 1.035
3640.000 1.116
3645.000 1.203
3650.000 1.323
3655.000 1.364
3660.000 1.512
3665.000 1.717
3670.000 1.887
3675.000 2.142
3680.000 2.455
3685.000 2.831
3690.000 3.479
3695.000 5.614
3700.000 11.116
3705.000 14.385
3710.000 9.552
3715.000 7.179
3720.000 4.798
3725.000 3.631
3730.000 2.911
3735.000 2.440
3740.000 2.084
3745.000 1.808
3750.000 1.608
3755.000 1.434
3760.000 1.304
3765.000 1.194
3770.000 1.146
3775.000 1.057
3780.000 0.987
3785.000 0.923
3790.000 0.862
3795.000 0.816
3800.000 0.768
3805.000 0.728
3810.000 0.696
3815.000 0.662
3820.000 0.632
3825.000 0.606
3830.000 0.576
3835.000 0.566
3840.000 0.544
3845.000 0.530
3850.000 0.507
3855.000 0.490
3860.000 0.470
3865.000 0.458
3870.000 0.441
3875.000 0.432
3880.000 0.420
3885.000 0.407
3890.000 0.396
3895.000 0.391
3900.000 0.382
3905.000 0.369
3910.000 0.358
3915.000 0.352
3920.000 0.339
3925.000 0.335
3930.000 0.330
3935.000 0.318
3940.000 0.311
3945.000 0.308
3950.000 0.300
3955.000 0.302
3960.000 0.291
3965.000 0.288
3970.000 0.285
3975.000 0.280
3980.000 0.275
3985.000 0.267
3990.000 0.268
3995.000 0.259
4000.000 0.258
4005.000 0.255
4010.000 0.246
4015.000 0.245
4020.000 0.241
4025.000 0.237
4030.000 0.237
4035.000 0.233
4040.000 0.230
4045.000 0.232
4050.000 0.223
4055.000 0.222
4060.000 0.216
4065.000 0.217
4070.000 0.209
4075.000 0.213
4080.000 0.213
4085.000 0.208
4090.000 0.202
4095.000 0.205
4100.000 0.198
4105.000 0.198
4110.000 0.196
4115.000 0.191
4120.000 0.192
4125.000 0.184
4130.000 0.189
4135.000 0.187
4140.000 0.182
4145.000 0.177
4150.000 0.178
4155.000 0.176
4160.000 0.175
4165.000 0.173
4170.000 0.165
4175.000 0.169
4180.000 0.164
4185.000 0.155
4190.000 0.155
4195.000 0.155
4200.000 0.157
4205.000 0.153
4210.000 0.154
4215.000 0.146
4220.000 0.144
4225.000 0.143
4230.000 0.141
4235.000 0.142
4240.000 0.137
4245.000 0.139
4250.000 0.134
4255.000 0.132
4260.000 0.131
4265.000 0.128
4270.000 0.134
4275.000 0.129
4280.000 0.129
4285.000 0.133
4290.000 0.128
4295.000 0.127
4300.000 0.132
4305.000 0.131
4310.000 0.125
4315.000 0.125
4320.000 0.127
4325.000 0.126
4330.000 0.129
4335.000 0.134
4340.000 0.130
4345.000 0.127
4350.000 0.127
4355.000 0.125
4360.000 0.128
4365.000 0.124
4370.000 0.126
4375.000 0.124
4380.000 0.122
4385.000 0.128
4390.000 0.128
4395.000 0.130
4400.000 0.128
4405.000 0.126
4410.000 0.121
4415.000 0.124
4420.000 0.127
4425.000 0.121
4430.000 0.129
4435.000 0.127
4440.000 0.123
4445.000 0.122
4450.000 0.125
4455.000 0.122
4460.000 0.121
4465.000 0.124
4470.000 0.120
4475.000 0.119
4480.000 0.123
4485.000 0.126
4490.000 0.123
4495.000 0.117
4500.000 0.126
4505.000 0.126
4510.000 0.121
4515.000 0.120
4520.000 0.125
4525.000 0.120
4530.000 0.123
4535.000 0.123
4540.000 0.125
4545.000 0.123
4550.000 0.120
4555.000 0.123
4560.000 0.124
4565.000 0.124
4570.000 0.124
4575.000 0.122
4580.000 0.121
4585.000 0.119
4590.000 0.120
4595.000 0.126
4600.000 0.126
4605.000 0.123
4610.000 0.126
4615.000 0.125
4620.000 0.129
4625.000 0.123
4630.000 0.128
4635.000 0.128
4640.000 0.124
4645.000 0.125
4650.000 0.130
4655.000 0.126
4660.000 0.132
4665.000 0.129
4670.000 0.127
4675.000 0.126
4680.000 0.134
4685.000 0.133
4690.000 0.132
4695.000 0.135
4700.000 0.133
4705.000 0.137
4710.000 0.131
4715.000 0.139
4720.000 0.140
4725.000 0.145
4730.000 0.140
4735.000 0.144
4740.000 0.145
4745.000 0.144
4750.000 0.145
4755.000 0.147
4760.000 0.147
4765.000 0.152
4770.000 0.150
4775.000 0.157
4780.000 0.158
4785.000 0.161
4790.000 0.162
4795.000 0.169
4800.000 0.166
4805.000 0.170
4810.000 0.171
4815.000 0.174
4820.000 0.183
4825.000 0.184
4830.000 0.192
4835.000 0.193
4840.000 0.199
4845.000 0.203
4850.000 0.209
4855.000 0.215
4860.000 0.222
4865.000 0.228
4870.000 0.232
4875.000 0.237
4880.000 0.252
4885.000 0.268
4890.000 0.276
4895.000 0.286
4900.000 0.301
4905.000 0.317
4910.000 0.337
4915.000 0.354
4920.000 0.383
4925.000 0.418
4930.000 0.448
4935.000 0.474
4940.000 0.536
4945.000 0.604
4950.000 0.700
4955.000 0.844
4960.000 1.072
4965.000 1.508
4970.000 2.282
4975.000 3.071
4980.000 1.051
4985.000 2.204
4990.000 1.545
4995.000 1.832
5000.000 0.948
5005.000 1.130
5010.000 0.714
5015.000 0.566
5020.000 0.467
5025.000 0.405
5030.000 0.356
5035.000 0.314
5040.000 0.284
5045.000 0.248
5050.000 0.240
5055.000 0.218
5060.000 0.202
5065.000 0.184
5070.000 0.172
5075.000 0.154
5080.000 0.141
5085.000 0.142
5090.000 0.125
5095.000 0.121
5100.000 0.109
5105.000 0.101
5110.000 0.097
5115.000 0.090
5120.000 0.087
5125.000 0.084
5130.000 0.075
5135.000 0.068
5140.000 0.068
5145.000 0.063
5150.000 0.056
5155.000 0.052
5160.000 0.050
5165.000 0.047
5170.000 0.038
5175.000 0.037
5180.000 0.034
5185.000 0.033
5190.000 0.027
5195.000 0.028
5200.000 0.024
5205.000 0.018
5210.000 0.019
5215.000 0.017
5220.000 0.011
5225.000 0.008
5230.000 0.006
5235.000 0.006
5240.000 0.011
5245.000 0.012
5250.000 0.015
5255.000 0.015
5260.000 0.017
5265.000 0.014
5270.000 0.019
5275.000 0.020
5280.000 0.022
5285.000 0.022
5290.000 0.025
5295.000 0.024
5300.000 0.030
5305.000 0.033
5310.000 0.036
5315.000 0.034
5320.000 0.042
5325.000 0.042
5330.000 0.046
5335.000 0.044
5340.000 0.047
5345.000 0.048
5350.000 0.051
5355.000 0.055
5360.000 0.056
5365.000 0.058
5370.000 0.063
5375.000 0.060
5380.000 0.070
5385.000 0.068
5390.000 0.064
5395.000 0.066
5400.000 0.072
5405.000 0.071
5410.000 0.080
5415.000 0.081
5420.000 0.076
5425.000 0.083
5430.000 0.087
5435.000 0.084
5440.000 0.090
5445.000 0.085
5450.000 0.091
5455.000 0.091
5460.000 0.093
5465.000 0.098
5470.000 0.095
5475.000 0.094
5480.000 0.099
5485.000 0.103
5490.000 0.101
5495.000 0.104
5500.000 0.109
5505.000 0.107
5510.000 0.107
5515.000 0.109
5520.000 0.112
5525.000 0.117
5530.000 0.114
5535.000 0.108
5540.000 0.115
5545.000 0.120
5550.000 0.122
5555.000 0.117
5560.000 0.119
5565.000 0.125
5570.000 0.126
5575.000 0.130
5580.000 0.128
5585.000 0.131
5590.000 0.138
5595.000 0.137
5600.000 0.142
5605.000 0.138
5610.000 0.142
5615.000 0.140
5620.000 0.139
5625.000 0.143
5630.000 0.141
5635.000 0.144
5640.000 0.150
5645.000 0.149
5650.000 0.150
5655.000 0.154
5660.000 0.157
5665.000 0.155
5670.000 0.162
5675.000 0.154
5680.000 0.164
5685.000 0.165
5690.000 0.168
5695.000 0.167
5700.000 0.167
5705.000 0.170
5710.000 0.173
5715.000 0.172
5720.000 0.180
5725.000 0.182
5730.000 0.181
5735.000 0.184
5740.000 0.182
5745.000 0.184
5750.000 0.193
5755.000 0.193
5760.000 0.192
5765.000 0.196
5770.000 0.197
5775.000 0.200
5780.000 0.199
5785.000 0.206
5790.000 0.207
5795.000 0.213
5800.000 0.211
5805.000 0.220
5810.000 0.222
5815.000 0.221
5820.000 0.225
5825.000 0.228
5830.000 0.234
5835.000 0.235
5840.000 0.237
5845.000 0.242
5850.000 0.243
5855.000 0.249
5860.000 0.251
5865.000 0.256
5870.000 0.257
5875.000 0.265
5880.000 0.272
5885.000 0.276
5890.000 0.277
5895.000 0.282
5900.000 0.287
5905.000 0.286
5910.000 0.294
5915.000 0.299
5920.000 0.304
5925.000 0.313
5930.000 0.314
5935.000 0.324
5940.000 0.331
5945.000 0.332
5950.000 0.335
5955.000 0.340
5960.000 0.353
5965.000 0.353
5970.000 0.364
5975.000 0.365
5980.000 0.375
5985.000 0.382
5990.000 0.392
5995.000 0.398
6000.000 0.410
6005.000 0.416
6010.000 0.427
6015.000 0.434
6020.000 0.447
6025.000 0.448
6030.000 0.457
6035.000 0.464
6040.000 0.481
6045.000 0.490
6050.000 0.512
6055.000 0.525
6060.000 0.542
6065.000 0.548
6070.000 0.567
6075.000 0.587
6080.000 0.606
6085.000 0.618
6090.000 0.632
6095.000 0.651
6100.000 0.674
6105.000 0.703
6110.000 0.725
6115.000 0.750
6120.000 0.788
6125.000 0.824
6130.000 0.860
6135.000 0.907
6140.000 0.949
6145.000 0.995
6150.000 1.024
6155.000 1.085
6160.000 1.154
6165.000 1.223
6170.000 1.317
6175.000 1.410
6180.000 1.531
6185.000 1.668
6190.000 1.849
6195.000 2.047
6200.000 2.322
6205.000 2.643
6210.000 2.880
6215.000 3.454
6220.000 4.204
6225.000 5.340
6230.000 6.665
6235.000 7.549
6240.000 6.620
6245.000 3.937
6250.000 2.939
6255.000 2.639
6260.000 2.241
6265.000 2.087
6270.000 1.871
6275.000 1.757
6280.000 1.713
6285.000 1.687
6290.000 1.659
6295.000 1.637
6300.000 1.589
6305.000 1.529
6310.000 1.463
6315.000 1.388
6320.000 1.324
6325.000 1.264
6330.000 1.228
6335.000 1.171
6340.000 1.117
6345.000 1.067
6350.000 1.021
6355.000 0.980
6360.000 0.936
6365.000 0.900
6370.000 0.866
6375.000 0.834
6380.000 0.805
6385.000 0.778
6390.000 0.767
6395.000 0.737
6400.000 0.726
6405.000 0.696
6410.000 0.678
6415.000 0.653
6420.000 0.643
6425.000 0.629
6430.000 0.609
6435.000 0.598
6440.000 0.586
6445.000 0.574
6450.000 0.565
6455.000 0.554
6460.000 0.542
6465.000 0.534
6470.000 0.521
6475.000 0.507
6480.000 0.506
6485.000 0.491
6490.000 0.486
6495.000 0.480
6500.000 0.468
6505.000 0.465
6510.000 0.465
6515.000 0.456
6520.000 0.453
6525.000 0.451
6530.000 0.446
6535.000 0.439
6540.000 0.435
6545.000 0.424
6550.000 0.413
6555.000 0.388
6560.000 0.362
6565.000 0.515
6570.000 0.823
6575.000 2.479
6580.000 5.093
6585.000 4.183
6590.000 1.308
6595.000 0.515
6600.000 0.056
6605.000 0.213
6610.000 0.225
6615.000 0.198
6620.000 0.217
6625.000 0.226
6630.000 0.239
6635.000 0.240
6640.000 0.242
6645.000 0.245
6650.000 0.249
6655.000 0.256
6660.000 0.252
6665.000 0.252
6670.000 0.254
6675.000 0.249
6680.000 0.249
6685.000 0.252
6690.000 0.252
6695.000 0.247
6700.000 0.250
6705.000 0.252
6710.000 0.255
6715.000 0.244
6720.000 0.245
6725.000 0.245
6730.000 0.242
6735.000 0.241
6740.000 0.245
6745.000 0.243
6750.000 0.243
6755.000 0.236
6760.000 0.243
6765.000 0.239
6770.000 0.237
6775.000 0.233
6780.000 0.234
6785.000 0.228
6790.000 0.230
6795.000 0.234
6800.000 0.232
6805.000 0.229
6810.000 0.228
6815.000 0.230
6820.000 0.227
6825.000 0.228
6830.000 0.223
6835.000 0.225
6840.000 0.223
6845.000 0.223
6850.000 0.223
6855.000 0.223
6860.000 0.220
6865.000 0.224
6870.000 0.217
6875.000 0.223
6880.000 0.224
6885.000 0.223
6890.000 0.217
6895.000 0.220
6900.000 0.220
6905.000 0.215
6910.000 0.223
6915.000 0.220
6920.000 0.219
6925.000 0.219
6930.000 0.212
6935.000 0.223
6940.000 0.219
6945.000 0.218
6950.000 0.217
6955.000 0.220
6960.000 0.216
6965.000 0.217
6970.000 0.217
6975.000 0.221
6980.000 0.223
6985.000 0.217
6990.000 0.217
6995.000 0.219
7000.000 0.221
7005.000 0.220
7010.000 0.220
7015.000 0.215
7020.000 0.220
7025.000 0.224
7030.000 0.223
7035.000 0.225
7040.000 0.222
7045.000 0.219
7050.000 0.226
7055.000 0.223
7060.000 0.221
7065.000 0.226
7070.000 0.225
7075.000 0.227
7080.000 0.226
7085.000 0.228
7090.000 0.225
7095.000 0.232
7100.000 0.232
7105.000 0.234
7110.000 0.232
7115.000 0.231
7120.000 0.235
7125.000 0.236
7130.000 0.238
7135.000 0.235
7140.000 0.236
7145.000 0.243
7150.000 0.239
7155.000 0.241
7160.000 0.246
7165.000 0.245
7170.000 0.254
7175.000 0.255
7180.000 0.255
7185.000 0.254
7190.000 0.261
7195.000 0.259
7200.000 0.260
7205.000 0.262
7210.000 0.268
7215.000 0.263
7220.000 0.274
7225.000 0.276
7230.000 0.275
7235.000 0.277
7240.000 0.282
7245.000 0.286
7250.000 0.290
7255.000 0.292
7260.000 0.301
7265.000 0.302
7270.000 0.309
7275.000 0.315
7280.000 0.316
7285.000 0.319
7290.000 0.325
7295.000 0.335
7300.000 0.341
7305.000 0.349
7310.000 0.358
7315.000 0.358
7320.000 0.368
7325.000 0.377
7330.000 0.389
7335.000 0.401
7340.000 0.413
7345.000 0.426
7350.000 0.442
7355.000 0.459
7360.000 0.479
7365.000 0.486
7370.000 0.514
7375.000 0.534
7380.000 0.565
7385.000 0.591
7390.000 0.627
7395.000 0.658
7400.000 0.705
7405.000 0.765
7410.000 0.838
7415.000 0.923
7420.000 1.048
7425.000 1.113
7430.000 1.270
7435.000 1.473
7440.000 1.727
7445.000 1.969
7450.000 2.058
7455.000 1.782
7460.000 1.203
7465.000 1.002
7470.000 1.090
7475.000 1.202
7480.000 1.284
7485.000 1.216
7490.000 0.870
7495.000 0.619
7500.000 0.541
7505.000 0.477
7510.000 0.428
7515.000 0.382
7520.000 0.343
7525.000 0.304
7530.000 0.276
7535.000 0.256
7540.000 0.226
7545.000 0.223
7550.000 0.195
7555.000 0.182
7560.000 0.160
7565.000 0.146
7570.000 0.133
7575.000 0.121
7580.000 0.110
7585.000 0.096
7590.000 0.086
7595.000 0.078
7600.000 0.071
7605.000 0.064
7610.000 0.056
7615.000 0.049
7620.000 0.044
7625.000 0.037
7630.000 0.036
7635.000 0.025
7640.000 0.019
7645.000 0.016
7650.000 0.013
7655.000 0.010
7660.000 0.013
7665.000 0.013
7670.000 0.013
7675.000 0.020
7680.000 0.024
7685.000 0.026
7690.000 0.029
7695.000 0.035
7700.000 0.035
7705.000 0.041
7710.000 0.046
7715.000 0.051
7720.000 0.052
7725.000 0.053
7730.000 0.056
7735.000 0.055
7740.000 0.066
7745.000 0.065
7750.000 0.071
7755.000 0.074
7760.000 0.078
7765.000 0.078
7770.000 0.083
7775.000 0.088
7780.000 0.091
7785.000 0.090
7790.000 0.089
7795.000 0.099
7800.000 0.099
7805.000 0.103
7810.000 0.107
7815.000 0.110
7820.000 0.114
7825.000 0.119
7830.000 0.121
7835.000 0.127
7840.000 0.133
7845.000 0.133
7850.000 0.137
7855.000 0.141
7860.000 0.149
7865.000 0.145
7870.000 0.151
7875.000 0.156
7880.000 0.160
7885.000 0.162
7890.000 0.175
7895.000 0.178
7900.000 0.187
7905.000 0.186
7910.000 0.197
7915.000 0.202
7920.000 0.204
7925.000 0.214
7930.000 0.222
7935.000 0.227
7940.000 0.236
7945.000 0.243
7950.000 0.254
7955.000 0.272
7960.000 0.281
7965.000 0.297
7970.000 0.300
7975.000 0.324
7980.000 0.334
7985.000 0.349
7990.000 0.376
7995.000 0.398
8000.000 0.424
