2005.000 0.139
2010.000 0.116
2015.000 0.117
2020.000 0.131
2025.000 0.126
2030.000 0.125
2035.000 0.124
2040.000 0.127
2045.000 0.120
2050.000 0.124
2055.000 0.120
2060.000 0.119
2065.000 0.107
2070.000 0.117
2075.000 0.113
2080.000 0.117
2085.000 0.111
2090.000 0.114
2095.000 0.111
2100.000 0.115
2105.000 0.111
2110.000 0.112
2115.000 0.111
2120.000 0.108
2125.000 0.112
2130.000 0.113
2135.000 0.117
2140.000 0.113
2145.000 0.125
2150.000 0.113
2155.000 0.118
2160.000 0.114
2165.000 0.119
2170.000 0.171
2175.000 0.160
2180.000 0.192
2185.000 0.168
2190.000 0.129
2195.000 0.131
2200.000 0.149
2205.000 0.188
2210.000 0.221
2215.000 0.225
2220.000 0.170
2225.000 0.453
2230.000 0.225
2235.000 0.251
2240.000 0.126
2245.000 0.144
2250.000 0.128
2255.000 0.123
2260.000 0.124
2265.000 0.154
2270.000 0.138
2275.000 0.141
2280.000 0.131
2285.000 0.241
2290.000 0.099
2295.000 0.180
2300.000 0.485
2305.000 1.442
2310.000 3.672
2315.000 4.963
2320.000 1.000
2325.000 0.604
2330.000 0.585
2335.000 0.441
2340.000 0.225
2345.000 0.203
2350.000 0.186
2355.000 0.124
2360.000 0.169
2365.000 0.115
2370.000 0.101
2375.000 0.090
2380.000 0.139
2385.000 0.078
2390.000 0.074
2395.000 0.064
2400.000 0.083
2405.000 0.070
2410.000 0.043
2415.000 0.042
2420.000 0.052
2425.000 0.040
2430.000 0.043
2435.000 0.038
2440.000 0.044
2445.000 0.022
2450.000 0.027
2455.000 0.027
2460.000 0.028
2465.000 0.025
2470.000 0.052
2475.000 0.040
2480.000 0.013
2485.000 0.015
2490.000 0.011
2495.000 0.014
2500.000 0.010
2505.000 0.009
2510.000 0.012
2515.000 0.007
2520.000 0.005
2525.000 0.006
2530.000 0.008
2535.000 0.011
2540.000 0.009
2545.000 0.008
2550.000 0.011
2555.000 0.009
2560.000 0.011
2565.000 0.008
2570.000 0.016
2575.000 0.006
2580.000 0.007
2585.000 0.010
2590.000 0.009
2595.000 0.013
2600.000 0.012
2605.000 0.010
2610.000 0.015
2615.000 0.013
2620.000 0.014
2625.000 0.011
2630.000 0.018
2635.000 0.019
2640.000 0.016
2645.000 0.022
2650.000 0.018
2655.000 0.019
2660.000 0.023
2665.000 0.028
2670.000 0.021
2675.000 0.027
2680.000 0.026
2685.000 0.031
2690.000 0.027
2695.000 0.026
2700.000 0.029
2705.000 0.027
2710.000 0.038
2715.000 0.033
2720.000 0.031
2725.000 0.034
2730.000 0.037
2735.000 0.039
2740.000 0.043
2745.000 0.042
2750.000 0.044
2755.000 0.041
2760.000 0.043
2765.000 0.045
2770.000 0.047
2775.000 0.053
2780.000 0.051
2785.000 0.056
2790.000 0.057
2795.000 0.061
2800.000 0.059
2805.000 0.066
2810.000 0.062
2815.000 0.061
2820.000 0.071
2825.000 0.068
2830.000 0.075
2835.000 0.071
2840.000 0.077
2845.000 0.079
2850.000 0.082
2855.000 0.080
2860.000 0.080
2865.000 0.084
2870.000 0.084
2875.000 0.087
2880.000 0.093
2885.000 0.095
2890.000 0.097
2895.000 0.099
2900.000 0.100
2905.000 0.102
2910.000 0.100
2915.000 0.105
2920.000 0.102
2925.000 0.103
2930.000 0.106
2935.000 0.108
2940.000 0.109
2945.000 0.117
2950.000 0.117
2955.000 0.111
2960.000 0.114
2965.000 0.123
2970.000 0.121
2975.000 0.121
2980.000 0.121
2985.000 0.120
2990.000 0.124
2995.000 0.122
3000.000 0.124
3005.000 0.122
3010.000 0.126
3015.000 0.129
3020.000 0.133
3025.000 0.127
3030.000 0.127
3035.000 0.129
3040.000 0.130
3045.000 0.132
3050.000 0.132
3055.000 0.135
3060.000 0.134
3065.000 0.135
3070.000 0.138
3075.000 0.135
3080.000 0.139
3085.000 0.139
3090.000 0.138
3095.000 0.142
3100.000 0.145
3105.000 0.143
3110.000 0.145
3115.000 0.139
3120.000 0.141
3125.000 0.148
3130.000 0.144
3135.000 0.147
3140.000 0.146
3145.000 0.147
3150.000 0.149
3155.000 0.150
3160.000 0.153
3165.000 0.154
3170.000 0.153
3175.000 0.154
3180.000 0.157
3185.000 0.155
3190.000 0.158
3195.000 0.163
3200.000 0.163
3205.000 0.161
3210.000 0.163
3215.000 0.165
3220.000 0.161
3225.000 0.164
3230.000 0.168
3235.000 0.168
3240.000 0.166
3245.000 0.168
3250.000 0.169
3255.000 0.171
3260.000 0.174
3265.000 0.176
3270.000 0.182
3275.000 0.180
3280.000 0.183
3285.000 0.178
3290.000 0.184
3295.000 0.182
3300.000 0.191
3305.000 0.190
3310.000 0.193
3315.000 0.194
3320.000 0.201
3325.000 0.199
3330.000 0.197
3335.000 0.199
3340.000 0.201
3345.000 0.208
3350.000 0.207
3355.000 0.217
3360.000 0.217
3365.000 0.219
3370.000 0.223
3375.000 0.220
3380.000 0.226
3385.000 0.233
3390.000 0.233
3395.000 0.234
3400.000 0.238
3405.000 0.239
3410.000 0.243
3415.000 0.250
3420.000 0.254
3425.000 0.260
3430.000 0.262
3435.000 0.272
3440.000 0.269
3445.000 0.280
3450.000 0.280
3455.000 0.283
3460.000 0.281
3465.000 0.296
3470.000 0.303
3475.000 0.312
3480.000 0.316
3485.000 0.321
3490.000 0.334
3495.000 0.339
3500.000 0.350
3505.000 0.358
3510.000 0.364
3515.000 0.370
3520.000 0.375
3525.000 0.392
3530.000 0.395
3535.000 0.414
3540.000 0.425
3545.000 0.438
3550.000 0.456
3555.000 0.471
3560.000 0.484
3565.000 0.505
3570.000 0.526
3575.000 0.549
3580.000 0.560
3585.000 0.578
3590.000 0.607
3595.000 0.638
3600.000 0.669
3605.000 0.696
3610.000 0.737
3615.000 0.772
3620.000 0.828
3625.000 0.874
3630.000 0.933
3635.000 1.002
3640.000 1.044
3645.000 1.130
3650.000 1.234
3655.000 1.341
3660.000 1.483
3665.000 1.663
3670.000 1.891
3675.000 2.194
3680.000 2.566
3685.000 3.079
3690.000 4.003
3695.000 4.906
3700.000 8.518
3705.000 13.595
3710.000 11.222
3715.000 6.682
3720.000 4.530
3725.000 3.429
3730.000 2.774
3735.000 2.313
3740.000 1.993
3745.000 1.757
3750.000 1.552
3755.000 1.397
3760.000 1.334
3765.000 1.212
3770.000 1.119
3775.000 1.028
3780.000 0.954
3785.000 0.899
3790.000 0.844
3795.000 0.799
3800.000 0.752
3805.000 0.717
3810.000 0.678
3815.000 0.648
3820.000 0.636
3825.000 0.610
3830.000 0.580
3835.000 0.565
3840.000 0.539
3845.000 0.522
3850.000 0.503
3855.000 0.482
3860.000 0.472
3865.000 0.455
3870.000 0.442
3875.000 0.430
3880.000 0.420
3885.000 0.411
3890.000 0.400
3895.000 0.391
3900.000 0.381
3905.000 0.375
3910.000 0.362
3915.000 0.353
3920.000 0.351
3925.000 0.341
3930.000 0.332
3935.000 0.327
3940.000 0.328
3945.000 0.316
3950.000 0.307
3955.000 0.307
3960.000 0.297
3965.000 0.295
3970.000 0.288
3975.000 0.281
3980.000 0.279
3985.000 0.277
3990.000 0.273
3995.000 0.267
4000.000 0.271
4005.000 0.258
4010.000 0.258
4015.000 0.258
4020.000 0.250
4025.000 0.247
4030.000 0.243
4035.000 0.245
4040.000 0.243
4045.000 0.233
4050.000 0.232
4055.000 0.228
4060.000 0.225
4065.000 0.225
4070.000 0.220
4075.000 0.221
4080.000 0.218
4085.000 0.217
4090.000 0.212
4095.000 0.210
4100.000 0.212
4105.000 0.209
4110.000 0.205
4115.000 0.208
4120.000 0.205
4125.000 0.205
4130.000 0.197
4135.000 0.198
4140.000 0.194
4145.000 0.191
4150.000 0.191
4155.000 0.191
4160.000 0.190
4165.000 0.183
4170.000 0.183
4175.000 0.179
4180.000 0.177
4185.000 0.180
4190.000 0.169
4195.000 0.168
4200.000 0.167
4205.000 0.167
4210.000 0.165
4215.000 0.160
4220.000 0.155
4225.000 0.159
4230.000 0.158
4235.000 0.151
4240.000 0.147
4245.000 0.147
4250.000 0.145
4255.000 0.143
4260.000 0.143
4265.000 0.141
4270.000 0.142
4275.000 0.142
4280.000 0.147
4285.000 0.145
4290.000 0.145
4295.000 0.140
4300.000 0.144
4305.000 0.145
4310.000 0.147
4315.000 0.145
4320.000 0.149
4325.000 0.143
4330.000 0.144
4335.000 0.143
4340.000 0.146
4345.000 0.141
4350.000 0.143
4355.000 0.145
4360.000 0.146
4365.000 0.142
4370.000 0.145
4375.000 0.145
4380.000 0.143
4385.000 0.147
4390.000 0.141
4395.000 0.145
4400.000 0.147
4405.000 0.142
4410.000 0.147
4415.000 0.145
4420.000 0.145
4425.000 0.152
4430.000 0.142
4435.000 0.145
4440.000 0.142
4445.000 0.144
4450.000 0.145
4455.000 0.148
4460.000 0.151
4465.000 0.146
4470.000 0.142
4475.000 0.150
4480.000 0.147
4485.000 0.144
4490.000 0.142
4495.000 0.148
4500.000 0.145
4505.000 0.149
4510.000 0.145
4515.000 0.150
4520.000 0.146
4525.000 0.147
4530.000 0.147
4535.000 0.152
4540.000 0.147
4545.000 0.155
4550.000 0.149
4555.000 0.146
4560.000 0.151
4565.000 0.146
4570.000 0.152
4575.000 0.153
4580.000 0.154
4585.000 0.151
4590.000 0.158
4595.000 0.152
4600.000 0.154
4605.000 0.156
4610.000 0.155
4615.000 0.157
4620.000 0.158
4625.000 0.159
4630.000 0.161
4635.000 0.158
4640.000 0.159
4645.000 0.161
4650.000 0.163
4655.000 0.163
4660.000 0.166
4665.000 0.170
4670.000 0.168
4675.000 0.171
4680.000 0.170
4685.000 0.169
4690.000 0.175
4695.000 0.180
4700.000 0.175
4705.000 0.176
4710.000 0.183
4715.000 0.185
4720.000 0.186
4725.000 0.184
4730.000 0.190
4735.000 0.191
4740.000 0.193
4745.000 0.198
4750.000 0.203
4755.000 0.205
4760.000 0.204
4765.000 0.205
4770.000 0.219
4775.000 0.218
4780.000 0.216
4785.000 0.221
4790.000 0.231
4795.000 0.232
4800.000 0.237
4805.000 0.242
4810.000 0.247
4815.000 0.251
4820.000 0.256
4825.000 0.264
4830.000 0.271
4835.000 0.284
4840.000 0.295
4845.000 0.298
4850.000 0.307
4855.000 0.308
4860.000 0.319
4865.000 0.333
4870.000 0.351
4875.000 0.363
4880.000 0.376
4885.000 0.391
4890.000 0.418
4895.000 0.432
4900.000 0.463
4905.000 0.486
4910.000 0.519
4915.000 0.544
4920.000 0.576
4925.000 0.628
4930.000 0.684
4935.000 0.752
4940.000 0.840
4945.000 0.947
4950.000 1.085
4955.000 1.289
4960.000 1.602
4965.000 2.133
4970.000 3.106
4975.000 3.705
4980.000 3.392
4985.000 2.524
4990.000 2.400
4995.000 3.219
5000.000 2.686
5005.000 2.038
5010.000 1.545
5015.000 1.166
5020.000 1.009
5025.000 0.880
5030.000 0.784
5035.000 0.741
5040.000 0.661
5045.000 0.604
5050.000 0.555
5055.000 0.510
5060.000 0.473
5065.000 0.440
5070.000 0.413
5075.000 0.386
5080.000 0.371
5085.000 0.349
5090.000 0.332
5095.000 0.310
5100.000 0.309
5105.000 0.290
5110.000 0.278
5115.000 0.271
5120.000 0.258
5125.000 0.254
5130.000 0.237
5135.000 0.229
5140.000 0.221
5145.000 0.213
5150.000 0.203
5155.000 0.197
5160.000 0.201
5165.000 0.193
5170.000 0.186
5175.000 0.183
5180.000 0.172
5185.000 0.169
5190.000 0.162
5195.000 0.159
5200.000 0.156
5205.000 0.155
5210.000 0.141
5215.000 0.141
5220.000 0.144
5225.000 0.132
5230.000 0.135
5235.000 0.128
5240.000 0.125
5245.000 0.123
5250.000 0.118
5255.000 0.113
5260.000 0.114
5265.000 0.108
5270.000 0.112
5275.000 0.107
5280.000 0.103
5285.000 0.102
5290.000 0.096
5295.000 0.091
5300.000 0.093
5305.000 0.087
5310.000 0.087
5315.000 0.082
5320.000 0.080
5325.000 0.075
5330.000 0.075
5335.000 0.070
5340.000 0.071
5345.000 0.064
5350.000 0.063
5355.000 0.059
5360.000 0.061
5365.000 0.060
5370.000 0.055
5375.000 0.055
5380.000 0.050
5385.000 0.043
5390.000 0.046
5395.000 0.043
5400.000 0.040
5405.000 0.042
5410.000 0.038
5415.000 0.032
5420.000 0.032
5425.000 0.033
5430.000 0.025
5435.000 0.027
5440.000 0.020
5445.000 0.017
5450.000 0.016
5455.000 0.015
5460.000 0.013
5465.000 0.014
5470.000 0.011
5475.000 0.010
5480.000 0.008
5485.000 0.010
5490.000 0.007
5495.000 0.007
5500.000 0.004
5505.000 0.010
5510.000 0.006
5515.000 0.016
5520.000 0.016
5525.000 0.015
5530.000 0.017
5535.000 0.021
5540.000 0.017
5545.000 0.018
5550.000 0.021
5555.000 0.030
5560.000 0.027
5565.000 0.032
5570.000 0.031
5575.000 0.033
5580.000 0.035
5585.000 0.034
5590.000 0.035
5595.000 0.038
5600.000 0.040
5605.000 0.037
5610.000 0.047
5615.000 0.047
5620.000 0.049
5625.000 0.048
5630.000 0.055
5635.000 0.053
5640.000 0.057
5645.000 0.060
5650.000 0.059
5655.000 0.059
5660.000 0.065
5665.000 0.063
5670.000 0.066
5675.000 0.071
5680.000 0.065
5685.000 0.071
5690.000 0.073
5695.000 0.071
5700.000 0.080
5705.000 0.079
5710.000 0.077
5715.000 0.080
5720.000 0.087
5725.000 0.082
5730.000 0.090
5735.000 0.093
5740.000 0.092
5745.000 0.094
5750.000 0.101
5755.000 0.100
5760.000 0.102
5765.000 0.103
5770.000 0.105
5775.000 0.106
5780.000 0.112
5785.000 0.116
5790.000 0.118
5795.000 0.117
5800.000 0.117
5805.000 0.127
5810.000 0.129
5815.000 0.125
5820.000 0.130
5825.000 0.137
5830.000 0.139
5835.000 0.138
5840.000 0.135
5845.000 0.143
5850.000 0.147
5855.000 0.151
5860.000 0.153
5865.000 0.153
5870.000 0.160
5875.000 0.165
5880.000 0.174
5885.000 0.173
5890.000 0.171
5895.000 0.179
5900.000 0.184
5905.000 0.187
5910.000 0.189
5915.000 0.192
5920.000 0.202
5925.000 0.204
5930.000 0.205
5935.000 0.213
5940.000 0.221
5945.000 0.217
5950.000 0.225
5955.000 0.233
5960.000 0.239
5965.000 0.241
5970.000 0.251
5975.000 0.258
5980.000 0.264
5985.000 0.271
5990.000 0.280
5995.000 0.283
6000.000 0.293
6005.000 0.302
6010.000 0.309
6015.000 0.313
6020.000 0.323
6025.000 0.338
6030.000 0.338
6035.000 0.352
6040.000 0.372
6045.000 0.378
6050.000 0.389
6055.000 0.408
6060.000 0.420
6065.000 0.440
6070.000 0.455
6075.000 0.459
6080.000 0.480
6085.000 0.501
6090.000 0.519
6095.000 0.542
6100.000 0.566
6105.000 0.588
6110.000 0.619
6115.000 0.653
6120.000 0.679
6125.000 0.715
6130.000 0.756
6135.000 0.777
6140.000 0.834
6145.000 0.883
6150.000 0.947
6155.000 1.010
6160.000 1.085
6165.000 1.170
6170.000 1.278
6175.000 1.389
6180.000 1.535
6185.000 1.684
6190.000 1.798
6195.000 1.997
6200.000 2.277
6205.000 2.639
6210.000 3.108
6215.000 3.759
6220.000 4.639
6225.000 5.860
6230.000 7.409
6235.000 8.667
6240.000 8.192
6245.000 6.183
6250.000 4.609
6255.000 4.056
6260.000 3.602
6265.000 3.044
6270.000 2.637
6275.000 2.312
6280.000 2.055
6285.000 1.873
6290.000 1.686
6295.000 1.550
6300.000 1.423
6305.000 1.317
6310.000 1.233
6315.000 1.186
6320.000 1.122
6325.000 1.052
6330.000 1.001
6335.000 0.955
6340.000 0.912
6345.000 0.875
6350.000 0.837
6355.000 0.813
6360.000 0.778
6365.000 0.754
6370.000 0.738
6375.000 0.711
6380.000 0.701
6385.000 0.678
6390.000 0.666
6395.000 0.645
6400.000 0.631
6405.000 0.612
6410.000 0.602
6415.000 0.590
6420.000 0.576
6425.000 0.564
6430.000 0.555
6435.000 0.547
6440.000 0.541
6445.000 0.532
6450.000 0.521
6455.000 0.519
6460.000 0.505
6465.000 0.505
6470.000 0.499
6475.000 0.495
6480.000 0.489
6485.000 0.485
6490.000 0.483
6495.000 0.476
6500.000 0.474
6505.000 0.470
6510.000 0.473
6515.000 0.473
6520.000 0.470
6525.000 0.472
6530.000 0.474
6535.000 0.476
6540.000 0.491
6545.000 0.490
6550.000 0.495
6555.000 0.516
6560.000 0.500
6565.000 0.523
6570.000 0.801
6575.000 2.111
6580.000 4.645
6585.000 4.673
6590.000 1.272
6595.000 0.537
6600.000 0.190
6605.000 0.098
6610.000 0.128
6615.000 0.152
6620.000 0.155
6625.000 0.175
6630.000 0.189
6635.000 0.197
6640.000 0.210
6645.000 0.210
6650.000 0.218
6655.000 0.218
6660.000 0.225
6665.000 0.226
6670.000 0.225
6675.000 0.234
6680.000 0.234
6685.000 0.235
6690.000 0.234
6695.000 0.240
6700.000 0.236
6705.000 0.234
6710.000 0.236
6715.000 0.237
6720.000 0.242
6725.000 0.242
6730.000 0.243
6735.000 0.238
6740.000 0.239
6745.000 0.239
6750.000 0.237
6755.000 0.240
6760.000 0.239
6765.000 0.235
6770.000 0.237
6775.000 0.242
6780.000 0.238
6785.000 0.238
6790.000 0.243
6795.000 0.236
6800.000 0.234
6805.000 0.243
6810.000 0.241
6815.000 0.241
6820.000 0.242
6825.000 0.234
6830.000 0.245
6835.000 0.246
6840.000 0.239
6845.000 0.241
6850.000 0.242
6855.000 0.243
6860.000 0.243
6865.000 0.244
6870.000 0.238
6875.000 0.238
6880.000 0.245
6885.000 0.243
6890.000 0.245
6895.000 0.247
6900.000 0.243
6905.000 0.244
6910.000 0.241
6915.000 0.244
6920.000 0.241
6925.000 0.247
6930.000 0.248
6935.000 0.253
6940.000 0.249
6945.000 0.249
6950.000 0.254
6955.000 0.254
6960.000 0.252
6965.000 0.258
6970.000 0.253
6975.000 0.255
6980.000 0.258
6985.000 0.259
6990.000 0.260
6995.000 0.258
7000.000 0.263
7005.000 0.262
7010.000 0.263
7015.000 0.265
7020.000 0.263
7025.000 0.268
7030.000 0.272
7035.000 0.266
7040.000 0.276
7045.000 0.274
7050.000 0.278
7055.000 0.274
7060.000 0.274
7065.000 0.277
7070.000 0.285
7075.000 0.285
7080.000 0.287
7085.000 0.288
7090.000 0.289
7095.000 0.293
7100.000 0.296
7105.000 0.296
7110.000 0.299
7115.000 0.304
7120.000 0.307
7125.000 0.308
7130.000 0.307
7135.000 0.314
7140.000 0.315
7145.000 0.322
7150.000 0.324
7155.000 0.330
7160.000 0.333
7165.000 0.338
7170.000 0.333
7175.000 0.340
7180.000 0.346
7185.000 0.348
7190.000 0.353
7195.000 0.361
7200.000 0.363
7205.000 0.370
7210.000 0.378
7215.000 0.384
7220.000 0.390
7225.000 0.393
7230.000 0.398
7235.000 0.406
7240.000 0.411
7245.000 0.419
7250.000 0.429
7255.000 0.433
7260.000 0.449
7265.000 0.455
7270.000 0.462
7275.000 0.478
7280.000 0.487
7285.000 0.495
7290.000 0.504
7295.000 0.512
7300.000 0.528
7305.000 0.544
7310.000 0.558
7315.000 0.580
7320.000 0.594
7325.000 0.615
7330.000 0.641
7335.000 0.660
7340.000 0.690
7345.000 0.712
7350.000 0.728
7355.000 0.760
7360.000 0.798
7365.000 0.846
7370.000 0.882
7375.000 0.934
7380.000 0.987
7385.000 1.048
7390.000 1.131
7395.000 1.218
7400.000 1.319
7405.000 1.372
7410.000 1.512
7415.000 1.690
7420.000 1.899
7425.000 2.199
7430.000 2.562
7435.000 3.023
7440.000 3.633
7445.000 4.355
7450.000 4.933
7455.000 4.799
7460.000 3.740
7465.000 2.508
7470.000 2.076
7475.000 1.770
7480.000 1.993
7485.000 2.082
7490.000 1.857
7495.000 1.636
7500.000 1.424
7505.000 1.259
7510.000 1.124
7515.000 1.019
7520.000 0.917
7525.000 0.843
7530.000 0.807
7535.000 0.746
7540.000 0.697
7545.000 0.646
7550.000 0.598
7555.000 0.563
7560.000 0.530
7565.000 0.507
7570.000 0.476
7575.000 0.453
7580.000 0.430
7585.000 0.407
7590.000 0.388
7595.000 0.376
7600.000 0.355
7605.000 0.336
7610.000 0.321
7615.000 0.306
7620.000 0.292
7625.000 0.278
7630.000 0.267
7635.000 0.256
7640.000 0.242
7645.000 0.232
7650.000 0.232
7655.000 0.218
7660.000 0.208
7665.000 0.206
7670.000 0.195
7675.000 0.187
7680.000 0.180
7685.000 0.170
7690.000 0.159
7695.000 0.156
7700.000 0.151
7705.000 0.143
7710.000 0.142
7715.000 0.130
7720.000 0.128
7725.000 0.123
7730.000 0.114
7735.000 0.109
7740.000 0.104
7745.000 0.096
7750.000 0.092
7755.000 0.091
7760.000 0.082
7765.000 0.082
7770.000 0.075
7775.000 0.069
7780.000 0.063
7785.000 0.065
7790.000 0.057
7795.000 0.053
7800.000 0.051
7805.000 0.044
7810.000 0.040
7815.000 0.032
7820.000 0.029
7825.000 0.025
7830.000 0.018
7835.000 0.017
7840.000 0.014
7845.000 0.008
7850.000 0.008
7855.000 0.008
7860.000 0.011
7865.000 0.010
7870.000 0.016
7875.000 0.025
7880.000 0.027
7885.000 0.031
7890.000 0.041
7895.000 0.040
7900.000 0.045
7905.000 0.058
7910.000 0.058
7915.000 0.063
7920.000 0.077
7925.000 0.083
7930.000 0.091
7935.000 0.096
7940.000 0.111
7945.000 0.115
7950.000 0.125
7955.000 0.136
7960.000 0.139
7965.000 0.155
7970.000 0.166
7975.000 0.186
7980.000 0.200
7985.000 0.217
7990.000 0.238
7995.000 0.262
8000.000 0.287
