2005.000 0.079
2010.000 0.075
2015.000 0.076
2020.000 0.071
2025.000 0.069
2030.000 0.070
2035.000 0.072
2040.000 0.072
2045.000 0.065
2050.000 0.063
2055.000 0.061
2060.000 0.065
2065.000 0.058
2070.000 0.061
2075.000 0.065
2080.000 0.051
2085.000 0.062
2090.000 0.050
2095.000 0.053
2100.000 0.049
2105.000 0.047
2110.000 0.045
2115.000 0.051
2120.000 0.049
2125.000 0.047
2130.000 0.046
2135.000 0.048
2140.000 0.044
2145.000 0.042
2150.000 0.039
2155.000 0.038
2160.000 0.040
2165.000 0.038
2170.000 0.033
2175.000 0.045
2180.000 0.040
2185.000 0.035
2190.000 0.043
2195.000 0.030
2200.000 0.028
2205.000 0.034
2210.000 0.025
2215.000 0.031
2220.000 0.018
2225.000 0.016
2230.000 0.016
2235.000 0.014
2240.000 0.029
2245.000 0.016
2250.000 0.028
2255.000 0.038
2260.000 0.060
2265.000 0.041
2270.000 0.085
2275.000 0.102
2280.000 0.144
2285.000 0.256
2290.000 0.423
2295.000 0.753
2300.000 1.512
2305.000 3.161
2310.000 5.057
2315.000 2.965
2320.000 0.780
2325.000 0.317
2330.000 0.248
2335.000 0.094
2340.000 0.072
2345.000 0.038
2350.000 0.033
2355.000 0.015
2360.000 0.021
2365.000 0.017
2370.000 0.020
2375.000 0.010
2380.000 0.016
2385.000 0.026
2390.000 0.021
2395.000 0.020
2400.000 0.026
2405.000 0.021
2410.000 0.030
2415.000 0.019
2420.000 0.030
2425.000 0.017
2430.000 0.022
2435.000 0.020
2440.000 0.026
2445.000 0.025
2450.000 0.029
2455.000 0.027
2460.000 0.021
2465.000 0.030
2470.000 0.024
2475.000 0.032
2480.000 0.025
2485.000 0.027
2490.000 0.023
2495.000 0.027
2500.000 0.024
2505.000 0.032
2510.000 0.032
2515.000 0.023
2520.000 0.024
2525.000 0.031
2530.000 0.028
2535.000 0.027
2540.000 0.035
2545.000 0.028
2550.000 0.028
2555.000 0.033
2560.000 0.030
2565.000 0.034
2570.000 0.035
2575.000 0.034
2580.000 0.041
2585.000 0.034
2590.000 0.039
2595.000 0.041
2600.000 0.038
2605.000 0.040
2610.000 0.040
2615.000 0.045
2620.000 0.048
2625.000 0.044
2630.000 0.049
2635.000 0.049
2640.000 0.046
2645.000 0.050
2650.000 0.052
2655.000 0.049
2660.000 0.061
2665.000 0.055
2670.000 0.056
2675.000 0.059
2680.000 0.058
2685.000 0.062
2690.000 0.063
2695.000 0.065
2700.000 0.069
2705.000 0.070
2710.000 0.072
2715.000 0.072
2720.000 0.071
2725.000 0.075
2730.000 0.078
2735.000 0.079
2740.000 0.088
2745.000 0.083
2750.000 0.088
2755.000 0.089
2760.000 0.091
2765.000 0.097
2770.000 0.098
2775.000 0.101
2780.000 0.101
2785.000 0.102
2790.000 0.103
2795.000 0.108
2800.000 0.114
2805.000 0.111
2810.000 0.120
2815.000 0.114
2820.000 0.122
2825.000 0.126
2830.000 0.130
2835.000 0.123
2840.000 0.132
2845.000 0.137
2850.000 0.140
2855.000 0.140
2860.000 0.138
2865.000 0.145
2870.000 0.144
2875.000 0.151
2880.000 0.150
2885.000 0.156
2890.000 0.156
2895.000 0.153
2900.000 0.155
2905.000 0.158
2910.000 0.166
2915.000 0.163
2920.000 0.163
2925.000 0.170
2930.000 0.167
2935.000 0.170
2940.000 0.169
2945.000 0.173
2950.000 0.182
2955.000 0.176
2960.000 0.181
2965.000 0.181
2970.000 0.179
2975.000 0.181
2980.000 0.182
2985.000 0.184
2990.000 0.185
2995.000 0.185
3000.000 0.188
3005.000 0.189
3010.000 0.186
3015.000 0.192
3020.000 0.191
3025.000 0.196
3030.000 0.199
3035.000 0.191
3040.000 0.196
3045.000 0.195
3050.000 0.191
3055.000 0.193
3060.000 0.196
3065.000 0.192
3070.000 0.197
3075.000 0.194
3080.000 0.194
3085.000 0.196
3090.000 0.199
3095.000 0.193
3100.000 0.199
3105.000 0.199
3110.000 0.199
3115.000 0.200
3120.000 0.201
3125.000 0.200
3130.000 0.204
3135.000 0.205
3140.000 0.205
3145.000 0.199
3150.000 0.204
3155.000 0.204
3160.000 0.202
3165.000 0.205
3170.000 0.213
3175.000 0.209
3180.000 0.207
3185.000 0.210
3190.000 0.207
3195.000 0.211
3200.000 0.215
3205.000 0.212
3210.000 0.216
3215.000 0.219
3220.000 0.219
3225.000 0.211
3230.000 0.222
3235.000 0.213
3240.000 0.220
3245.000 0.216
3250.000 0.218
3255.000 0.226
3260.000 0.224
3265.000 0.231
3270.000 0.228
3275.000 0.222
3280.000 0.231
3285.000 0.232
3290.000 0.234
3295.000 0.232
3300.000 0.237
3305.000 0.236
3310.000 0.238
3315.000 0.244
3320.000 0.249
3325.000 0.249
3330.000 0.250
3335.000 0.249
3340.000 0.259
3345.000 0.255
3350.000 0.256
3355.000 0.265
3360.000 0.269
3365.000 0.268
3370.000 0.269
3375.000 0.273
3380.000 0.270
3385.000 0.277
3390.000 0.281
3395.000 0.287
3400.000 0.292
3405.000 0.295
3410.000 0.299
3415.000 0.303
3420.000 0.302
3425.000 0.305
3430.000 0.311
3435.000 0.319
3440.000 0.324
3445.000 0.330
3450.000 0.334
3455.000 0.342
3460.000 0.344
3465.000 0.351
3470.000 0.354
3475.000 0.371
3480.000 0.372
3485.000 0.379
3490.000 0.382
3495.000 0.392
3500.000 0.403
3505.000 0.410
3510.000 0.426
3515.000 0.428
3520.000 0.445
3525.000 0.456
3530.000 0.468
3535.000 0.481
3540.000 0.494
3545.000 0.502
3550.000 0.521
3555.000 0.538
3560.000 0.552
3565.000 0.571
3570.000 0.591
3575.000 0.616
3580.000 0.644
3585.000 0.667
3590.000 0.700
3595.000 0.728
3600.000 0.763
3605.000 0.805
3610.000 0.824
3615.000 0.869
3620.000 0.926
3625.000 0.982
3630.000 1.049
3635.000 1.134
3640.000 1.215
3645.000 1.325
3650.000 1.450
3655.000 1.604
3660.000 1.805
3665.000 1.917
3670.000 2.192
3675.000 2.542
3680.000 3.015
3685.000 3.646
3690.000 4.642
3695.000 7.002
3700.000 11.972
3705.000 12.657
3710.000 7.531
3715.000 4.925
3720.000 3.705
3725.000 3.292
3730.000 2.678
3735.000 2.278
3740.000 1.964
3745.000 1.728
3750.000 1.546
3755.000 1.391
3760.000 1.267
3765.000 1.168
3770.000 1.073
3775.000 0.997
3780.000 0.935
3785.000 0.870
3790.000 0.849
3795.000 0.796
3800.000 0.755
3805.000 0.723
3810.000 0.683
3815.000 0.651
3820.000 0.625
3825.000 0.593
3830.000 0.570
3835.000 0.546
3840.000 0.527
3845.000 0.507
3850.000 0.503
3855.000 0.480
3860.000 0.461
3865.000 0.450
3870.000 0.436
3875.000 0.418
3880.000 0.410
3885.000 0.391
3890.000 0.383
3895.000 0.370
3900.000 0.367
3905.000 0.358
3910.000 0.348
3915.000 0.342
3920.000 0.332
3925.000 0.327
3930.000 0.316
3935.000 0.313
3940.000 0.303
3945.000 0.296
3950.000 0.294
3955.000 0.282
3960.000 0.282
3965.000 0.271
3970.000 0.274
3975.000 0.262
3980.000 0.260
3985.000 0.255
3990.000 0.247
3995.000 0.246
4000.000 0.242
4005.000 0.239
4010.000 0.236
4015.000 0.225
4020.000 0.230
4025.000 0.224
4030.000 0.220
4035.000 0.214
4040.000 0.216
4045.000 0.216
4050.000 0.208
4055.000 0.209
4060.000 0.205
4065.000 0.207
4070.000 0.198
4075.000 0.190
4080.000 0.194
4085.000 0.192
4090.000 0.189
4095.000 0.183
4100.000 0.185
4105.000 0.184
4110.000 0.178
4115.000 0.178
4120.000 0.176
4125.000 0.169
4130.000 0.173
4135.000 0.175
4140.000 0.167
4145.000 0.168
4150.000 0.165
4155.000 0.163
4160.000 0.161
4165.000 0.156
4170.000 0.155
4175.000 0.156
4180.000 0.149
4185.000 0.148
4190.000 0.143
4195.000 0.143
4200.000 0.144
4205.000 0.140
4210.000 0.138
4215.000 0.137
4220.000 0.129
4225.000 0.131
4230.000 0.127
4235.000 0.119
4240.000 0.125
4245.000 0.126
4250.000 0.122
4255.000 0.119
4260.000 0.120
4265.000 0.116
4270.000 0.118
4275.000 0.116
4280.000 0.114
4285.000 0.114
4290.000 0.112
4295.000 0.118
4300.000 0.112
4305.000 0.110
4310.000 0.108
4315.000 0.113
4320.000 0.109
4325.000 0.105
4330.000 0.110
4335.000 0.110
4340.000 0.109
4345.000 0.110
4350.000 0.112
4355.000 0.110
4360.000 0.112
4365.000 0.107
4370.000 0.108
4375.000 0.107
4380.000 0.105
4385.000 0.110
4390.000 0.102
4395.000 0.106
4400.000 0.103
4405.000 0.100
4410.000 0.108
4415.000 0.106
4420.000 0.101
4425.000 0.105
4430.000 0.100
4435.000 0.104
4440.000 0.104
4445.000 0.100
4450.000 0.102
4455.000 0.100
4460.000 0.100
4465.000 0.100
4470.000 0.093
4475.000 0.101
4480.000 0.093
4485.000 0.099
4490.000 0.100
4495.000 0.101
4500.000 0.096
4505.000 0.097
4510.000 0.099
4515.000 0.092
4520.000 0.097
4525.000 0.093
4530.000 0.098
4535.000 0.093
4540.000 0.097
4545.000 0.098
4550.000 0.095
4555.000 0.094
4560.000 0.095
4565.000 0.093
4570.000 0.093
4575.000 0.098
4580.000 0.098
4585.000 0.093
4590.000 0.096
4595.000 0.093
4600.000 0.096
4605.000 0.095
4610.000 0.093
4615.000 0.093
4620.000 0.094
4625.000 0.093
4630.000 0.091
4635.000 0.090
4640.000 0.096
4645.000 0.096
4650.000 0.098
4655.000 0.096
4660.000 0.091
4665.000 0.093
4670.000 0.097
4675.000 0.097
4680.000 0.094
4685.000 0.101
4690.000 0.099
4695.000 0.097
4700.000 0.094
4705.000 0.093
4710.000 0.101
4715.000 0.098
4720.000 0.092
4725.000 0.097
4730.000 0.096
4735.000 0.094
4740.000 0.102
4745.000 0.099
4750.000 0.104
4755.000 0.098
4760.000 0.100
4765.000 0.101
4770.000 0.105
4775.000 0.102
4780.000 0.100
4785.000 0.105
4790.000 0.102
4795.000 0.104
4800.000 0.106
4805.000 0.105
4810.000 0.112
4815.000 0.112
4820.000 0.113
4825.000 0.110
4830.000 0.112
4835.000 0.117
4840.000 0.116
4845.000 0.114
4850.000 0.120
4855.000 0.127
4860.000 0.127
4865.000 0.128
4870.000 0.133
4875.000 0.134
4880.000 0.134
4885.000 0.143
4890.000 0.145
4895.000 0.153
4900.000 0.155
4905.000 0.164
4910.000 0.173
4915.000 0.190
4920.000 0.196
4925.000 0.209
4930.000 0.235
4935.000 0.253
4940.000 0.266
4945.000 0.308
4950.000 0.359
4955.000 0.445
4960.000 0.601
4965.000 0.913
4970.000 1.608
4975.000 2.514
4980.000 1.386
4985.000 1.440
4990.000 1.254
4995.000 0.544
5000.000 0.518
5005.000 0.435
5010.000 0.249
5015.000 0.177
5020.000 0.129
5025.000 0.108
5030.000 0.087
5035.000 0.070
5040.000 0.063
5045.000 0.060
5050.000 0.051
5055.000 0.048
5060.000 0.044
5065.000 0.046
5070.000 0.048
5075.000 0.042
5080.000 0.045
5085.000 0.046
5090.000 0.049
5095.000 0.046
5100.000 0.052
5105.000 0.055
5110.000 0.053
5115.000 0.060
5120.000 0.058
5125.000 0.059
5130.000 0.059
5135.000 0.063
5140.000 0.064
5145.000 0.064
5150.000 0.067
5155.000 0.068
5160.000 0.074
5165.000 0.072
5170.000 0.077
5175.000 0.080
5180.000 0.080
5185.000 0.081
5190.000 0.082
5195.000 0.085
5200.000 0.084
5205.000 0.092
5210.000 0.090
5215.000 0.090
5220.000 0.098
5225.000 0.093
5230.000 0.101
5235.000 0.102
5240.000 0.103
5245.000 0.106
5250.000 0.108
5255.000 0.110
5260.000 0.113
5265.000 0.112
5270.000 0.119
5275.000 0.116
5280.000 0.114
5285.000 0.113
5290.000 0.121
5295.000 0.121
5300.000 0.122
5305.000 0.128
5310.000 0.127
5315.000 0.129
5320.000 0.132
5325.000 0.139
5330.000 0.136
5335.000 0.135
5340.000 0.140
5345.000 0.144
5350.000 0.147
5355.000 0.144
5360.000 0.147
5365.000 0.146
5370.000 0.145
5375.000 0.147
5380.000 0.151
5385.000 0.154
5390.000 0.144
5395.000 0.155
5400.000 0.155
5405.000 0.154
5410.000 0.159
5415.000 0.161
5420.000 0.166
5425.000 0.161
5430.000 0.165
5435.000 0.165
5440.000 0.169
5445.000 0.171
5450.000 0.171
5455.000 0.171
5460.000 0.173
5465.000 0.176
5470.000 0.176
5475.000 0.176
5480.000 0.176
5485.000 0.180
5490.000 0.180
5495.000 0.181
5500.000 0.182
5505.000 0.182
5510.000 0.183
5515.000 0.179
5520.000 0.184
5525.000 0.180
5530.000 0.185
5535.000 0.186
5540.000 0.189
5545.000 0.190
5550.000 0.193
5555.000 0.190
5560.000 0.197
5565.000 0.193
5570.000 0.194
5575.000 0.194
5580.000 0.194
5585.000 0.200
5590.000 0.200
5595.000 0.201
5600.000 0.202
5605.000 0.207
5610.000 0.210
5615.000 0.209
5620.000 0.205
5625.000 0.208
5630.000 0.209
5635.000 0.208
5640.000 0.209
5645.000 0.215
5650.000 0.216
5655.000 0.218
5660.000 0.218
5665.000 0.222
5670.000 0.225
5675.000 0.219
5680.000 0.219
5685.000 0.225
5690.000 0.226
5695.000 0.228
5700.000 0.230
5705.000 0.232
5710.000 0.237
5715.000 0.234
5720.000 0.239
5725.000 0.241
5730.000 0.245
5735.000 0.245
5740.000 0.245
5745.000 0.247
5750.000 0.247
5755.000 0.255
5760.000 0.257
5765.000 0.255
5770.000 0.264
5775.000 0.259
5780.000 0.262
5785.000 0.267
5790.000 0.274
5795.000 0.270
5800.000 0.277
5805.000 0.275
5810.000 0.283
5815.000 0.281
5820.000 0.287
5825.000 0.289
5830.000 0.295
5835.000 0.294
5840.000 0.300
5845.000 0.306
5850.000 0.303
5855.000 0.308
5860.000 0.313
5865.000 0.314
5870.000 0.326
5875.000 0.325
5880.000 0.331
5885.000 0.336
5890.000 0.338
5895.000 0.345
5900.000 0.349
5905.000 0.360
5910.000 0.361
5915.000 0.370
5920.000 0.368
5925.000 0.373
5930.000 0.381
5935.000 0.387
5940.000 0.392
5945.000 0.395
5950.000 0.402
5955.000 0.411
5960.000 0.418
5965.000 0.425
5970.000 0.429
5975.000 0.436
5980.000 0.442
5985.000 0.444
5990.000 0.451
5995.000 0.466
6000.000 0.473
6005.000 0.475
6010.000 0.491
6015.000 0.500
6020.000 0.507
6025.000 0.517
6030.000 0.524
6035.000 0.535
6040.000 0.536
6045.000 0.551
6050.000 0.561
6055.000 0.572
6060.000 0.581
6065.000 0.593
6070.000 0.605
6075.000 0.620
6080.000 0.632
6085.000 0.645
6090.000 0.663
6095.000 0.679
6100.000 0.694
6105.000 0.704
6110.000 0.728
6115.000 0.744
6120.000 0.769
6125.000 0.791
6130.000 0.814
6135.000 0.849
6140.000 0.875
6145.000 0.904
6150.000 0.949
6155.000 0.984
6160.000 1.003
6165.000 1.046
6170.000 1.096
6175.000 1.156
6180.000 1.218
6185.000 1.289
6190.000 1.362
6195.000 1.458
6200.000 1.559
6205.000 1.675
6210.000 1.821
6215.000 2.004
6220.000 2.114
6225.000 2.373
6230.000 2.768
6235.000 3.223
6240.000 3.458
6245.000 2.757
6250.000 1.462
6255.000 1.512
6260.000 1.773
6265.000 1.980
6270.000 2.115
6275.000 2.188
6280.000 2.197
6285.000 2.183
6290.000 2.125
6295.000 2.043
6300.000 1.938
6305.000 1.837
6310.000 1.731
6315.000 1.630
6320.000 1.536
6325.000 1.440
6330.000 1.364
6335.000 1.293
6340.000 1.219
6345.000 1.185
6350.000 1.120
6355.000 1.068
6360.000 1.023
6365.000 0.974
6370.000 0.938
6375.000 0.898
6380.000 0.860
6385.000 0.824
6390.000 0.793
6395.000 0.764
6400.000 0.752
6405.000 0.730
6410.000 0.700
6415.000 0.678
6420.000 0.657
6425.000 0.640
6430.000 0.616
6435.000 0.597
6440.000 0.583
6445.000 0.566
6450.000 0.554
6455.000 0.539
6460.000 0.520
6465.000 0.520
6470.000 0.506
6475.000 0.501
6480.000 0.482
6485.000 0.472
6490.000 0.461
6495.000 0.452
6500.000 0.444
6505.000 0.435
6510.000 0.425
6515.000 0.411
6520.000 0.403
6525.000 0.396
6530.000 0.392
6535.000 0.372
6540.000 0.360
6545.000 0.342
6550.000 0.314
6555.000 0.275
6560.000 0.263
6565.000 0.557
6570.000 1.601
6575.000 3.927
6580.000 5.187
6585.000 1.566
6590.000 0.757
6595.000 0.271
6600.000 0.187
6605.000 0.249
6610.000 0.231
6615.000 0.242
6620.000 0.246
6625.000 0.247
6630.000 0.252
6635.000 0.249
6640.000 0.255
6645.000 0.245
6650.000 0.254
6655.000 0.249
6660.000 0.247
6665.000 0.245
6670.000 0.246
6675.000 0.243
6680.000 0.238
6685.000 0.243
6690.000 0.241
6695.000 0.236
6700.000 0.233
6705.000 0.236
6710.000 0.228
6715.000 0.224
6720.000 0.226
6725.000 0.228
6730.000 0.221
6735.000 0.220
6740.000 0.218
6745.000 0.222
6750.000 0.218
6755.000 0.212
6760.000 0.215
6765.000 0.214
6770.000 0.211
6775.000 0.211
6780.000 0.207
6785.000 0.207
6790.000 0.206
6795.000 0.205
6800.000 0.203
6805.000 0.196
6810.000 0.201
6815.000 0.200
6820.000 0.201
6825.000 0.199
6830.000 0.198
6835.000 0.197
6840.000 0.193
6845.000 0.189
6850.000 0.189
6855.000 0.188
6860.000 0.185
6865.000 0.187
6870.000 0.186
6875.000 0.187
6880.000 0.184
6885.000 0.182
6890.000 0.176
6895.000 0.181
6900.000 0.183
6905.000 0.181
6910.000 0.175
6915.000 0.178
6920.000 0.177
6925.000 0.178
6930.000 0.175
6935.000 0.172
6940.000 0.176
6945.000 0.175
6950.000 0.171
6955.000 0.176
6960.000 0.173
6965.000 0.171
6970.000 0.169
6975.000 0.170
6980.000 0.169
6985.000 0.169
6990.000 0.170
6995.000 0.167
7000.000 0.161
7005.000 0.164
7010.000 0.163
7015.000 0.167
7020.000 0.162
7025.000 0.167
7030.000 0.160
7035.000 0.159
7040.000 0.162
7045.000 0.165
7050.000 0.159
7055.000 0.154
7060.000 0.155
7065.000 0.163
7070.000 0.162
7075.000 0.155
7080.000 0.151
7085.000 0.156
7090.000 0.160
7095.000 0.154
7100.000 0.159
7105.000 0.156
7110.000 0.159
7115.000 0.158
7120.000 0.156
7125.000 0.157
7130.000 0.153
7135.000 0.156
7140.000 0.152
7145.000 0.151
7150.000 0.155
7155.000 0.154
7160.000 0.152
7165.000 0.156
7170.000 0.149
7175.000 0.147
7180.000 0.153
7185.000 0.154
7190.000 0.149
7195.000 0.150
7200.000 0.150
7205.000 0.149
7210.000 0.153
7215.000 0.157
7220.000 0.152
7225.000 0.158
7230.000 0.156
7235.000 0.150
7240.000 0.152
7245.000 0.152
7250.000 0.154
7255.000 0.150
7260.000 0.150
7265.000 0.152
7270.000 0.157
7275.000 0.150
7280.000 0.151
7285.000 0.149
7290.000 0.154
7295.000 0.155
7300.000 0.152
7305.000 0.155
7310.000 0.156
7315.000 0.154
7320.000 0.155
7325.000 0.153
7330.000 0.150
7335.000 0.154
7340.000 0.153
7345.000 0.154
7350.000 0.155
7355.000 0.155
7360.000 0.158
7365.000 0.160
7370.000 0.155
7375.000 0.163
7380.000 0.166
7385.000 0.159
7390.000 0.160
7395.000 0.163
7400.000 0.161
7405.000 0.167
7410.000 0.166
7415.000 0.169
7420.000 0.170
7425.000 0.168
7430.000 0.170
7435.000 0.172
7440.000 0.172
7445.000 0.191
7450.000 0.235
7455.000 0.393
7460.000 0.668
7465.000 0.999
7470.000 1.206
7475.000 1.188
7480.000 1.010
7485.000 0.680
7490.000 0.423
7495.000 0.321
7500.000 0.291
7505.000 0.261
7510.000 0.234
7515.000 0.218
7520.000 0.206
7525.000 0.201
7530.000 0.193
7535.000 0.189
7540.000 0.187
7545.000 0.180
7550.000 0.183
7555.000 0.178
7560.000 0.180
7565.000 0.179
7570.000 0.176
7575.000 0.176
7580.000 0.175
7585.000 0.175
7590.000 0.176
7595.000 0.175
7600.000 0.180
7605.000 0.172
7610.000 0.181
7615.000 0.177
7620.000 0.180
7625.000 0.180
7630.000 0.173
7635.000 0.177
7640.000 0.180
7645.000 0.179
7650.000 0.177
7655.000 0.178
7660.000 0.183
7665.000 0.184
7670.000 0.183
7675.000 0.181
7680.000 0.184
7685.000 0.186
7690.000 0.184
7695.000 0.185
7700.000 0.183
7705.000 0.191
7710.000 0.189
7715.000 0.191
7720.000 0.194
7725.000 0.191
7730.000 0.196
7735.000 0.197
7740.000 0.201
7745.000 0.200
7750.000 0.199
7755.000 0.205
7760.000 0.202
7765.000 0.200
7770.000 0.202
7775.000 0.205
7780.000 0.206
7785.000 0.211
7790.000 0.211
7795.000 0.209
7800.000 0.214
7805.000 0.214
7810.000 0.214
7815.000 0.225
7820.000 0.220
7825.000 0.224
7830.000 0.227
7835.000 0.232
7840.000 0.229
7845.000 0.240
7850.000 0.239
7855.000 0.241
7860.000 0.247
7865.000 0.251
7870.000 0.251
7875.000 0.257
7880.000 0.260
7885.000 0.263
7890.000 0.266
7895.000 0.267
7900.000 0.280
7905.000 0.283
7910.000 0.286
7915.000 0.293
7920.000 0.300
7925.000 0.306
7930.000 0.314
7935.000 0.321
7940.000 0.328
7945.000 0.334
7950.000 0.340
7955.000 0.356
7960.000 0.366
7965.000 0.379
7970.000 0.396
7975.000 0.409
7980.000 0.430
7985.000 0.435
7990.000 0.459
7995.000 0.483
8000.000 0.508
