2005.000 0.144
2010.000 0.145
2015.000 0.142
2020.000 0.138
2025.000 0.132
2030.000 0.131
2035.000 0.138
2040.000 0.139
2045.000 0.140
2050.000 0.132
2055.000 0.124
2060.000 0.131
2065.000 0.126
2070.000 0.128
2075.000 0.127
2080.000 0.125
2085.000 0.128
2090.000 0.128
2095.000 0.125
2100.000 0.122
2105.000 0.124
2110.000 0.120
2115.000 0.126
2120.000 0.127
2125.000 0.127
2130.000 0.127
2135.000 0.120
2140.000 0.119
2145.000 0.118
2150.000 0.120
2155.000 0.134
2160.000 0.152
2165.000 0.135
2170.000 0.124
2175.000 0.129
2180.000 0.123
2185.000 0.131
2190.000 0.134
2195.000 0.139
2200.000 0.132
2205.000 0.128
2210.000 0.169
2215.000 0.157
2220.000 0.145
2225.000 0.145
2230.000 0.149
2235.000 0.155
2240.000 0.171
2245.000 0.186
2250.000 0.399
2255.000 0.161
2260.000 0.179
2265.000 0.307
2270.000 0.178
2275.000 0.195
2280.000 0.128
2285.000 0.252
2290.000 0.082
2295.000 0.043
2300.000 0.505
2305.000 1.830
2310.000 4.368
2315.000 4.981
2320.000 1.134
2325.000 0.800
2330.000 0.594
2335.000 0.490
2340.000 0.360
2345.000 0.307
2350.000 0.233
2355.000 0.193
2360.000 0.144
2365.000 0.147
2370.000 0.201
2375.000 0.204
2380.000 0.097
2385.000 0.084
2390.000 0.120
2395.000 0.075
2400.000 0.124
2405.000 0.174
2410.000 0.158
2415.000 0.131
2420.000 0.060
2425.000 0.068
2430.000 0.065
2435.000 0.044
2440.000 0.100
2445.000 0.067
2450.000 0.131
2455.000 0.066
2460.000 0.036
2465.000 0.032
2470.000 0.079
2475.000 0.028
2480.000 0.018
2485.000 0.026
2490.000 0.015
2495.000 0.021
2500.000 0.017
2505.000 0.022
2510.000 0.018
2515.000 0.018
2520.000 0.019
2525.000 0.013
2530.000 0.007
2535.000 0.011
2540.000 0.013
2545.000 0.015
2550.000 0.010
2555.000 0.006
2560.000 0.005
2565.000 0.007
2570.000 0.006
2575.000 0.012
2580.000 0.009
2585.000 0.007
2590.000 0.008
2595.000 0.007
2600.000 0.009
2605.000 0.010
2610.000 0.009
2615.000 0.008
2620.000 0.008
2625.000 0.008
2630.000 0.008
2635.000 0.012
2640.000 0.008
2645.000 0.010
2650.000 0.013
2655.000 0.016
2660.000 0.016
2665.000 0.014
2670.000 0.016
2675.000 0.014
2680.000 0.014
2685.000 0.021
2690.000 0.017
2695.000 0.017
2700.000 0.023
2705.000 0.022
2710.000 0.023
2715.000 0.030
2720.000 0.026
2725.000 0.024
2730.000 0.025
2735.000 0.028
2740.000 0.030
2745.000 0.023
2750.000 0.029
2755.000 0.033
2760.000 0.032
2765.000 0.036
2770.000 0.040
2775.000 0.043
2780.000 0.040
2785.000 0.047
2790.000 0.042
2795.000 0.046
2800.000 0.045
2805.000 0.049
2810.000 0.048
2815.000 0.050
2820.000 0.055
2825.000 0.051
2830.000 0.058
2835.000 0.058
2840.000 0.056
2845.000 0.063
2850.000 0.063
2855.000 0.065
2860.000 0.069
2865.000 0.072
2870.000 0.072
2875.000 0.074
2880.000 0.077
2885.000 0.080
2890.000 0.079
2895.000 0.080
2900.000 0.086
2905.000 0.078
2910.000 0.083
2915.000 0.090
2920.000 0.090
2925.000 0.087
2930.000 0.094
2935.000 0.097
2940.000 0.094
2945.000 0.096
2950.000 0.101
2955.000 0.100
2960.000 0.103
2965.000 0.103
2970.000 0.098
2975.000 0.106
2980.000 0.106
2985.000 0.106
2990.000 0.107
2995.000 0.109
3000.000 0.113
3005.000 0.112
3010.000 0.112
3015.000 0.118
3020.000 0.117
3025.000 0.121
3030.000 0.119
3035.000 0.115
3040.000 0.115
3045.000 0.123
3050.000 0.124
3055.000 0.119
3060.000 0.117
3065.000 0.123
3070.000 0.126
3075.000 0.129
3080.000 0.127
3085.000 0.129
3090.000 0.129
3095.000 0.131
3100.000 0.133
3105.000 0.130
3110.000 0.138
3115.000 0.131
3120.000 0.132
3125.000 0.135
3130.000 0.137
3135.000 0.134
3140.000 0.137
3145.000 0.137
3150.000 0.141
3155.000 0.134
3160.000 0.143
3165.000 0.142
3170.000 0.147
3175.000 0.143
3180.000 0.141
3185.000 0.143
3190.000 0.148
3195.000 0.150
3200.000 0.152
3205.000 0.155
3210.000 0.155
3215.000 0.146
3220.000 0.155
3225.000 0.156
3230.000 0.157
3235.000 0.158
3240.000 0.160
3245.000 0.167
3250.000 0.160
3255.000 0.159
3260.000 0.166
3265.000 0.162
3270.000 0.164
3275.000 0.169
3280.000 0.177
3285.000 0.171
3290.000 0.173
3295.000 0.172
3300.000 0.176
3305.000 0.178
3310.000 0.180
3315.000 0.178
3320.000 0.180
3325.000 0.183
3330.000 0.191
3335.000 0.186
3340.000 0.188
3345.000 0.196
3350.000 0.200
3355.000 0.198
3360.000 0.197
3365.000 0.205
3370.000 0.206
3375.000 0.203
3380.000 0.213
3385.000 0.212
3390.000 0.216
3395.000 0.222
3400.000 0.228
3405.000 0.228
3410.000 0.232
3415.000 0.236
3420.000 0.239
3425.000 0.240
3430.000 0.250
3435.000 0.248
3440.000 0.255
3445.000 0.256
3450.000 0.264
3455.000 0.270
3460.000 0.276
3465.000 0.282
3470.000 0.284
3475.000 0.291
3480.000 0.299
3485.000 0.308
3490.000 0.306
3495.000 0.315
3500.000 0.323
3505.000 0.334
3510.000 0.340
3515.000 0.345
3520.000 0.355
3525.000 0.370
3530.000 0.382
3535.000 0.396
3540.000 0.407
3545.000 0.415
3550.000 0.428
3555.000 0.443
3560.000 0.456
3565.000 0.471
3570.000 0.489
3575.000 0.503
3580.000 0.536
3585.000 0.554
3590.000 0.578
3595.000 0.602
3600.000 0.635
3605.000 0.660
3610.000 0.708
3615.000 0.723
3620.000 0.767
3625.000 0.813
3630.000 0.871
3635.000 0.936
3640.000 0.999
3645.000 1.083
3650.000 1.186
3655.000 1.295
3660.000 1.426
3665.000 1.597
3670.000 1.809
3675.000 2.072
3680.000 2.226
3685.000 2.634
3690.000 3.242
3695.000 4.834
3700.000 8.718
3705.000 12.582
3710.000 10.355
3715.000 6.315
3720.000 4.357
3725.000 3.326
3730.000 2.685
3735.000 2.449
3740.000 2.075
3745.000 1.799
3750.000 1.593
3755.000 1.424
3760.000 1.302
3765.000 1.186
3770.000 1.093
3775.000 1.010
3780.000 0.944
3785.000 0.883
3790.000 0.824
3795.000 0.807
3800.000 0.762
3805.000 0.720
3810.000 0.685
3815.000 0.650
3820.000 0.619
3825.000 0.597
3830.000 0.570
3835.000 0.551
3840.000 0.528
3845.000 0.507
3850.000 0.493
3855.000 0.475
3860.000 0.474
3865.000 0.451
3870.000 0.445
3875.000 0.424
3880.000 0.416
3885.000 0.406
3890.000 0.393
3895.000 0.383
3900.000 0.376
3905.000 0.367
3910.000 0.357
3915.000 0.353
3920.000 0.347
3925.000 0.342
3930.000 0.333
3935.000 0.331
3940.000 0.320
3945.000 0.313
3950.000 0.304
3955.000 0.297
3960.000 0.300
3965.000 0.297
3970.000 0.283
3975.000 0.281
3980.000 0.283
3985.000 0.273
3990.000 0.267
3995.000 0.266
4000.000 0.263
4005.000 0.262
4010.000 0.256
4015.000 0.252
4020.000 0.253
4025.000 0.249
4030.000 0.250
4035.000 0.246
4040.000 0.244
4045.000 0.237
4050.000 0.234
4055.000 0.236
4060.000 0.231
4065.000 0.231
4070.000 0.229
4075.000 0.226
4080.000 0.220
4085.000 0.216
4090.000 0.221
4095.000 0.212
4100.000 0.213
4105.000 0.215
4110.000 0.210
4115.000 0.207
4120.000 0.201
4125.000 0.203
4130.000 0.204
4135.000 0.204
4140.000 0.199
4145.000 0.196
4150.000 0.191
4155.000 0.187
4160.000 0.188
4165.000 0.188
4170.000 0.184
4175.000 0.182
4180.000 0.186
4185.000 0.176
4190.000 0.172
4195.000 0.172
4200.000 0.171
4205.000 0.165
4210.000 0.163
4215.000 0.169
4220.000 0.160
4225.000 0.161
4230.000 0.155
4235.000 0.152
4240.000 0.152
4245.000 0.148
4250.000 0.152
4255.000 0.144
4260.000 0.152
4265.000 0.149
4270.000 0.149
4275.000 0.149
4280.000 0.149
4285.000 0.148
4290.000 0.147
4295.000 0.148
4300.000 0.146
4305.000 0.146
4310.000 0.144
4315.000 0.145
4320.000 0.146
4325.000 0.151
4330.000 0.146
4335.000 0.148
4340.000 0.150
4345.000 0.148
4350.000 0.154
4355.000 0.151
4360.000 0.149
4365.000 0.151
4370.000 0.149
4375.000 0.151
4380.000 0.147
4385.000 0.146
4390.000 0.153
4395.000 0.149
4400.000 0.153
4405.000 0.149
4410.000 0.149
4415.000 0.151
4420.000 0.149
4425.000 0.154
4430.000 0.149
4435.000 0.148
4440.000 0.151
4445.000 0.156
4450.000 0.155
4455.000 0.153
4460.000 0.153
4465.000 0.149
4470.000 0.154
4475.000 0.152
4480.000 0.153
4485.000 0.159
4490.000 0.156
4495.000 0.158
4500.000 0.158
4505.000 0.154
4510.000 0.158
4515.000 0.161
4520.000 0.153
4525.000 0.159
4530.000 0.159
4535.000 0.157
4540.000 0.158
4545.000 0.152
4550.000 0.160
4555.000 0.158
4560.000 0.164
4565.000 0.159
4570.000 0.160
4575.000 0.160
4580.000 0.167
4585.000 0.164
4590.000 0.164
4595.000 0.159
4600.000 0.168
4605.000 0.166
4610.000 0.169
4615.000 0.165
4620.000 0.170
4625.000 0.165
4630.000 0.171
4635.000 0.176
4640.000 0.173
4645.000 0.176
4650.000 0.178
4655.000 0.181
4660.000 0.179
4665.000 0.179
4670.000 0.187
4675.000 0.186
4680.000 0.183
4685.000 0.190
4690.000 0.189
4695.000 0.190
4700.000 0.194
4705.000 0.194
4710.000 0.197
4715.000 0.197
4720.000 0.202
4725.000 0.206
4730.000 0.206
4735.000 0.208
4740.000 0.215
4745.000 0.218
4750.000 0.217
4755.000 0.226
4760.000 0.228
4765.000 0.229
4770.000 0.236
4775.000 0.238
4780.000 0.244
4785.000 0.246
4790.000 0.248
4795.000 0.258
4800.000 0.266
4805.000 0.269
4810.000 0.278
4815.000 0.283
4820.000 0.287
4825.000 0.297
4830.000 0.297
4835.000 0.308
4840.000 0.320
4845.000 0.329
4850.000 0.343
4855.000 0.354
4860.000 0.365
4865.000 0.385
4870.000 0.396
4875.000 0.410
4880.000 0.428
4885.000 0.450
4890.000 0.472
4895.000 0.488
4900.000 0.514
4905.000 0.548
4910.000 0.581
4915.000 0.619
4920.000 0.661
4925.000 0.718
4930.000 0.785
4935.000 0.868
4940.000 0.974
4945.000 1.105
4950.000 1.185
4955.000 1.402
4960.000 1.695
4965.000 2.210
4970.000 3.126
4975.000 4.259
4980.000 2.542
4985.000 4.269
4990.000 4.388
4995.000 4.619
5000.000 2.728
5005.000 2.110
5010.000 1.883
5015.000 1.560
5020.000 1.295
5025.000 1.123
5030.000 0.990
5035.000 0.878
5040.000 0.793
5045.000 0.720
5050.000 0.661
5055.000 0.613
5060.000 0.571
5065.000 0.533
5070.000 0.504
5075.000 0.489
5080.000 0.460
5085.000 0.433
5090.000 0.420
5095.000 0.397
5100.000 0.378
5105.000 0.361
5110.000 0.349
5115.000 0.335
5120.000 0.324
5125.000 0.312
5130.000 0.303
5135.000 0.291
5140.000 0.288
5145.000 0.280
5150.000 0.270
5155.000 0.262
5160.000 0.239
5165.000 0.245
5170.000 0.244
5175.000 0.233
5180.000 0.231
5185.000 0.226
5190.000 0.221
5195.000 0.218
5200.000 0.213
5205.000 0.208
5210.000 0.200
5215.000 0.197
5220.000 0.189
5225.000 0.189
5230.000 0.187
5235.000 0.185
5240.000 0.177
5245.000 0.174
5250.000 0.172
5255.000 0.171
5260.000 0.163
5265.000 0.159
5270.000 0.161
5275.000 0.157
5280.000 0.152
5285.000 0.149
5290.000 0.147
5295.000 0.145
5300.000 0.144
5305.000 0.139
5310.000 0.135
5315.000 0.129
5320.000 0.130
5325.000 0.129
5330.000 0.120
5335.000 0.121
5340.000 0.120
5345.000 0.116
5350.000 0.113
5355.000 0.112
5360.000 0.112
5365.000 0.108
5370.000 0.102
5375.000 0.101
5380.000 0.097
5385.000 0.094
5390.000 0.087
5395.000 0.091
5400.000 0.086
5405.000 0.082
5410.000 0.084
5415.000 0.081
5420.000 0.076
5425.000 0.076
5430.000 0.076
5435.000 0.073
5440.000 0.069
5445.000 0.063
5450.000 0.066
5455.000 0.066
5460.000 0.060
5465.000 0.063
5470.000 0.048
5475.000 0.053
5480.000 0.051
5485.000 0.050
5490.000 0.046
5495.000 0.045
5500.000 0.039
5505.000 0.046
5510.000 0.035
5515.000 0.036
5520.000 0.031
5525.000 0.034
5530.000 0.031
5535.000 0.023
5540.000 0.026
5545.000 0.028
5550.000 0.029
5555.000 0.024
5560.000 0.016
5565.000 0.019
5570.000 0.019
5575.000 0.009
5580.000 0.015
5585.000 0.006
5590.000 0.008
5595.000 0.009
5600.000 0.007
5605.000 0.004
5610.000 0.006
5615.000 0.009
5620.000 0.011
5625.000 0.015
5630.000 0.009
5635.000 0.012
5640.000 0.028
5645.000 0.016
5650.000 0.018
5655.000 0.020
5660.000 0.019
5665.000 0.024
5670.000 0.025
5675.000 0.025
5680.000 0.027
5685.000 0.029
5690.000 0.028
5695.000 0.034
5700.000 0.036
5705.000 0.036
5710.000 0.043
5715.000 0.044
5720.000 0.044
5725.000 0.046
5730.000 0.047
5735.000 0.045
5740.000 0.049
5745.000 0.052
5750.000 0.067
5755.000 0.050
5760.000 0.058
5765.000 0.054
5770.000 0.056
5775.000 0.069
5780.000 0.069
5785.000 0.066
5790.000 0.074
5795.000 0.077
5800.000 0.073
5805.000 0.075
5810.000 0.076
5815.000 0.086
5820.000 0.084
5825.000 0.086
5830.000 0.090
5835.000 0.093
5840.000 0.095
5845.000 0.098
5850.000 0.098
5855.000 0.104
5860.000 0.103
5865.000 0.108
5870.000 0.111
5875.000 0.120
5880.000 0.119
5885.000 0.119
5890.000 0.124
5895.000 0.127
5900.000 0.131
5905.000 0.133
5910.000 0.141
5915.000 0.144
5920.000 0.150
5925.000 0.151
5930.000 0.154
5935.000 0.158
5940.000 0.160
5945.000 0.164
5950.000 0.171
5955.000 0.176
5960.000 0.179
5965.000 0.186
5970.000 0.193
5975.000 0.196
5980.000 0.204
5985.000 0.206
5990.000 0.218
5995.000 0.222
6000.000 0.226
6005.000 0.241
6010.000 0.243
6015.000 0.252
6020.000 0.264
6025.000 0.270
6030.000 0.277
6035.000 0.291
6040.000 0.302
6045.000 0.315
6050.000 0.320
6055.000 0.337
6060.000 0.345
6065.000 0.364
6070.000 0.386
6075.000 0.393
6080.000 0.414
6085.000 0.431
6090.000 0.447
6095.000 0.471
6100.000 0.486
6105.000 0.520
6110.000 0.534
6115.000 0.567
6120.000 0.596
6125.000 0.628
6130.000 0.665
6135.000 0.704
6140.000 0.622
6145.000 0.809
6150.000 0.856
6155.000 0.921
6160.000 0.994
6165.000 1.082
6170.000 1.171
6175.000 1.228
6180.000 1.355
6185.000 1.496
6190.000 1.669
6195.000 1.892
6200.000 2.184
6205.000 2.561
6210.000 3.033
6215.000 3.684
6220.000 4.603
6225.000 5.821
6230.000 6.549
6235.000 8.019
6240.000 8.627
6245.000 7.486
6250.000 5.877
6255.000 4.373
6260.000 3.860
6265.000 3.241
6270.000 2.791
6275.000 2.437
6280.000 2.153
6285.000 1.884
6290.000 1.765
6295.000 1.565
6300.000 1.400
6305.000 1.261
6310.000 1.157
6315.000 1.072
6320.000 0.991
6325.000 0.935
6330.000 0.887
6335.000 0.842
6340.000 0.805
6345.000 0.772
6350.000 0.747
6355.000 0.732
6360.000 0.710
6365.000 0.689
6370.000 0.665
6375.000 0.644
6380.000 0.629
6385.000 0.614
6390.000 0.593
6395.000 0.586
6400.000 0.576
6405.000 0.564
6410.000 0.554
6415.000 0.548
6420.000 0.535
6425.000 0.525
6430.000 0.519
6435.000 0.510
6440.000 0.500
6445.000 0.495
6450.000 0.493
6455.000 0.488
6460.000 0.483
6465.000 0.473
6470.000 0.475
6475.000 0.472
6480.000 0.468
6485.000 0.469
6490.000 0.466
6495.000 0.465
6500.000 0.457
6505.000 0.461
6510.000 0.461
6515.000 0.465
6520.000 0.468
6525.000 0.469
6530.000 0.476
6535.000 0.477
6540.000 0.489
6545.000 0.495
6550.000 0.504
6555.000 0.530
6560.000 0.546
6565.000 0.618
6570.000 0.950
6575.000 2.410
6580.000 4.971
6585.000 4.269
6590.000 1.420
6595.000 0.978
6600.000 0.233
6605.000 0.100
6610.000 0.102
6615.000 0.090
6620.000 0.128
6625.000 0.143
6630.000 0.157
6635.000 0.167
6640.000 0.180
6645.000 0.189
6650.000 0.194
6655.000 0.197
6660.000 0.199
6665.000 0.206
6670.000 0.217
6675.000 0.216
6680.000 0.212
6685.000 0.220
6690.000 0.219
6695.000 0.217
6700.000 0.222
6705.000 0.220
6710.000 0.224
6715.000 0.221
6720.000 0.225
6725.000 0.230
6730.000 0.221
6735.000 0.230
6740.000 0.228
6745.000 0.225
6750.000 0.228
6755.000 0.231
6760.000 0.229
6765.000 0.233
6770.000 0.229
6775.000 0.235
6780.000 0.239
6785.000 0.232
6790.000 0.227
6795.000 0.229
6800.000 0.230
6805.000 0.230
6810.000 0.236
6815.000 0.239
6820.000 0.233
6825.000 0.236
6830.000 0.241
6835.000 0.237
6840.000 0.237
6845.000 0.238
6850.000 0.232
6855.000 0.233
6860.000 0.241
6865.000 0.242
6870.000 0.236
6875.000 0.245
6880.000 0.248
6885.000 0.246
6890.000 0.239
6895.000 0.242
6900.000 0.241
6905.000 0.240
6910.000 0.244
6915.000 0.247
6920.000 0.246
6925.000 0.248
6930.000 0.250
6935.000 0.252
6940.000 0.249
6945.000 0.251
6950.000 0.255
6955.000 0.252
6960.000 0.255
6965.000 0.259
6970.000 0.255
6975.000 0.264
6980.000 0.260
6985.000 0.258
6990.000 0.267
6995.000 0.266
7000.000 0.267
7005.000 0.269
7010.000 0.271
7015.000 0.270
7020.000 0.276
7025.000 0.278
7030.000 0.279
7035.000 0.278
7040.000 0.281
7045.000 0.279
7050.000 0.284
7055.000 0.289
7060.000 0.288
7065.000 0.296
7070.000 0.295
7075.000 0.294
7080.000 0.300
7085.000 0.303
7090.000 0.302
7095.000 0.303
7100.000 0.307
7105.000 0.312
7110.000 0.318
7115.000 0.320
7120.000 0.319
7125.000 0.324
7130.000 0.327
7135.000 0.330
7140.000 0.337
7145.000 0.335
7150.000 0.346
7155.000 0.348
7160.000 0.349
7165.000 0.355
7170.000 0.359
7175.000 0.369
7180.000 0.364
7185.000 0.382
7190.000 0.388
7195.000 0.385
7200.000 0.391
7205.000 0.395
7210.000 0.402
7215.000 0.414
7220.000 0.422
7225.000 0.419
7230.000 0.431
7235.000 0.442
7240.000 0.452
7245.000 0.455
7250.000 0.474
7255.000 0.482
7260.000 0.489
7265.000 0.494
7270.000 0.505
7275.000 0.516
7280.000 0.529
7285.000 0.542
7290.000 0.561
7295.000 0.576
7300.000 0.592
7305.000 0.609
7310.000 0.625
7315.000 0.654
7320.000 0.672
7325.000 0.684
7330.000 0.714
7335.000 0.734
7340.000 0.767
7345.000 0.798
7350.000 0.822
7355.000 0.869
7360.000 0.908
7365.000 0.951
7370.000 1.010
7375.000 1.066
7380.000 1.146
7385.000 1.224
7390.000 1.271
7395.000 1.371
7400.000 1.487
7405.000 1.626
7410.000 1.805
7415.000 2.005
7420.000 2.249
7425.000 2.571
7430.000 3.005
7435.000 3.573
7440.000 4.320
7445.000 4.759
7450.000 5.647
7455.000 6.164
7460.000 5.536
7465.000 4.074
7470.000 2.837
7475.000 2.287
7480.000 2.364
7485.000 2.320
7490.000 2.070
7495.000 1.809
7500.000 1.613
7505.000 1.521
7510.000 1.366
7515.000 1.246
7520.000 1.139
7525.000 1.053
7530.000 0.979
7535.000 0.907
7540.000 0.845
7545.000 0.791
7550.000 0.744
7555.000 0.699
7560.000 0.660
7565.000 0.623
7570.000 0.605
7575.000 0.572
7580.000 0.547
7585.000 0.511
7590.000 0.498
7595.000 0.473
7600.000 0.452
7605.000 0.436
7610.000 0.417
7615.000 0.400
7620.000 0.385
7625.000 0.376
7630.000 0.367
7635.000 0.349
7640.000 0.332
7645.000 0.327
7650.000 0.314
7655.000 0.300
7660.000 0.284
7665.000 0.281
7670.000 0.269
7675.000 0.260
7680.000 0.249
7685.000 0.247
7690.000 0.243
7695.000 0.234
7700.000 0.218
7705.000 0.213
7710.000 0.206
7715.000 0.201
7720.000 0.194
7725.000 0.188
7730.000 0.181
7735.000 0.170
7740.000 0.172
7745.000 0.167
7750.000 0.163
7755.000 0.153
7760.000 0.147
7765.000 0.141
7770.000 0.134
7775.000 0.132
7780.000 0.131
7785.000 0.119
7790.000 0.119
7795.000 0.113
7800.000 0.112
7805.000 0.102
7810.000 0.094
7815.000 0.099
7820.000 0.093
7825.000 0.083
7830.000 0.082
7835.000 0.078
7840.000 0.072
7845.000 0.069
7850.000 0.059
7855.000 0.054
7860.000 0.051
7865.000 0.041
7870.000 0.043
7875.000 0.041
7880.000 0.034
7885.000 0.026
7890.000 0.019
7895.000 0.020
7900.000 0.010
7905.000 0.005
7910.000 0.008
7915.000 0.014
7920.000 0.019
7925.000 0.023
7930.000 0.031
7935.000 0.039
7940.000 0.043
7945.000 0.060
7950.000 0.058
7955.000 0.075
7960.000 0.086
7965.000 0.096
7970.000 0.108
7975.000 0.123
7980.000 0.139
7985.000 0.155
7990.000 0.178
7995.000 0.190
8000.000 0.210
