2005.000 0.156
2010.000 0.157
2015.000 0.152
2020.000 0.153
2025.000 0.144
2030.000 0.151
2035.000 0.150
2040.000 0.148
2045.000 0.146
2050.000 0.141
2055.000 0.142
2060.000 0.140
2065.000 0.142
2070.000 0.144
2075.000 0.139
2080.000 0.138
2085.000 0.131
2090.000 0.138
2095.000 0.141
2100.000 0.151
2105.000 0.137
2110.000 0.139
2115.000 0.135
2120.000 0.135
2125.000 0.144
2130.000 0.139
2135.000 0.140
2140.000 0.140
2145.000 0.140
2150.000 0.138
2155.000 0.144
2160.000 0.145
2165.000 0.149
2170.000 0.149
2175.000 0.144
2180.000 0.149
2185.000 0.150
2190.000 0.151
2195.000 0.154
2200.000 0.154
2205.000 0.160
2210.000 0.164
2215.000 0.166
2220.000 0.168
2225.000 0.180
2230.000 0.187
2235.000 0.192
2240.000 0.188
2245.000 0.203
2250.000 0.227
2255.000 0.213
2260.000 0.241
2265.000 0.243
2270.000 0.251
2275.000 0.263
2280.000 0.280
2285.000 0.296
2290.000 0.325
2295.000 0.261
2300.000 0.113
2305.000 1.058
2310.000 3.333
2315.000 3.615
2320.000 1.548
2325.000 0.917
2330.000 0.530
2335.000 0.410
2340.000 0.372
2345.000 0.311
2350.000 0.220
2355.000 0.203
2360.000 0.206
2365.000 0.169
2370.000 0.434
2375.000 0.125
2380.000 0.127
2385.000 0.117
2390.000 0.197
2395.000 0.198
2400.000 0.100
2405.000 0.083
2410.000 0.076
2415.000 0.062
2420.000 0.060
2425.000 0.061
2430.000 0.064
2435.000 0.060
2440.000 0.139
2445.000 0.057
2450.000 0.038
2455.000 0.035
2460.000 0.037
2465.000 0.036
2470.000 0.033
2475.000 0.034
2480.000 0.033
2485.000 0.028
2490.000 0.023
2495.000 0.023
2500.000 0.022
2505.000 0.027
2510.000 0.023
2515.000 0.075
2520.000 0.030
2525.000 0.022
2530.000 0.018
2535.000 0.023
2540.000 0.017
2545.000 0.016
2550.000 0.013
2555.000 0.016
2560.000 0.013
2565.000 0.015
2570.000 0.014
2575.000 0.009
2580.000 0.012
2585.000 0.013
2590.000 0.008
2595.000 0.009
2600.000 0.009
2605.000 0.012
2610.000 0.009
2615.000 0.008
2620.000 0.012
2625.000 0.008
2630.000 0.011
2635.000 0.010
2640.000 0.007
2645.000 0.009
2650.000 0.006
2655.000 0.009
2660.000 0.010
2665.000 0.010
2670.000 0.009
2675.000 0.007
2680.000 0.009
2685.000 0.009
2690.000 0.008
2695.000 0.013
2700.000 0.014
2705.000 0.013
2710.000 0.016
2715.000 0.017
2720.000 0.016
2725.000 0.016
2730.000 0.020
2735.000 0.020
2740.000 0.019
2745.000 0.018
2750.000 0.021
2755.000 0.023
2760.000 0.024
2765.000 0.028
2770.000 0.025
2775.000 0.028
2780.000 0.027
2785.000 0.027
2790.000 0.031
2795.000 0.030
2800.000 0.034
2805.000 0.033
2810.000 0.039
2815.000 0.044
2820.000 0.039
2825.000 0.041
2830.000 0.043
2835.000 0.044
2840.000 0.048
2845.000 0.044
2850.000 0.052
2855.000 0.050
2860.000 0.054
2865.000 0.056
2870.000 0.053
2875.000 0.059
2880.000 0.059
2885.000 0.058
2890.000 0.064
2895.000 0.063
2900.000 0.067
2905.000 0.073
2910.000 0.070
2915.000 0.073
2920.000 0.074
2925.000 0.071
2930.000 0.079
2935.000 0.077
2940.000 0.075
2945.000 0.080
2950.000 0.078
2955.000 0.083
2960.000 0.082
2965.000 0.090
2970.000 0.084
2975.000 0.092
2980.000 0.094
2985.000 0.092
2990.000 0.095
2995.000 0.089
3000.000 0.093
3005.000 0.097
3010.000 0.097
3015.000 0.097
3020.000 0.103
3025.000 0.099
3030.000 0.105
3035.000 0.104
3040.000 0.102
3045.000 0.107
3050.000 0.106
3055.000 0.109
3060.000 0.103
3065.000 0.112
3070.000 0.108
3075.000 0.109
3080.000 0.109
3085.000 0.111
3090.000 0.118
3095.000 0.111
3100.000 0.118
3105.000 0.112
3110.000 0.115
3115.000 0.117
3120.000 0.117
3125.000 0.113
3130.000 0.119
3135.000 0.116
3140.000 0.122
3145.000 0.119
3150.000 0.121
3155.000 0.119
3160.000 0.126
3165.000 0.124
3170.000 0.129
3175.000 0.128
3180.000 0.125
3185.000 0.129
3190.000 0.132
3195.000 0.132
3200.000 0.127
3205.000 0.130
3210.000 0.135
3215.000 0.138
3220.000 0.131
3225.000 0.138
3230.000 0.137
3235.000 0.140
3240.000 0.145
3245.000 0.132
3250.000 0.144
3255.000 0.141
3260.000 0.147
3265.000 0.155
3270.000 0.152
3275.000 0.151
3280.000 0.150
3285.000 0.147
3290.000 0.158
3295.000 0.161
3300.000 0.159
3305.000 0.164
3310.000 0.158
3315.000 0.163
3320.000 0.168
3325.000 0.172
3330.000 0.170
3335.000 0.172
3340.000 0.175
3345.000 0.177
3350.000 0.179
3355.000 0.188
3360.000 0.185
3365.000 0.188
3370.000 0.191
3375.000 0.196
3380.000 0.190
3385.000 0.198
3390.000 0.207
3395.000 0.207
3400.000 0.207
3405.000 0.210
3410.000 0.218
3415.000 0.219
3420.000 0.225
3425.000 0.232
3430.000 0.233
3435.000 0.241
3440.000 0.242
3445.000 0.248
3450.000 0.249
3455.000 0.252
3460.000 0.263
3465.000 0.270
3470.000 0.274
3475.000 0.277
3480.000 0.291
3485.000 0.294
3490.000 0.297
3495.000 0.302
3500.000 0.319
3505.000 0.322
3510.000 0.335
3515.000 0.341
3520.000 0.350
3525.000 0.356
3530.000 0.370
3535.000 0.384
3540.000 0.393
3545.000 0.409
3550.000 0.421
3555.000 0.427
3560.000 0.443
3565.000 0.464
3570.000 0.481
3575.000 0.501
3580.000 0.522
3585.000 0.547
3590.000 0.567
3595.000 0.604
3600.000 0.635
3605.000 0.672
3610.000 0.689
3615.000 0.730
3620.000 0.772
3625.000 0.823
3630.000 0.886
3635.000 0.952
3640.000 1.032
3645.000 1.116
3650.000 1.231
3655.000 1.359
3660.000 1.510
3665.000 1.716
3670.000 1.970
3675.000 2.110
3680.000 2.601
3685.000 3.237
3690.000 4.225
3695.000 5.746
3700.000 7.667
3705.000 9.412
3710.000 8.860
3715.000 5.549
3720.000 3.869
3725.000 2.986
3730.000 2.431
3735.000 2.225
3740.000 1.903
3745.000 1.672
3750.000 1.494
3755.000 1.347
3760.000 1.205
3765.000 1.110
3770.000 1.024
3775.000 0.952
3780.000 0.885
3785.000 0.827
3790.000 0.782
3795.000 0.742
3800.000 0.729
3805.000 0.687
3810.000 0.650
3815.000 0.622
3820.000 0.595
3825.000 0.572
3830.000 0.548
3835.000 0.527
3840.000 0.514
3845.000 0.489
3850.000 0.473
3855.000 0.472
3860.000 0.451
3865.000 0.437
3870.000 0.428
3875.000 0.414
3880.000 0.404
3885.000 0.397
3890.000 0.385
3895.000 0.371
3900.000 0.368
3905.000 0.355
3910.000 0.352
3915.000 0.342
3920.000 0.334
3925.000 0.331
3930.000 0.326
3935.000 0.317
3940.000 0.312
3945.000 0.310
3950.000 0.301
3955.000 0.298
3960.000 0.290
3965.000 0.286
3970.000 0.282
3975.000 0.275
3980.000 0.275
3985.000 0.274
3990.000 0.272
3995.000 0.263
4000.000 0.262
4005.000 0.257
4010.000 0.253
4015.000 0.249
4020.000 0.248
4025.000 0.245
4030.000 0.237
4035.000 0.238
4040.000 0.236
4045.000 0.232
4050.000 0.232
4055.000 0.228
4060.000 0.229
4065.000 0.224
4070.000 0.221
4075.000 0.224
4080.000 0.217
4085.000 0.221
4090.000 0.216
4095.000 0.219
4100.000 0.215
4105.000 0.214
4110.000 0.206
4115.000 0.207
4120.000 0.208
4125.000 0.194
4130.000 0.202
4135.000 0.201
4140.000 0.197
4145.000 0.190
4150.000 0.194
4155.000 0.189
4160.000 0.195
4165.000 0.186
4170.000 0.181
4175.000 0.180
4180.000 0.182
4185.000 0.177
4190.000 0.177
4195.000 0.178
4200.000 0.171
4205.000 0.169
4210.000 0.169
4215.000 0.163
4220.000 0.169
4225.000 0.162
4230.000 0.159
4235.000 0.158
4240.000 0.152
4245.000 0.155
4250.000 0.154
4255.000 0.151
4260.000 0.151
4265.000 0.149
4270.000 0.147
4275.000 0.150
4280.000 0.147
4285.000 0.147
4290.000 0.150
4295.000 0.147
4300.000 0.149
4305.000 0.146
4310.000 0.148
4315.000 0.153
4320.000 0.152
4325.000 0.151
4330.000 0.152
4335.000 0.153
4340.000 0.157
4345.000 0.150
4350.000 0.154
4355.000 0.154
4360.000 0.152
4365.000 0.153
4370.000 0.152
4375.000 0.153
4380.000 0.157
4385.000 0.150
4390.000 0.153
4395.000 0.156
4400.000 0.153
4405.000 0.152
4410.000 0.161
4415.000 0.152
4420.000 0.162
4425.000 0.154
4430.000 0.157
4435.000 0.159
4440.000 0.153
4445.000 0.159
4450.000 0.158
4455.000 0.162
4460.000 0.156
4465.000 0.151
4470.000 0.158
4475.000 0.158
4480.000 0.162
4485.000 0.162
4490.000 0.165
4495.000 0.160
4500.000 0.159
4505.000 0.164
4510.000 0.170
4515.000 0.163
4520.000 0.166
4525.000 0.161
4530.000 0.166
4535.000 0.162
4540.000 0.169
4545.000 0.165
4550.000 0.166
4555.000 0.169
4560.000 0.168
4565.000 0.165
4570.000 0.166
4575.000 0.170
4580.000 0.173
4585.000 0.166
4590.000 0.173
4595.000 0.172
4600.000 0.175
4605.000 0.173
4610.000 0.181
4615.000 0.179
4620.000 0.173
4625.000 0.183
4630.000 0.183
4635.000 0.179
4640.000 0.182
4645.000 0.185
4650.000 0.182
4655.000 0.185
4660.000 0.195
4665.000 0.191
4670.000 0.197
4675.000 0.192
4680.000 0.198
4685.000 0.194
4690.000 0.199
4695.000 0.206
4700.000 0.205
4705.000 0.208
4710.000 0.213
4715.000 0.213
4720.000 0.214
4725.000 0.219
4730.000 0.221
4735.000 0.223
4740.000 0.229
4745.000 0.233
4750.000 0.235
4755.000 0.241
4760.000 0.244
4765.000 0.251
4770.000 0.248
4775.000 0.258
4780.000 0.260
4785.000 0.267
4790.000 0.272
4795.000 0.278
4800.000 0.283
4805.000 0.292
4810.000 0.302
4815.000 0.302
4820.000 0.311
4825.000 0.323
4830.000 0.329
4835.000 0.337
4840.000 0.344
4845.000 0.358
4850.000 0.369
4855.000 0.384
4860.000 0.399
4865.000 0.416
4870.000 0.431
4875.000 0.457
4880.000 0.470
4885.000 0.492
4890.000 0.504
4895.000 0.527
4900.000 0.562
4905.000 0.593
4910.000 0.639
4915.000 0.673
4920.000 0.724
4925.000 0.785
4930.000 0.855
4935.000 0.932
4940.000 1.045
4945.000 1.177
4950.000 1.265
4955.000 1.469
4960.000 1.783
4965.000 2.268
4970.000 3.124
4975.000 4.261
4980.000 2.977
4985.000 3.877
4990.000 3.963
4995.000 5.949
5000.000 4.758
5005.000 2.948
5010.000 2.161
5015.000 1.927
5020.000 1.637
5025.000 1.397
5030.000 1.218
5035.000 1.083
5040.000 0.973
5045.000 0.880
5050.000 0.804
5055.000 0.763
5060.000 0.695
5065.000 0.646
5070.000 0.612
5075.000 0.593
5080.000 0.560
5085.000 0.529
5090.000 0.505
5095.000 0.479
5100.000 0.457
5105.000 0.438
5110.000 0.425
5115.000 0.410
5120.000 0.392
5125.000 0.382
5130.000 0.380
5135.000 0.361
5140.000 0.349
5145.000 0.347
5150.000 0.333
5155.000 0.327
5160.000 0.323
5165.000 0.305
5170.000 0.295
5175.000 0.291
5180.000 0.286
5185.000 0.284
5190.000 0.274
5195.000 0.270
5200.000 0.268
5205.000 0.264
5210.000 0.256
5215.000 0.252
5220.000 0.250
5225.000 0.253
5230.000 0.240
5235.000 0.235
5240.000 0.233
5245.000 0.227
5250.000 0.228
5255.000 0.223
5260.000 0.222
5265.000 0.219
5270.000 0.209
5275.000 0.212
5280.000 0.210
5285.000 0.201
5290.000 0.192
5295.000 0.198
5300.000 0.191
5305.000 0.192
5310.000 0.186
5315.000 0.187
5320.000 0.182
5325.000 0.173
5330.000 0.176
5335.000 0.176
5340.000 0.171
5345.000 0.167
5350.000 0.166
5355.000 0.163
5360.000 0.155
5365.000 0.157
5370.000 0.153
5375.000 0.152
5380.000 0.145
5385.000 0.149
5390.000 0.141
5395.000 0.144
5400.000 0.142
5405.000 0.136
5410.000 0.132
5415.000 0.131
5420.000 0.129
5425.000 0.124
5430.000 0.124
5435.000 0.123
5440.000 0.121
5445.000 0.117
5450.000 0.114
5455.000 0.116
5460.000 0.113
5465.000 0.103
5470.000 0.102
5475.000 0.099
5480.000 0.097
5485.000 0.096
5490.000 0.094
5495.000 0.093
5500.000 0.090
5505.000 0.093
5510.000 0.090
5515.000 0.081
5520.000 0.079
5525.000 0.078
5530.000 0.075
5535.000 0.074
5540.000 0.070
5545.000 0.073
5550.000 0.069
5555.000 0.068
5560.000 0.063
5565.000 0.063
5570.000 0.064
5575.000 0.053
5580.000 0.061
5585.000 0.054
5590.000 0.049
5595.000 0.046
5600.000 0.049
5605.000 0.043
5610.000 0.043
5615.000 0.043
5620.000 0.040
5625.000 0.040
5630.000 0.035
5635.000 0.038
5640.000 0.035
5645.000 0.031
5650.000 0.029
5655.000 0.026
5660.000 0.025
5665.000 0.021
5670.000 0.016
5675.000 0.021
5680.000 0.017
5685.000 0.017
5690.000 0.015
5695.000 0.017
5700.000 0.014
5705.000 0.009
5710.000 0.010
5715.000 0.009
5720.000 0.007
5725.000 0.006
5730.000 0.002
5735.000 0.009
5740.000 0.006
5745.000 0.010
5750.000 0.016
5755.000 0.011
5760.000 0.016
5765.000 0.015
5770.000 0.014
5775.000 0.016
5780.000 0.024
5785.000 0.019
5790.000 0.022
5795.000 0.026
5800.000 0.033
5805.000 0.034
5810.000 0.033
5815.000 0.032
5820.000 0.040
5825.000 0.035
5830.000 0.034
5835.000 0.045
5840.000 0.047
5845.000 0.047
5850.000 0.053
5855.000 0.056
5860.000 0.059
5865.000 0.057
5870.000 0.059
5875.000 0.061
5880.000 0.067
5885.000 0.066
5890.000 0.076
5895.000 0.076
5900.000 0.082
5905.000 0.081
5910.000 0.080
5915.000 0.086
5920.000 0.090
5925.000 0.094
5930.000 0.092
5935.000 0.096
5940.000 0.100
5945.000 0.104
5950.000 0.112
5955.000 0.113
5960.000 0.120
5965.000 0.125
5970.000 0.130
5975.000 0.136
5980.000 0.142
5985.000 0.146
5990.000 0.150
5995.000 0.163
6000.000 0.162
6005.000 0.169
6010.000 0.180
6015.000 0.188
6020.000 0.190
6025.000 0.194
6030.000 0.210
6035.000 0.219
6040.000 0.229
6045.000 0.239
6050.000 0.245
6055.000 0.257
6060.000 0.273
6065.000 0.283
6070.000 0.297
6075.000 0.313
6080.000 0.329
6085.000 0.341
6090.000 0.363
6095.000 0.379
6100.000 0.401
6105.000 0.411
6110.000 0.434
6115.000 0.463
6120.000 0.492
6125.000 0.518
6130.000 0.553
6135.000 0.588
6140.000 0.635
6145.000 0.677
6150.000 0.730
6155.000 0.786
6160.000 0.855
6165.000 0.935
6170.000 0.963
6175.000 1.065
6180.000 1.175
6185.000 1.303
6190.000 1.465
6195.000 1.650
6200.000 1.899
6205.000 2.209
6210.000 2.623
6215.000 3.179
6220.000 3.943
6225.000 4.989
6230.000 5.609
6235.000 7.021
6240.000 7.975
6245.000 7.845
6250.000 6.817
6255.000 5.216
6260.000 4.137
6265.000 3.453
6270.000 2.955
6275.000 2.573
6280.000 2.208
6285.000 1.899
6290.000 1.648
6295.000 1.537
6300.000 1.345
6305.000 1.193
6310.000 1.061
6315.000 0.962
6320.000 0.882
6325.000 0.824
6330.000 0.774
6335.000 0.735
6340.000 0.705
6345.000 0.672
6350.000 0.664
6355.000 0.644
6360.000 0.625
6365.000 0.601
6370.000 0.592
6375.000 0.571
6380.000 0.544
6385.000 0.547
6390.000 0.537
6395.000 0.523
6400.000 0.514
6405.000 0.507
6410.000 0.503
6415.000 0.492
6420.000 0.484
6425.000 0.483
6430.000 0.447
6435.000 0.471
6440.000 0.467
6445.000 0.454
6450.000 0.458
6455.000 0.449
6460.000 0.450
6465.000 0.445
6470.000 0.444
6475.000 0.436
6480.000 0.442
6485.000 0.442
6490.000 0.439
6495.000 0.440
6500.000 0.446
6505.000 0.449
6510.000 0.446
6515.000 0.460
6520.000 0.468
6525.000 0.474
6530.000 0.482
6535.000 0.489
6540.000 0.512
6545.000 0.537
6550.000 0.558
6555.000 0.611
6560.000 0.685
6565.000 0.833
6570.000 1.217
6575.000 2.009
6580.000 2.505
6585.000 1.688
6590.000 1.700
6595.000 0.612
6600.000 0.140
6605.000 0.103
6610.000 0.064
6615.000 0.055
6620.000 0.095
6625.000 0.111
6630.000 0.124
6635.000 0.139
6640.000 0.148
6645.000 0.157
6650.000 0.166
6655.000 0.169
6660.000 0.176
6665.000 0.181
6670.000 0.187
6675.000 0.195
6680.000 0.195
6685.000 0.192
6690.000 0.192
6695.000 0.196
6700.000 0.202
6705.000 0.203
6710.000 0.203
6715.000 0.208
6720.000 0.211
6725.000 0.204
6730.000 0.213
6735.000 0.211
6740.000 0.210
6745.000 0.214
6750.000 0.213
6755.000 0.213
6760.000 0.219
6765.000 0.220
6770.000 0.215
6775.000 0.219
6780.000 0.219
6785.000 0.218
6790.000 0.221
6795.000 0.217
6800.000 0.219
6805.000 0.225
6810.000 0.220
6815.000 0.220
6820.000 0.226
6825.000 0.225
6830.000 0.226
6835.000 0.225
6840.000 0.225
6845.000 0.224
6850.000 0.229
6855.000 0.234
6860.000 0.232
6865.000 0.229
6870.000 0.232
6875.000 0.230
6880.000 0.234
6885.000 0.238
6890.000 0.234
6895.000 0.231
6900.000 0.239
6905.000 0.235
6910.000 0.243
6915.000 0.241
6920.000 0.243
6925.000 0.245
6930.000 0.247
6935.000 0.246
6940.000 0.253
6945.000 0.248
6950.000 0.251
6955.000 0.250
6960.000 0.254
6965.000 0.257
6970.000 0.259
6975.000 0.257
6980.000 0.257
6985.000 0.261
6990.000 0.263
6995.000 0.265
7000.000 0.267
7005.000 0.266
7010.000 0.275
7015.000 0.273
7020.000 0.277
7025.000 0.273
7030.000 0.278
7035.000 0.278
7040.000 0.280
7045.000 0.288
7050.000 0.288
7055.000 0.290
7060.000 0.290
7065.000 0.298
7070.000 0.293
7075.000 0.303
7080.000 0.307
7085.000 0.308
7090.000 0.309
7095.000 0.314
7100.000 0.316
7105.000 0.313
7110.000 0.329
7115.000 0.323
7120.000 0.334
7125.000 0.336
7130.000 0.340
7135.000 0.344
7140.000 0.345
7145.000 0.347
7150.000 0.356
7155.000 0.356
7160.000 0.367
7165.000 0.371
7170.000 0.380
7175.000 0.379
7180.000 0.384
7185.000 0.391
7190.000 0.398
7195.000 0.410
7200.000 0.414
7205.000 0.409
7210.000 0.421
7215.000 0.433
7220.000 0.441
7225.000 0.448
7230.000 0.456
7235.000 0.467
7240.000 0.477
7245.000 0.486
7250.000 0.495
7255.000 0.507
7260.000 0.517
7265.000 0.525
7270.000 0.539
7275.000 0.555
7280.000 0.565
7285.000 0.583
7290.000 0.603
7295.000 0.618
7300.000 0.641
7305.000 0.657
7310.000 0.677
7315.000 0.703
7320.000 0.718
7325.000 0.748
7330.000 0.769
7335.000 0.803
7340.000 0.840
7345.000 0.874
7350.000 0.913
7355.000 0.956
7360.000 1.000
7365.000 1.050
7370.000 1.117
7375.000 1.183
7380.000 1.263
7385.000 1.315
7390.000 1.416
7395.000 1.527
7400.000 1.661
7405.000 1.819
7410.000 2.019
7415.000 2.256
7420.000 2.559
7425.000 2.946
7430.000 3.456
7435.000 4.170
7440.000 5.054
7445.000 5.613
7450.000 6.807
7455.000 7.699
7460.000 7.706
7465.000 6.308
7470.000 4.645
7475.000 3.310
7480.000 2.508
7485.000 2.276
7490.000 2.001
7495.000 1.817
7500.000 1.659
7505.000 1.510
7510.000 1.442
7515.000 1.328
7520.000 1.237
7525.000 1.144
7530.000 1.072
7535.000 0.992
7540.000 0.936
7545.000 0.878
7550.000 0.834
7555.000 0.784
7560.000 0.740
7565.000 0.730
7570.000 0.688
7575.000 0.659
7580.000 0.631
7585.000 0.604
7590.000 0.579
7595.000 0.558
7600.000 0.529
7605.000 0.510
7610.000 0.491
7615.000 0.472
7620.000 0.459
7625.000 0.447
7630.000 0.435
7635.000 0.418
7640.000 0.407
7645.000 0.392
7650.000 0.376
7655.000 0.369
7660.000 0.355
7665.000 0.342
7670.000 0.333
7675.000 0.321
7680.000 0.311
7685.000 0.309
7690.000 0.291
7695.000 0.291
7700.000 0.283
7705.000 0.273
7710.000 0.268
7715.000 0.258
7720.000 0.252
7725.000 0.245
7730.000 0.240
7735.000 0.235
7740.000 0.223
7745.000 0.219
7750.000 0.221
7755.000 0.209
7760.000 0.208
7765.000 0.198
7770.000 0.194
7775.000 0.188
7780.000 0.181
7785.000 0.179
7790.000 0.170
7795.000 0.171
7800.000 0.162
7805.000 0.162
7810.000 0.153
7815.000 0.147
7820.000 0.142
7825.000 0.135
7830.000 0.138
7835.000 0.125
7840.000 0.123
7845.000 0.114
7850.000 0.112
7855.000 0.105
7860.000 0.098
7865.000 0.095
7870.000 0.098
7875.000 0.087
7880.000 0.087
7885.000 0.076
7890.000 0.074
7895.000 0.065
7900.000 0.056
7905.000 0.055
7910.000 0.050
7915.000 0.045
7920.000 0.033
7925.000 0.029
7930.000 0.020
7935.000 0.019
7940.000 0.009
7945.000 0.007
7950.000 0.013
7955.000 0.026
7960.000 0.034
7965.000 0.045
7970.000 0.062
7975.000 0.071
7980.000 0.092
7985.000 0.109
7990.000 0.128
7995.000 0.142
8000.000 0.166
