2005.000 0.167
2010.000 0.165
2015.000 0.174
2020.000 0.167
2025.000 0.160
2030.000 0.164
2035.000 0.160
2040.000 0.155
2045.000 0.160
2050.000 0.155
2055.000 0.160
2060.000 0.161
2065.000 0.160
2070.000 0.159
2075.000 0.154
2080.000 0.155
2085.000 0.151
2090.000 0.150
2095.000 0.147
2100.000 0.146
2105.000 0.158
2110.000 0.149
2115.000 0.163
2120.000 0.152
2125.000 0.155
2130.000 0.157
2135.000 0.154
2140.000 0.160
2145.000 0.158
2150.000 0.162
2155.000 0.161
2160.000 0.172
2165.000 0.171
2170.000 0.166
2175.000 0.179
2180.000 0.181
2185.000 0.179
2190.000 0.180
2195.000 0.186
2200.000 0.184
2205.000 0.186
2210.000 0.192
2215.000 0.195
2220.000 0.215
2225.000 0.205
2230.000 0.216
2235.000 0.232
2240.000 0.214
2245.000 0.220
2250.000 0.253
2255.000 0.285
2260.000 0.278
2265.000 0.315
2270.000 0.273
2275.000 0.365
2280.000 0.462
2285.000 0.317
2290.000 0.361
2295.000 0.257
2300.000 0.438
2305.000 1.668
2310.000 2.934
2315.000 4.974
2320.000 2.056
2325.000 1.108
2330.000 0.784
2335.000 0.495
2340.000 0.443
2345.000 0.369
2350.000 0.283
2355.000 0.274
2360.000 0.254
2365.000 0.180
2370.000 0.234
2375.000 0.239
2380.000 0.184
2385.000 0.121
2390.000 0.131
2395.000 0.125
2400.000 0.115
2405.000 0.121
2410.000 0.226
2415.000 0.104
2420.000 0.079
2425.000 0.081
2430.000 0.092
2435.000 0.068
2440.000 0.072
2445.000 0.065
2450.000 0.054
2455.000 0.050
2460.000 0.072
2465.000 0.062
2470.000 0.044
2475.000 0.062
2480.000 0.042
2485.000 0.033
2490.000 0.032
2495.000 0.032
2500.000 0.040
2505.000 0.031
2510.000 0.033
2515.000 0.028
2520.000 0.027
2525.000 0.032
2530.000 0.024
2535.000 0.026
2540.000 0.024
2545.000 0.026
2550.000 0.022
2555.000 0.017
2560.000 0.021
2565.000 0.019
2570.000 0.022
2575.000 0.021
2580.000 0.019
2585.000 0.019
2590.000 0.026
2595.000 0.020
2600.000 0.019
2605.000 0.014
2610.000 0.018
2615.000 0.020
2620.000 0.015
2625.000 0.018
2630.000 0.015
2635.000 0.010
2640.000 0.017
2645.000 0.017
2650.000 0.010
2655.000 0.012
2660.000 0.008
2665.000 0.008
2670.000 0.011
2675.000 0.011
2680.000 0.010
2685.000 0.011
2690.000 0.008
2695.000 0.012
2700.000 0.011
2705.000 0.008
2710.000 0.007
2715.000 0.008
2720.000 0.005
2725.000 0.009
2730.000 0.009
2735.000 0.004
2740.000 0.006
2745.000 0.007
2750.000 0.012
2755.000 0.006
2760.000 0.010
2765.000 0.012
2770.000 0.012
2775.000 0.010
2780.000 0.015
2785.000 0.013
2790.000 0.016
2795.000 0.017
2800.000 0.022
2805.000 0.019
2810.000 0.021
2815.000 0.017
2820.000 0.020
2825.000 0.018
2830.000 0.022
2835.000 0.027
2840.000 0.031
2845.000 0.024
2850.000 0.030
2855.000 0.033
2860.000 0.031
2865.000 0.033
2870.000 0.034
2875.000 0.039
2880.000 0.035
2885.000 0.041
2890.000 0.038
2895.000 0.042
2900.000 0.048
2905.000 0.049
2910.000 0.046
2915.000 0.054
2920.000 0.051
2925.000 0.050
2930.000 0.054
2935.000 0.053
2940.000 0.056
2945.000 0.055
2950.000 0.058
2955.000 0.056
2960.000 0.059
2965.000 0.063
2970.000 0.068
2975.000 0.063
2980.000 0.066
2985.000 0.070
2990.000 0.073
2995.000 0.071
3000.000 0.070
3005.000 0.073
3010.000 0.074
3015.000 0.076
3020.000 0.074
3025.000 0.083
3030.000 0.082
3035.000 0.086
3040.000 0.084
3045.000 0.079
3050.000 0.088
3055.000 0.086
3060.000 0.082
3065.000 0.085
3070.000 0.095
3075.000 0.092
3080.000 0.092
3085.000 0.089
3090.000 0.095
3095.000 0.100
3100.000 0.098
3105.000 0.096
3110.000 0.095
3115.000 0.097
3120.000 0.100
3125.000 0.095
3130.000 0.102
3135.000 0.106
3140.000 0.100
3145.000 0.106
3150.000 0.103
3155.000 0.105
3160.000 0.113
3165.000 0.107
3170.000 0.113
3175.000 0.106
3180.000 0.112
3185.000 0.111
3190.000 0.113
3195.000 0.111
3200.000 0.117
3205.000 0.114
3210.000 0.112
3215.000 0.122
3220.000 0.126
3225.000 0.118
3230.000 0.128
3235.000 0.125
3240.000 0.122
3245.000 0.129
3250.000 0.127
3255.000 0.133
3260.000 0.127
3265.000 0.134
3270.000 0.141
3275.000 0.138
3280.000 0.139
3285.000 0.134
3290.000 0.141
3295.000 0.139
3300.000 0.145
3305.000 0.145
3310.000 0.152
3315.000 0.153
3320.000 0.155
3325.000 0.152
3330.000 0.157
3335.000 0.159
3340.000 0.160
3345.000 0.166
3350.000 0.160
3355.000 0.164
3360.000 0.168
3365.000 0.171
3370.000 0.181
3375.000 0.181
3380.000 0.182
3385.000 0.180
3390.000 0.189
3395.000 0.192
3400.000 0.192
3405.000 0.196
3410.000 0.195
3415.000 0.201
3420.000 0.207
3425.000 0.214
3430.000 0.211
3435.000 0.222
3440.000 0.221
3445.000 0.232
3450.000 0.228
3455.000 0.236
3460.000 0.239
3465.000 0.247
3470.000 0.253
3475.000 0.253
3480.000 0.262
3485.000 0.269
3490.000 0.275
3495.000 0.278
3500.000 0.286
3505.000 0.297
3510.000 0.309
3515.000 0.316
3520.000 0.325
3525.000 0.337
3530.000 0.339
3535.000 0.347
3540.000 0.363
3545.000 0.367
3550.000 0.391
3555.000 0.405
3560.000 0.411
3565.000 0.426
3570.000 0.448
3575.000 0.468
3580.000 0.487
3585.000 0.513
3590.000 0.519
3595.000 0.541
3600.000 0.577
3605.000 0.608
3610.000 0.635
3615.000 0.673
3620.000 0.718
3625.000 0.766
3630.000 0.820
3635.000 0.885
3640.000 0.960
3645.000 1.043
3650.000 1.083
3655.000 1.193
3660.000 1.332
3665.000 1.495
3670.000 1.707
3675.000 1.970
3680.000 2.340
3685.000 2.869
3690.000 3.644
3695.000 5.085
3700.000 8.040
3705.000 10.805
3710.000 8.119
3715.000 6.614
3720.000 4.126
3725.000 3.120
3730.000 2.502
3735.000 2.086
3740.000 1.798
3745.000 1.572
3750.000 1.395
3755.000 1.266
3760.000 1.148
3765.000 1.053
3770.000 0.977
3775.000 0.938
3780.000 0.883
3785.000 0.822
3790.000 0.776
3795.000 0.737
3800.000 0.690
3805.000 0.656
3810.000 0.628
3815.000 0.603
3820.000 0.574
3825.000 0.553
3830.000 0.542
3835.000 0.518
3840.000 0.503
3845.000 0.482
3850.000 0.472
3855.000 0.458
3860.000 0.435
3865.000 0.426
3870.000 0.415
3875.000 0.403
3880.000 0.393
3885.000 0.389
3890.000 0.376
3895.000 0.367
3900.000 0.366
3905.000 0.352
3910.000 0.340
3915.000 0.337
3920.000 0.329
3925.000 0.324
3930.000 0.314
3935.000 0.318
3940.000 0.307
3945.000 0.298
3950.000 0.299
3955.000 0.295
3960.000 0.288
3965.000 0.281
3970.000 0.274
3975.000 0.277
3980.000 0.270
3985.000 0.266
3990.000 0.261
3995.000 0.258
4000.000 0.254
4005.000 0.253
4010.000 0.248
4015.000 0.248
4020.000 0.246
4025.000 0.241
4030.000 0.242
4035.000 0.237
4040.000 0.236
4045.000 0.226
4050.000 0.233
4055.000 0.228
4060.000 0.219
4065.000 0.222
4070.000 0.217
4075.000 0.219
4080.000 0.224
4085.000 0.214
4090.000 0.214
4095.000 0.209
4100.000 0.210
4105.000 0.207
4110.000 0.209
4115.000 0.204
4120.000 0.205
4125.000 0.198
4130.000 0.194
4135.000 0.192
4140.000 0.194
4145.000 0.196
4150.000 0.193
4155.000 0.188
4160.000 0.186
4165.000 0.187
4170.000 0.183
4175.000 0.180
4180.000 0.180
4185.000 0.176
4190.000 0.175
4195.000 0.174
4200.000 0.171
4205.000 0.170
4210.000 0.168
4215.000 0.167
4220.000 0.165
4225.000 0.165
4230.000 0.155
4235.000 0.159
4240.000 0.157
4245.000 0.157
4250.000 0.155
4255.000 0.150
4260.000 0.151
4265.000 0.144
4270.000 0.147
4275.000 0.147
4280.000 0.147
4285.000 0.150
4290.000 0.146
4295.000 0.148
4300.000 0.153
4305.000 0.150
4310.000 0.153
4315.000 0.155
4320.000 0.148
4325.000 0.154
4330.000 0.154
4335.000 0.153
4340.000 0.156
4345.000 0.154
4350.000 0.155
4355.000 0.152
4360.000 0.153
4365.000 0.157
4370.000 0.163
4375.000 0.157
4380.000 0.162
4385.000 0.158
4390.000 0.158
4395.000 0.156
4400.000 0.160
4405.000 0.159
4410.000 0.158
4415.000 0.160
4420.000 0.156
4425.000 0.163
4430.000 0.160
4435.000 0.157
4440.000 0.165
4445.000 0.164
4450.000 0.157
4455.000 0.159
4460.000 0.168
4465.000 0.163
4470.000 0.167
4475.000 0.170
4480.000 0.164
4485.000 0.169
4490.000 0.168
4495.000 0.166
4500.000 0.165
4505.000 0.169
4510.000 0.167
4515.000 0.167
4520.000 0.174
4525.000 0.174
4530.000 0.169
4535.000 0.177
4540.000 0.170
4545.000 0.173
4550.000 0.171
4555.000 0.170
4560.000 0.172
4565.000 0.179
4570.000 0.174
4575.000 0.177
4580.000 0.177
4585.000 0.185
4590.000 0.176
4595.000 0.180
4600.000 0.182
4605.000 0.186
4610.000 0.188
4615.000 0.191
4620.000 0.187
4625.000 0.187
4630.000 0.192
4635.000 0.190
4640.000 0.195
4645.000 0.197
4650.000 0.199
4655.000 0.202
4660.000 0.203
4665.000 0.204
4670.000 0.203
4675.000 0.206
4680.000 0.210
4685.000 0.213
4690.000 0.211
4695.000 0.218
4700.000 0.217
4705.000 0.222
4710.000 0.226
4715.000 0.233
4720.000 0.232
4725.000 0.238
4730.000 0.239
4735.000 0.236
4740.000 0.249
4745.000 0.248
4750.000 0.255
4755.000 0.259
4760.000 0.266
4765.000 0.271
4770.000 0.279
4775.000 0.276
4780.000 0.285
4785.000 0.290
4790.000 0.296
4795.000 0.307
4800.000 0.309
4805.000 0.313
4810.000 0.322
4815.000 0.331
4820.000 0.338
4825.000 0.348
4830.000 0.363
4835.000 0.373
4840.000 0.378
4845.000 0.396
4850.000 0.410
4855.000 0.423
4860.000 0.445
4865.000 0.458
4870.000 0.471
4875.000 0.484
4880.000 0.513
4885.000 0.536
4890.000 0.566
4895.000 0.598
4900.000 0.630
4905.000 0.672
4910.000 0.718
4915.000 0.768
4920.000 0.829
4925.000 0.900
4930.000 0.937
4935.000 1.031
4940.000 1.146
4945.000 1.289
4950.000 1.465
4955.000 1.705
4960.000 2.059
4965.000 2.639
4970.000 3.600
4975.000 4.688
4980.000 2.180
4985.000 5.138
4990.000 5.578
4995.000 5.051
5000.000 5.325
5005.000 3.307
5010.000 2.596
5015.000 2.132
5020.000 1.788
5025.000 1.533
5030.000 1.333
5035.000 1.199
5040.000 1.080
5045.000 0.994
5050.000 0.953
5055.000 0.883
5060.000 0.817
5065.000 0.771
5070.000 0.716
5075.000 0.676
5080.000 0.646
5085.000 0.610
5090.000 0.587
5095.000 0.559
5100.000 0.531
5105.000 0.516
5110.000 0.504
5115.000 0.490
5120.000 0.472
5125.000 0.453
5130.000 0.450
5135.000 0.427
5140.000 0.421
5145.000 0.405
5150.000 0.395
5155.000 0.387
5160.000 0.377
5165.000 0.369
5170.000 0.359
5175.000 0.361
5180.000 0.358
5185.000 0.342
5190.000 0.337
5195.000 0.336
5200.000 0.325
5205.000 0.327
5210.000 0.317
5215.000 0.312
5220.000 0.303
5225.000 0.302
5230.000 0.299
5235.000 0.295
5240.000 0.285
5245.000 0.290
5250.000 0.285
5255.000 0.276
5260.000 0.270
5265.000 0.267
5270.000 0.266
5275.000 0.262
5280.000 0.263
5285.000 0.249
5290.000 0.250
5295.000 0.256
5300.000 0.249
5305.000 0.246
5310.000 0.244
5315.000 0.236
5320.000 0.235
5325.000 0.235
5330.000 0.226
5335.000 0.228
5340.000 0.230
5345.000 0.223
5350.000 0.220
5355.000 0.214
5360.000 0.215
5365.000 0.211
5370.000 0.211
5375.000 0.209
5380.000 0.201
5385.000 0.203
5390.000 0.206
5395.000 0.194
5400.000 0.192
5405.000 0.189
5410.000 0.186
5415.000 0.188
5420.000 0.182
5425.000 0.182
5430.000 0.173
5435.000 0.178
5440.000 0.170
5445.000 0.168
5450.000 0.171
5455.000 0.165
5460.000 0.162
5465.000 0.158
5470.000 0.155
5475.000 0.158
5480.000 0.149
5485.000 0.144
5490.000 0.148
5495.000 0.145
5500.000 0.145
5505.000 0.139
5510.000 0.140
5515.000 0.135
5520.000 0.137
5525.000 0.128
5530.000 0.129
5535.000 0.125
5540.000 0.124
5545.000 0.121
5550.000 0.121
5555.000 0.116
5560.000 0.116
5565.000 0.113
5570.000 0.113
5575.000 0.110
5580.000 0.106
5585.000 0.107
5590.000 0.105
5595.000 0.098
5600.000 0.098
5605.000 0.094
5610.000 0.098
5615.000 0.095
5620.000 0.098
5625.000 0.085
5630.000 0.084
5635.000 0.087
5640.000 0.082
5645.000 0.082
5650.000 0.083
5655.000 0.078
5660.000 0.076
5665.000 0.079
5670.000 0.071
5675.000 0.072
5680.000 0.068
5685.000 0.068
5690.000 0.068
5695.000 0.063
5700.000 0.066
5705.000 0.063
5710.000 0.058
5715.000 0.057
5720.000 0.052
5725.000 0.058
5730.000 0.050
5735.000 0.054
5740.000 0.050
5745.000 0.044
5750.000 0.048
5755.000 0.045
5760.000 0.040
5765.000 0.043
5770.000 0.036
5775.000 0.037
5780.000 0.038
5785.000 0.030
5790.000 0.027
5795.000 0.034
5800.000 0.032
5805.000 0.024
5810.000 0.028
5815.000 0.026
5820.000 0.023
5825.000 0.022
5830.000 0.024
5835.000 0.020
5840.000 0.018
5845.000 0.015
5850.000 0.017
5855.000 0.013
5860.000 0.015
5865.000 0.007
5870.000 0.008
5875.000 0.012
5880.000 0.012
5885.000 0.008
5890.000 0.012
5895.000 0.015
5900.000 0.006
5905.000 0.017
5910.000 0.016
5915.000 0.030
5920.000 0.022
5925.000 0.023
5930.000 0.029
5935.000 0.037
5940.000 0.031
5945.000 0.040
5950.000 0.044
5955.000 0.044
5960.000 0.044
5965.000 0.071
5970.000 0.052
5975.000 0.061
5980.000 0.061
5985.000 0.072
5990.000 0.073
5995.000 0.075
6000.000 0.089
6005.000 0.094
6010.000 0.099
6015.000 0.102
6020.000 0.107
6025.000 0.125
6030.000 0.113
6035.000 0.133
6040.000 0.131
6045.000 0.152
6050.000 0.148
6055.000 0.168
6060.000 0.171
6065.000 0.184
6070.000 0.210
6075.000 0.214
6080.000 0.220
6085.000 0.236
6090.000 0.249
6095.000 0.261
6100.000 0.282
6105.000 0.297
6110.000 0.318
6115.000 0.344
6120.000 0.368
6125.000 0.394
6130.000 0.424
6135.000 0.446
6140.000 0.481
6145.000 0.509
6150.000 0.543
6155.000 0.598
6160.000 0.652
6165.000 0.709
6170.000 0.787
6175.000 0.872
6180.000 0.963
6185.000 1.080
6190.000 1.231
6195.000 1.399
6200.000 1.613
6205.000 1.901
6210.000 2.073
6215.000 2.509
6220.000 3.042
6225.000 3.767
6230.000 4.839
6235.000 6.018
6240.000 6.646
6245.000 6.276
6250.000 5.841
6255.000 4.816
6260.000 3.933
6265.000 3.565
6270.000 2.978
6275.000 2.528
6280.000 2.178
6285.000 1.867
6290.000 1.561
6295.000 1.333
6300.000 1.152
6305.000 1.005
6310.000 0.879
6315.000 0.791
6320.000 0.714
6325.000 0.687
6330.000 0.643
6335.000 0.602
6340.000 0.584
6345.000 0.561
6350.000 0.528
6355.000 0.512
6360.000 0.503
6365.000 0.484
6370.000 0.477
6375.000 0.465
6380.000 0.455
6385.000 0.454
6390.000 0.452
6395.000 0.435
6400.000 0.435
6405.000 0.429
6410.000 0.425
6415.000 0.422
6420.000 0.417
6425.000 0.410
6430.000 0.409
6435.000 0.403
6440.000 0.403
6445.000 0.400
6450.000 0.392
6455.000 0.393
6460.000 0.394
6465.000 0.396
6470.000 0.392
6475.000 0.395
6480.000 0.393
6485.000 0.393
6490.000 0.402
6495.000 0.401
6500.000 0.407
6505.000 0.408
6510.000 0.413
6515.000 0.417
6520.000 0.418
6525.000 0.437
6530.000 0.443
6535.000 0.464
6540.000 0.487
6545.000 0.516
6550.000 0.560
6555.000 0.618
6560.000 0.701
6565.000 0.865
6570.000 0.984
6575.000 1.574
6580.000 2.836
6585.000 4.227
6590.000 1.402
6595.000 0.549
6600.000 0.113
6605.000 0.204
6610.000 0.090
6615.000 0.022
6620.000 0.042
6625.000 0.055
6630.000 0.078
6635.000 0.086
6640.000 0.099
6645.000 0.111
6650.000 0.118
6655.000 0.133
6660.000 0.130
6665.000 0.137
6670.000 0.144
6675.000 0.146
6680.000 0.150
6685.000 0.160
6690.000 0.155
6695.000 0.162
6700.000 0.163
6705.000 0.172
6710.000 0.169
6715.000 0.173
6720.000 0.173
6725.000 0.179
6730.000 0.174
6735.000 0.178
6740.000 0.184
6745.000 0.184
6750.000 0.185
6755.000 0.183
6760.000 0.189
6765.000 0.186
6770.000 0.187
6775.000 0.189
6780.000 0.194
6785.000 0.195
6790.000 0.195
6795.000 0.198
6800.000 0.192
6805.000 0.199
6810.000 0.196
6815.000 0.199
6820.000 0.204
6825.000 0.201
6830.000 0.204
6835.000 0.202
6840.000 0.207
6845.000 0.206
6850.000 0.206
6855.000 0.211
6860.000 0.208
6865.000 0.210
6870.000 0.214
6875.000 0.212
6880.000 0.214
6885.000 0.218
6890.000 0.218
6895.000 0.220
6900.000 0.220
6905.000 0.223
6910.000 0.221
6915.000 0.228
6920.000 0.228
6925.000 0.224
6930.000 0.222
6935.000 0.232
6940.000 0.239
6945.000 0.236
6950.000 0.240
6955.000 0.241
6960.000 0.238
6965.000 0.238
6970.000 0.242
6975.000 0.246
6980.000 0.252
6985.000 0.246
6990.000 0.256
6995.000 0.258
7000.000 0.257
7005.000 0.259
7010.000 0.258
7015.000 0.265
7020.000 0.264
7025.000 0.266
7030.000 0.267
7035.000 0.273
7040.000 0.276
7045.000 0.276
7050.000 0.286
7055.000 0.279
7060.000 0.285
7065.000 0.281
7070.000 0.293
7075.000 0.293
7080.000 0.302
7085.000 0.296
7090.000 0.304
7095.000 0.306
7100.000 0.314
7105.000 0.318
7110.000 0.321
7115.000 0.324
7120.000 0.325
7125.000 0.333
7130.000 0.335
7135.000 0.339
7140.000 0.346
7145.000 0.354
7150.000 0.354
7155.000 0.362
7160.000 0.365
7165.000 0.371
7170.000 0.376
7175.000 0.383
7180.000 0.387
7185.000 0.391
7190.000 0.398
7195.000 0.408
7200.000 0.412
7205.000 0.421
7210.000 0.430
7215.000 0.442
7220.000 0.448
7225.000 0.459
7230.000 0.466
7235.000 0.477
7240.000 0.485
7245.000 0.495
7250.000 0.501
7255.000 0.514
7260.000 0.529
7265.000 0.542
7270.000 0.555
7275.000 0.571
7280.000 0.591
7285.000 0.605
7290.000 0.624
7295.000 0.644
7300.000 0.655
7305.000 0.674
7310.000 0.702
7315.000 0.724
7320.000 0.751
7325.000 0.780
7330.000 0.813
7335.000 0.845
7340.000 0.880
7345.000 0.926
7350.000 0.960
7355.000 1.006
7360.000 1.029
7365.000 1.095
7370.000 1.154
7375.000 1.231
7380.000 1.303
7385.000 1.411
7390.000 1.522
7395.000 1.647
7400.000 1.799
7405.000 1.978
7410.000 2.204
7415.000 2.466
7420.000 2.811
7425.000 3.040
7430.000 3.570
7435.000 4.264
7440.000 5.188
7445.000 6.283
7450.000 7.396
7455.000 7.746
7460.000 6.613
7465.000 4.885
7470.000 3.655
7475.000 3.001
7480.000 2.816
7485.000 2.675
7490.000 2.489
7495.000 2.221
7500.000 1.987
7505.000 1.801
7510.000 1.633
7515.000 1.502
7520.000 1.386
7525.000 1.280
7530.000 1.195
7535.000 1.120
7540.000 1.056
7545.000 1.016
7550.000 0.965
7555.000 0.908
7560.000 0.867
7565.000 0.825
7570.000 0.782
7575.000 0.749
7580.000 0.716
7585.000 0.686
7590.000 0.664
7595.000 0.629
7600.000 0.608
7605.000 0.598
7610.000 0.578
7615.000 0.560
7620.000 0.538
7625.000 0.518
7630.000 0.505
7635.000 0.490
7640.000 0.474
7645.000 0.460
7650.000 0.444
7655.000 0.436
7660.000 0.415
7665.000 0.408
7670.000 0.406
7675.000 0.391
7680.000 0.380
7685.000 0.369
7690.000 0.362
7695.000 0.353
7700.000 0.344
7705.000 0.337
7710.000 0.327
7715.000 0.316
7720.000 0.309
7725.000 0.306
7730.000 0.304
7735.000 0.296
7740.000 0.288
7745.000 0.282
7750.000 0.275
7755.000 0.267
7760.000 0.258
7765.000 0.255
7770.000 0.243
7775.000 0.243
7780.000 0.233
7785.000 0.234
7790.000 0.234
7795.000 0.219
7800.000 0.219
7805.000 0.213
7810.000 0.209
7815.000 0.202
7820.000 0.202
7825.000 0.195
7830.000 0.184
7835.000 0.182
7840.000 0.180
7845.000 0.171
7850.000 0.174
7855.000 0.170
7860.000 0.159
7865.000 0.155
7870.000 0.149
7875.000 0.145
7880.000 0.140
7885.000 0.136
7890.000 0.125
7895.000 0.123
7900.000 0.116
7905.000 0.112
7910.000 0.112
7915.000 0.101
7920.000 0.096
7925.000 0.091
7930.000 0.083
7935.000 0.073
7940.000 0.070
7945.000 0.061
7950.000 0.051
7955.000 0.044
7960.000 0.031
7965.000 0.019
7970.000 0.009
7975.000 0.008
7980.000 0.017
7985.000 0.032
7990.000 0.049
7995.000 0.071
8000.000 0.091
