2005.000 0.181
2010.000 0.178
2015.000 0.182
2020.000 0.182
2025.000 0.173
2030.000 0.172
2035.000 0.178
2040.000 0.165
2045.000 0.172
2050.000 0.180
2055.000 0.167
2060.000 0.166
2065.000 0.168
2070.000 0.169
2075.000 0.178
2080.000 0.163
2085.000 0.164
2090.000 0.173
2095.000 0.168
2100.000 0.164
2105.000 0.169
2110.000 0.170
2115.000 0.169
2120.000 0.172
2125.000 0.174
2130.000 0.176
2135.000 0.176
2140.000 0.179
2145.000 0.174
2150.000 0.175
2155.000 0.185
2160.000 0.182
2165.000 0.190
2170.000 0.191
2175.000 0.213
2180.000 0.200
2185.000 0.195
2190.000 0.217
2195.000 0.226
2200.000 0.219
2205.000 0.213
2210.000 0.207
2215.000 0.224
2220.000 0.268
2225.000 0.273
2230.000 0.243
2235.000 0.252
2240.000 0.265
2245.000 0.280
2250.000 0.329
2255.000 0.317
2260.000 0.341
2265.000 0.389
2270.000 0.375
2275.000 0.421
2280.000 0.462
2285.000 0.552
2290.000 0.576
2295.000 0.732
2300.000 0.751
2305.000 0.559
2310.000 1.921
2315.000 4.086
2320.000 1.185
2325.000 0.957
2330.000 0.854
2335.000 0.531
2340.000 0.446
2345.000 0.401
2350.000 0.357
2355.000 0.288
2360.000 0.229
2365.000 0.230
2370.000 0.204
2375.000 0.185
2380.000 0.153
2385.000 0.148
2390.000 0.143
2395.000 0.117
2400.000 0.116
2405.000 0.103
2410.000 0.103
2415.000 0.093
2420.000 0.090
2425.000 0.082
2430.000 0.075
2435.000 0.075
2440.000 0.068
2445.000 0.069
2450.000 0.062
2455.000 0.060
2460.000 0.058
2465.000 0.052
2470.000 0.053
2475.000 0.045
2480.000 0.045
2485.000 0.051
2490.000 0.048
2495.000 0.043
2500.000 0.040
2505.000 0.046
2510.000 0.038
2515.000 0.035
2520.000 0.035
2525.000 0.033
2530.000 0.036
2535.000 0.030
2540.000 0.033
2545.000 0.031
2550.000 0.036
2555.000 0.030
2560.000 0.029
2565.000 0.029
2570.000 0.026
2575.000 0.033
2580.000 0.027
2585.000 0.030
2590.000 0.028
2595.000 0.028
2600.000 0.026
2605.000 0.030
2610.000 0.027
2615.000 0.023
2620.000 0.024
2625.000 0.027
2630.000 0.024
2635.000 0.020
2640.000 0.020
2645.000 0.024
2650.000 0.019
2655.000 0.016
2660.000 0.018
2665.000 0.020
2670.000 0.021
2675.000 0.020
2680.000 0.017
2685.000 0.020
2690.000 0.022
2695.000 0.017
2700.000 0.017
2705.000 0.016
2710.000 0.019
2715.000 0.013
2720.000 0.021
2725.000 0.015
2730.000 0.015
2735.000 0.017
2740.000 0.013
2745.000 0.012
2750.000 0.012
2755.000 0.008
2760.000 0.008
2765.000 0.009
2770.000 0.010
2775.000 0.011
2780.000 0.009
2785.000 0.005
2790.000 0.008
2795.000 0.008
2800.000 0.005
2805.000 0.008
2810.000 0.008
2815.000 0.005
2820.000 0.009
2825.000 0.010
2830.000 0.010
2835.000 0.009
2840.000 0.011
2845.000 0.014
2850.000 0.017
2855.000 0.014
2860.000 0.017
2865.000 0.017
2870.000 0.015
2875.000 0.018
2880.000 0.016
2885.000 0.014
2890.000 0.027
2895.000 0.021
2900.000 0.027
2905.000 0.030
2910.000 0.029
2915.000 0.035
2920.000 0.034
2925.000 0.030
2930.000 0.035
2935.000 0.041
2940.000 0.037
2945.000 0.037
2950.000 0.041
2955.000 0.038
2960.000 0.037
2965.000 0.047
2970.000 0.045
2975.000 0.046
2980.000 0.043
2985.000 0.050
2990.000 0.052
2995.000 0.053
3000.000 0.048
3005.000 0.056
3010.000 0.054
3015.000 0.057
3020.000 0.057
3025.000 0.062
3030.000 0.064
3035.000 0.059
3040.000 0.059
3045.000 0.062
3050.000 0.064
3055.000 0.065
3060.000 0.071
3065.000 0.064
3070.000 0.073
3075.000 0.065
3080.000 0.072
3085.000 0.072
3090.000 0.074
3095.000 0.071
3100.000 0.076
3105.000 0.076
3110.000 0.075
3115.000 0.082
3120.000 0.075
3125.000 0.082
3130.000 0.081
3135.000 0.084
3140.000 0.083
3145.000 0.084
3150.000 0.085
3155.000 0.087
3160.000 0.090
3165.000 0.085
3170.000 0.090
3175.000 0.090
3180.000 0.091
3185.000 0.089
3190.000 0.095
3195.000 0.097
3200.000 0.096
3205.000 0.102
3210.000 0.100
3215.000 0.098
3220.000 0.095
3225.000 0.105
3230.000 0.104
3235.000 0.105
3240.000 0.111
3245.000 0.108
3250.000 0.112
3255.000 0.115
3260.000 0.115
3265.000 0.109
3270.000 0.120
3275.000 0.119
3280.000 0.119
3285.000 0.118
3290.000 0.122
3295.000 0.125
3300.000 0.128
3305.000 0.128
3310.000 0.129
3315.000 0.127
3320.000 0.135
3325.000 0.134
3330.000 0.136
3335.000 0.137
3340.000 0.138
3345.000 0.148
3350.000 0.149
3355.000 0.147
3360.000 0.146
3365.000 0.148
3370.000 0.152
3375.000 0.158
3380.000 0.158
3385.000 0.167
3390.000 0.167
3395.000 0.168
3400.000 0.172
3405.000 0.177
3410.000 0.181
3415.000 0.185
3420.000 0.188
3425.000 0.191
3430.000 0.194
3435.000 0.201
3440.000 0.201
3445.000 0.202
3450.000 0.210
3455.000 0.216
3460.000 0.223
3465.000 0.226
3470.000 0.229
3475.000 0.239
3480.000 0.242
3485.000 0.247
3490.000 0.262
3495.000 0.264
3500.000 0.272
3505.000 0.273
3510.000 0.280
3515.000 0.291
3520.000 0.302
3525.000 0.309
3530.000 0.317
3535.000 0.332
3540.000 0.339
3545.000 0.356
3550.000 0.362
3555.000 0.379
3560.000 0.383
3565.000 0.401
3570.000 0.418
3575.000 0.436
3580.000 0.459
3585.000 0.483
3590.000 0.507
3595.000 0.533
3600.000 0.561
3605.000 0.594
3610.000 0.630
3615.000 0.669
3620.000 0.718
3625.000 0.738
3630.000 0.790
3635.000 0.860
3640.000 0.939
3645.000 1.020
3650.000 1.132
3655.000 1.246
3660.000 1.415
3665.000 1.613
3670.000 1.883
3675.000 2.254
3680.000 2.817
3685.000 3.190
3690.000 4.208
3695.000 5.657
3700.000 6.615
3705.000 4.838
3710.000 5.890
3715.000 4.102
3720.000 3.054
3725.000 2.444
3730.000 2.022
3735.000 1.740
3740.000 1.533
3745.000 1.361
3750.000 1.281
3755.000 1.162
3760.000 1.070
3765.000 0.978
3770.000 0.907
3775.000 0.846
3780.000 0.794
3785.000 0.739
3790.000 0.698
3795.000 0.667
3800.000 0.632
3805.000 0.615
3810.000 0.588
3815.000 0.561
3820.000 0.542
3825.000 0.516
3830.000 0.497
3835.000 0.479
3840.000 0.463
3845.000 0.455
3850.000 0.438
3855.000 0.425
3860.000 0.412
3865.000 0.406
3870.000 0.390
3875.000 0.380
3880.000 0.372
3885.000 0.357
3890.000 0.353
3895.000 0.341
3900.000 0.333
3905.000 0.323
3910.000 0.322
3915.000 0.317
3920.000 0.306
3925.000 0.302
3930.000 0.298
3935.000 0.294
3940.000 0.288
3945.000 0.290
3950.000 0.285
3955.000 0.276
3960.000 0.271
3965.000 0.268
3970.000 0.261
3975.000 0.260
3980.000 0.254
3985.000 0.253
3990.000 0.250
3995.000 0.248
4000.000 0.246
4005.000 0.245
4010.000 0.236
4015.000 0.237
4020.000 0.239
4025.000 0.230
4030.000 0.230
4035.000 0.230
4040.000 0.228
4045.000 0.222
4050.000 0.220
4055.000 0.218
4060.000 0.215
4065.000 0.215
4070.000 0.216
4075.000 0.214
4080.000 0.210
4085.000 0.210
4090.000 0.206
4095.000 0.206
4100.000 0.207
4105.000 0.200
4110.000 0.202
4115.000 0.197
4120.000 0.195
4125.000 0.199
4130.000 0.200
4135.000 0.195
4140.000 0.191
4145.000 0.186
4150.000 0.190
4155.000 0.186
4160.000 0.185
4165.000 0.182
4170.000 0.182
4175.000 0.174
4180.000 0.178
4185.000 0.170
4190.000 0.175
4195.000 0.171
4200.000 0.169
4205.000 0.169
4210.000 0.166
4215.000 0.162
4220.000 0.159
4225.000 0.153
4230.000 0.156
4235.000 0.154
4240.000 0.151
4245.000 0.149
4250.000 0.149
4255.000 0.144
4260.000 0.149
4265.000 0.149
4270.000 0.148
4275.000 0.151
4280.000 0.150
4285.000 0.149
4290.000 0.149
4295.000 0.147
4300.000 0.154
4305.000 0.153
4310.000 0.147
4315.000 0.156
4320.000 0.148
4325.000 0.151
4330.000 0.152
4335.000 0.157
4340.000 0.153
4345.000 0.155
4350.000 0.151
4355.000 0.151
4360.000 0.155
4365.000 0.159
4370.000 0.156
4375.000 0.159
4380.000 0.151
4385.000 0.156
4390.000 0.157
4395.000 0.157
4400.000 0.157
4405.000 0.160
4410.000 0.159
4415.000 0.161
4420.000 0.161
4425.000 0.163
4430.000 0.159
4435.000 0.157
4440.000 0.162
4445.000 0.159
4450.000 0.161
4455.000 0.165
4460.000 0.165
4465.000 0.166
4470.000 0.164
4475.000 0.171
4480.000 0.172
4485.000 0.170
4490.000 0.169
4495.000 0.169
4500.000 0.169
4505.000 0.172
4510.000 0.174
4515.000 0.172
4520.000 0.178
4525.000 0.177
4530.000 0.173
4535.000 0.179
4540.000 0.180
4545.000 0.175
4550.000 0.180
4555.000 0.184
4560.000 0.182
4565.000 0.184
4570.000 0.182
4575.000 0.182
4580.000 0.186
4585.000 0.182
4590.000 0.187
4595.000 0.191
4600.000 0.186
4605.000 0.190
4610.000 0.189
4615.000 0.195
4620.000 0.196
4625.000 0.201
4630.000 0.199
4635.000 0.208
4640.000 0.204
4645.000 0.206
4650.000 0.208
4655.000 0.208
4660.000 0.208
4665.000 0.211
4670.000 0.213
4675.000 0.215
4680.000 0.219
4685.000 0.227
4690.000 0.226
4695.000 0.229
4700.000 0.226
4705.000 0.238
4710.000 0.237
4715.000 0.243
4720.000 0.241
4725.000 0.246
4730.000 0.251
4735.000 0.255
4740.000 0.259
4745.000 0.264
4750.000 0.269
4755.000 0.268
4760.000 0.283
4765.000 0.286
4770.000 0.286
4775.000 0.294
4780.000 0.301
4785.000 0.306
4790.000 0.313
4795.000 0.319
4800.000 0.329
4805.000 0.332
4810.000 0.342
4815.000 0.356
4820.000 0.363
4825.000 0.381
4830.000 0.382
4835.000 0.403
4840.000 0.406
4845.000 0.417
4850.000 0.433
4855.000 0.448
4860.000 0.467
4865.000 0.484
4870.000 0.505
4875.000 0.530
4880.000 0.555
4885.000 0.578
4890.000 0.612
4895.000 0.645
4900.000 0.663
4905.000 0.711
4910.000 0.750
4915.000 0.803
4920.000 0.863
4925.000 0.933
4930.000 1.019
4935.000 1.122
4940.000 1.247
4945.000 1.394
4950.000 1.592
4955.000 1.867
4960.000 2.281
4965.000 2.562
4970.000 3.417
4975.000 4.580
4980.000 3.732
4985.000 3.885
4990.000 4.267
4995.000 6.722
5000.000 6.665
5005.000 3.736
5010.000 2.935
5015.000 2.299
5020.000 1.972
5025.000 1.847
5030.000 1.604
5035.000 1.415
5040.000 1.271
5045.000 1.154
5050.000 1.059
5055.000 0.979
5060.000 0.915
5065.000 0.858
5070.000 0.806
5075.000 0.757
5080.000 0.739
5085.000 0.702
5090.000 0.666
5095.000 0.640
5100.000 0.612
5105.000 0.593
5110.000 0.573
5115.000 0.549
5120.000 0.530
5125.000 0.520
5130.000 0.503
5135.000 0.492
5140.000 0.479
5145.000 0.471
5150.000 0.461
5155.000 0.448
5160.000 0.440
5165.000 0.428
5170.000 0.423
5175.000 0.413
5180.000 0.407
5185.000 0.398
5190.000 0.394
5195.000 0.385
5200.000 0.381
5205.000 0.370
5210.000 0.368
5215.000 0.366
5220.000 0.362
5225.000 0.356
5230.000 0.347
5235.000 0.349
5240.000 0.348
5245.000 0.335
5250.000 0.338
5255.000 0.333
5260.000 0.329
5265.000 0.326
5270.000 0.324
5275.000 0.319
5280.000 0.315
5285.000 0.316
5290.000 0.307
5295.000 0.307
5300.000 0.301
5305.000 0.299
5310.000 0.294
5315.000 0.294
5320.000 0.295
5325.000 0.286
5330.000 0.286
5335.000 0.280
5340.000 0.280
5345.000 0.273
5350.000 0.277
5355.000 0.273
5360.000 0.270
5365.000 0.267
5370.000 0.259
5375.000 0.261
5380.000 0.260
5385.000 0.253
5390.000 0.255
5395.000 0.251
5400.000 0.246
5405.000 0.241
5410.000 0.241
5415.000 0.241
5420.000 0.233
5425.000 0.232
5430.000 0.230
5435.000 0.226
5440.000 0.225
5445.000 0.225
5450.000 0.222
5455.000 0.219
5460.000 0.216
5465.000 0.216
5470.000 0.206
5475.000 0.205
5480.000 0.206
5485.000 0.201
5490.000 0.193
5495.000 0.192
5500.000 0.196
5505.000 0.187
5510.000 0.188
5515.000 0.189
5520.000 0.189
5525.000 0.184
5530.000 0.180
5535.000 0.176
5540.000 0.173
5545.000 0.170
5550.000 0.169
5555.000 0.165
5560.000 0.167
5565.000 0.165
5570.000 0.158
5575.000 0.165
5580.000 0.159
5585.000 0.153
5590.000 0.157
5595.000 0.154
5600.000 0.153
5605.000 0.144
5610.000 0.141
5615.000 0.144
5620.000 0.141
5625.000 0.137
5630.000 0.143
5635.000 0.140
5640.000 0.135
5645.000 0.134
5650.000 0.131
5655.000 0.127
5660.000 0.128
5665.000 0.132
5670.000 0.125
5675.000 0.128
5680.000 0.120
5685.000 0.121
5690.000 0.113
5695.000 0.116
5700.000 0.118
5705.000 0.111
5710.000 0.108
5715.000 0.108
5720.000 0.110
5725.000 0.106
5730.000 0.107
5735.000 0.103
5740.000 0.100
5745.000 0.104
5750.000 0.095
5755.000 0.098
5760.000 0.097
5765.000 0.095
5770.000 0.092
5775.000 0.093
5780.000 0.089
5785.000 0.090
5790.000 0.088
5795.000 0.086
5800.000 0.083
5805.000 0.084
5810.000 0.081
5815.000 0.087
5820.000 0.080
5825.000 0.079
5830.000 0.080
5835.000 0.074
5840.000 0.080
5845.000 0.076
5850.000 0.070
5855.000 0.072
5860.000 0.069
5865.000 0.067
5870.000 0.071
5875.000 0.069
5880.000 0.064
5885.000 0.066
5890.000 0.066
5895.000 0.062
5900.000 0.060
5905.000 0.063
5910.000 0.053
5915.000 0.055
5920.000 0.052
5925.000 0.049
5930.000 0.048
5935.000 0.041
5940.000 0.044
5945.000 0.044
5950.000 0.043
5955.000 0.037
5960.000 0.039
5965.000 0.038
5970.000 0.040
5975.000 0.034
5980.000 0.038
5985.000 0.036
5990.000 0.030
5995.000 0.028
6000.000 0.030
6005.000 0.032
6010.000 0.040
6015.000 0.037
6020.000 0.037
6025.000 0.044
6030.000 0.050
6035.000 0.052
6040.000 0.062
6045.000 0.055
6050.000 0.072
6055.000 0.081
6060.000 0.086
6065.000 0.089
6070.000 0.097
6075.000 0.105
6080.000 0.112
6085.000 0.123
6090.000 0.134
6095.000 0.144
6100.000 0.165
6105.000 0.175
6110.000 0.188
6115.000 0.199
6120.000 0.217
6125.000 0.240
6130.000 0.259
6135.000 0.283
6140.000 0.311
6145.000 0.345
6150.000 0.370
6155.000 0.429
6160.000 0.465
6165.000 0.490
6170.000 0.555
6175.000 0.622
6180.000 0.653
6185.000 0.747
6190.000 0.851
6195.000 0.967
6200.000 1.150
6205.000 1.359
6210.000 1.636
6215.000 2.010
6220.000 2.518
6225.000 3.227
6230.000 4.172
6235.000 5.152
6240.000 5.309
6245.000 4.868
6250.000 4.326
6255.000 4.637
6260.000 3.718
6265.000 3.030
6270.000 2.569
6275.000 2.180
6280.000 1.863
6285.000 1.574
6290.000 1.329
6295.000 1.130
6300.000 1.041
6305.000 0.889
6310.000 0.752
6315.000 0.659
6320.000 0.577
6325.000 0.524
6330.000 0.485
6335.000 0.450
6340.000 0.425
6345.000 0.405
6350.000 0.389
6355.000 0.380
6360.000 0.373
6365.000 0.362
6370.000 0.361
6375.000 0.355
6380.000 0.351
6385.000 0.339
6390.000 0.341
6395.000 0.335
6400.000 0.332
6405.000 0.332
6410.000 0.331
6415.000 0.329
6420.000 0.324
6425.000 0.324
6430.000 0.332
6435.000 0.326
6440.000 0.325
6445.000 0.329
6450.000 0.326
6455.000 0.331
6460.000 0.331
6465.000 0.333
6470.000 0.332
6475.000 0.341
6480.000 0.345
6485.000 0.339
6490.000 0.348
6495.000 0.354
6500.000 0.357
6505.000 0.372
6510.000 0.380
6515.000 0.392
6520.000 0.402
6525.000 0.419
6530.000 0.445
6535.000 0.465
6540.000 0.484
6545.000 0.519
6550.000 0.581
6555.000 0.673
6560.000 0.838
6565.000 1.082
6570.000 1.558
6575.000 2.048
6580.000 0.872
6585.000 3.134
6590.000 0.392
6595.000 0.650
6600.000 0.148
6605.000 0.132
6610.000 0.115
6615.000 0.075
6620.000 0.038
6625.000 0.024
6630.000 0.026
6635.000 0.033
6640.000 0.047
6645.000 0.058
6650.000 0.070
6655.000 0.076
6660.000 0.085
6665.000 0.089
6670.000 0.097
6675.000 0.100
6680.000 0.107
6685.000 0.116
6690.000 0.111
6695.000 0.117
6700.000 0.121
6705.000 0.123
6710.000 0.127
6715.000 0.130
6720.000 0.137
6725.000 0.137
6730.000 0.137
6735.000 0.140
6740.000 0.146
6745.000 0.143
6750.000 0.147
6755.000 0.150
6760.000 0.150
6765.000 0.150
6770.000 0.158
6775.000 0.159
6780.000 0.159
6785.000 0.159
6790.000 0.159
6795.000 0.162
6800.000 0.163
6805.000 0.170
6810.000 0.167
6815.000 0.169
6820.000 0.173
6825.000 0.170
6830.000 0.172
6835.000 0.176
6840.000 0.175
6845.000 0.177
6850.000 0.178
6855.000 0.179
6860.000 0.182
6865.000 0.184
6870.000 0.183
6875.000 0.184
6880.000 0.187
6885.000 0.189
6890.000 0.190
6895.000 0.188
6900.000 0.192
6905.000 0.198
6910.000 0.199
6915.000 0.203
6920.000 0.197
6925.000 0.203
6930.000 0.208
6935.000 0.206
6940.000 0.208
6945.000 0.205
6950.000 0.210
6955.000 0.215
6960.000 0.213
6965.000 0.216
6970.000 0.221
6975.000 0.222
6980.000 0.229
6985.000 0.228
6990.000 0.227
6995.000 0.230
7000.000 0.234
7005.000 0.232
7010.000 0.236
7015.000 0.238
7020.000 0.240
7025.000 0.249
7030.000 0.249
7035.000 0.248
7040.000 0.251
7045.000 0.256
7050.000 0.260
7055.000 0.260
7060.000 0.263
7065.000 0.270
7070.000 0.269
7075.000 0.275
7080.000 0.278
7085.000 0.282
7090.000 0.283
7095.000 0.290
7100.000 0.291
7105.000 0.296
7110.000 0.299
7115.000 0.305
7120.000 0.307
7125.000 0.314
7130.000 0.320
7135.000 0.331
7140.000 0.329
7145.000 0.334
7150.000 0.335
7155.000 0.343
7160.000 0.351
7165.000 0.350
7170.000 0.359
7175.000 0.372
7180.000 0.376
7185.000 0.383
7190.000 0.388
7195.000 0.400
7200.000 0.403
7205.000 0.410
7210.000 0.418
7215.000 0.425
7220.000 0.436
7225.000 0.443
7230.000 0.457
7235.000 0.461
7240.000 0.474
7245.000 0.488
7250.000 0.497
7255.000 0.507
7260.000 0.521
7265.000 0.540
7270.000 0.550
7275.000 0.558
7280.000 0.584
7285.000 0.598
7290.000 0.612
7295.000 0.636
7300.000 0.655
7305.000 0.679
7310.000 0.702
7315.000 0.731
7320.000 0.757
7325.000 0.785
7330.000 0.820
7335.000 0.835
7340.000 0.874
7345.000 0.915
7350.000 0.960
7355.000 1.014
7360.000 1.063
7365.000 1.125
7370.000 1.196
7375.000 1.275
7380.000 1.364
7385.000 1.461
7390.000 1.579
7395.000 1.642
7400.000 1.795
7405.000 1.976
7410.000 2.188
7415.000 2.460
7420.000 2.800
7425.000 3.235
7430.000 3.819
7435.000 4.579
7440.000 5.599
7445.000 6.789
7450.000 7.761
7455.000 7.954
7460.000 7.432
7465.000 5.702
7470.000 4.416
7475.000 3.667
7480.000 3.067
7485.000 2.754
7490.000 2.413
7495.000 2.189
7500.000 1.993
7505.000 1.811
7510.000 1.659
7515.000 1.523
7520.000 1.463
7525.000 1.358
7530.000 1.271
7535.000 1.193
7540.000 1.112
7545.000 1.051
7550.000 0.997
7555.000 0.947
7560.000 0.905
7565.000 0.856
7570.000 0.824
7575.000 0.798
7580.000 0.774
7585.000 0.743
7590.000 0.715
7595.000 0.683
7600.000 0.659
7605.000 0.640
7610.000 0.614
7615.000 0.598
7620.000 0.578
7625.000 0.561
7630.000 0.542
7635.000 0.522
7640.000 0.518
7645.000 0.504
7650.000 0.496
7655.000 0.476
7660.000 0.463
7665.000 0.452
7670.000 0.443
7675.000 0.428
7680.000 0.422
7685.000 0.409
7690.000 0.403
7695.000 0.394
7700.000 0.389
7705.000 0.376
7710.000 0.370
7715.000 0.361
7720.000 0.353
7725.000 0.349
7730.000 0.341
7735.000 0.334
7740.000 0.323
7745.000 0.321
7750.000 0.318
7755.000 0.302
7760.000 0.300
7765.000 0.300
7770.000 0.292
7775.000 0.286
7780.000 0.279
7785.000 0.278
7790.000 0.269
7795.000 0.265
7800.000 0.256
7805.000 0.256
7810.000 0.252
7815.000 0.243
7820.000 0.244
7825.000 0.231
7830.000 0.231
7835.000 0.224
7840.000 0.221
7845.000 0.218
7850.000 0.213
7855.000 0.210
7860.000 0.203
7865.000 0.198
7870.000 0.195
7875.000 0.189
7880.000 0.179
7885.000 0.184
7890.000 0.174
7895.000 0.179
7900.000 0.167
7905.000 0.163
7910.000 0.158
7915.000 0.145
7920.000 0.144
7925.000 0.134
7930.000 0.124
7935.000 0.121
7940.000 0.112
7945.000 0.106
7950.000 0.101
7955.000 0.098
7960.000 0.084
7965.000 0.065
7970.000 0.062
7975.000 0.049
7980.000 0.033
7985.000 0.022
7990.000 0.015
7995.000 0.031
8000.000 0.045
