2005.000 0.194
2010.000 0.192
2015.000 0.191
2020.000 0.188
2025.000 0.191
2030.000 0.191
2035.000 0.185
2040.000 0.192
2045.000 0.191
2050.000 0.183
2055.000 0.184
2060.000 0.185
2065.000 0.186
2070.000 0.186
2075.000 0.185
2080.000 0.192
2085.000 0.181
2090.000 0.183
2095.000 0.187
2100.000 0.186
2105.000 0.186
2110.000 0.180
2115.000 0.194
2120.000 0.187
2125.000 0.193
2130.000 0.189
2135.000 0.198
2140.000 0.211
2145.000 0.195
2150.000 0.203
2155.000 0.197
2160.000 0.203
2165.000 0.207
2170.000 0.202
2175.000 0.227
2180.000 0.211
2185.000 0.226
2190.000 0.223
2195.000 0.223
2200.000 0.232
2205.000 0.231
2210.000 0.238
2215.000 0.250
2220.000 0.258
2225.000 0.275
2230.000 0.279
2235.000 0.278
2240.000 0.292
2245.000 0.282
2250.000 0.324
2255.000 0.326
2260.000 0.352
2265.000 0.363
2270.000 0.438
2275.000 0.469
2280.000 0.527
2285.000 0.505
2290.000 0.654
2295.000 0.634
2300.000 0.485
2305.000 1.140
2310.000 3.521
2315.000 5.734
2320.000 2.153
2325.000 1.191
2330.000 0.947
2335.000 0.653
2340.000 0.573
2345.000 0.452
2350.000 0.380
2355.000 0.328
2360.000 0.320
2365.000 0.275
2370.000 0.244
2375.000 0.212
2380.000 0.207
2385.000 0.180
2390.000 0.177
2395.000 0.190
2400.000 0.179
2405.000 0.136
2410.000 0.138
2415.000 0.139
2420.000 0.181
2425.000 0.118
2430.000 0.111
2435.000 0.097
2440.000 0.093
2445.000 0.089
2450.000 0.080
2455.000 0.083
2460.000 0.075
2465.000 0.074
2470.000 0.095
2475.000 0.129
2480.000 0.080
2485.000 0.092
2490.000 0.061
2495.000 0.050
2500.000 0.052
2505.000 0.049
2510.000 0.049
2515.000 0.051
2520.000 0.047
2525.000 0.043
2530.000 0.044
2535.000 0.043
2540.000 0.040
2545.000 0.044
2550.000 0.041
2555.000 0.043
2560.000 0.041
2565.000 0.040
2570.000 0.036
2575.000 0.037
2580.000 0.036
2585.000 0.030
2590.000 0.033
2595.000 0.035
2600.000 0.034
2605.000 0.041
2610.000 0.039
2615.000 0.034
2620.000 0.038
2625.000 0.039
2630.000 0.036
2635.000 0.032
2640.000 0.030
2645.000 0.037
2650.000 0.041
2655.000 0.033
2660.000 0.034
2665.000 0.027
2670.000 0.035
2675.000 0.033
2680.000 0.030
2685.000 0.034
2690.000 0.030
2695.000 0.030
2700.000 0.033
2705.000 0.032
2710.000 0.028
2715.000 0.028
2720.000 0.029
2725.000 0.029
2730.000 0.033
2735.000 0.025
2740.000 0.025
2745.000 0.025
2750.000 0.028
2755.000 0.022
2760.000 0.026
2765.000 0.024
2770.000 0.022
2775.000 0.018
2780.000 0.025
2785.000 0.025
2790.000 0.022
2795.000 0.023
2800.000 0.019
2805.000 0.022
2810.000 0.017
2815.000 0.020
2820.000 0.017
2825.000 0.015
2830.000 0.017
2835.000 0.021
2840.000 0.013
2845.000 0.012
2850.000 0.015
2855.000 0.009
2860.000 0.012
2865.000 0.012
2870.000 0.007
2875.000 0.006
2880.000 0.011
2885.000 0.008
2890.000 0.006
2895.000 0.006
2900.000 0.005
2905.000 0.009
2910.000 0.005
2915.000 0.012
2920.000 0.010
2925.000 0.011
2930.000 0.010
2935.000 0.014
2940.000 0.009
2945.000 0.012
2950.000 0.016
2955.000 0.016
2960.000 0.024
2965.000 0.018
2970.000 0.022
2975.000 0.021
2980.000 0.023
2985.000 0.025
2990.000 0.020
2995.000 0.027
3000.000 0.024
3005.000 0.028
3010.000 0.033
3015.000 0.037
3020.000 0.033
3025.000 0.038
3030.000 0.035
3035.000 0.034
3040.000 0.041
3045.000 0.039
3050.000 0.042
3055.000 0.043
3060.000 0.043
3065.000 0.039
3070.000 0.043
3075.000 0.049
3080.000 0.045
3085.000 0.048
3090.000 0.045
3095.000 0.047
3100.000 0.056
3105.000 0.047
3110.000 0.053
3115.000 0.058
3120.000 0.054
3125.000 0.056
3130.000 0.063
3135.000 0.056
3140.000 0.059
3145.000 0.057
3150.000 0.065
3155.000 0.060
3160.000 0.065
3165.000 0.067
3170.000 0.068
3175.000 0.072
3180.000 0.070
3185.000 0.067
3190.000 0.066
3195.000 0.073
3200.000 0.076
3205.000 0.073
3210.000 0.075
3215.000 0.079
3220.000 0.082
3225.000 0.083
3230.000 0.079
3235.000 0.080
3240.000 0.085
3245.000 0.086
3250.000 0.091
3255.000 0.090
3260.000 0.089
3265.000 0.087
3270.000 0.094
3275.000 0.090
3280.000 0.095
3285.000 0.094
3290.000 0.095
3295.000 0.097
3300.000 0.105
3305.000 0.101
3310.000 0.108
3315.000 0.104
3320.000 0.109
3325.000 0.110
3330.000 0.117
3335.000 0.111
3340.000 0.118
3345.000 0.121
3350.000 0.117
3355.000 0.122
3360.000 0.124
3365.000 0.120
3370.000 0.127
3375.000 0.128
3380.000 0.133
3385.000 0.138
3390.000 0.142
3395.000 0.144
3400.000 0.142
3405.000 0.142
3410.000 0.148
3415.000 0.153
3420.000 0.156
3425.000 0.160
3430.000 0.162
3435.000 0.167
3440.000 0.170
3445.000 0.175
3450.000 0.175
3455.000 0.186
3460.000 0.187
3465.000 0.188
3470.000 0.196
3475.000 0.204
3480.000 0.204
3485.000 0.213
3490.000 0.220
3495.000 0.226
3500.000 0.232
3505.000 0.236
3510.000 0.249
3515.000 0.248
3520.000 0.253
3525.000 0.262
3530.000 0.269
3535.000 0.281
3540.000 0.291
3545.000 0.299
3550.000 0.314
3555.000 0.323
3560.000 0.334
3565.000 0.349
3570.000 0.362
3575.000 0.375
3580.000 0.389
3585.000 0.405
3590.000 0.428
3595.000 0.452
3600.000 0.468
3605.000 0.496
3610.000 0.521
3615.000 0.553
3620.000 0.583
3625.000 0.625
3630.000 0.673
3635.000 0.724
3640.000 0.751
3645.000 0.817
3650.000 0.881
3655.000 0.978
3660.000 1.059
3665.000 1.212
3670.000 1.349
3675.000 1.537
3680.000 1.804
3685.000 2.153
3690.000 2.754
3695.000 3.326
3700.000 5.364
3705.000 7.187
3710.000 6.511
3715.000 5.527
3720.000 3.728
3725.000 2.810
3730.000 2.252
3735.000 1.878
3740.000 1.612
3745.000 1.403
3750.000 1.255
3755.000 1.128
3760.000 1.078
3765.000 0.966
3770.000 0.898
3775.000 0.833
3780.000 0.779
3785.000 0.720
3790.000 0.675
3795.000 0.642
3800.000 0.617
3805.000 0.578
3810.000 0.556
3815.000 0.533
3820.000 0.517
3825.000 0.501
3830.000 0.481
3835.000 0.464
3840.000 0.445
3845.000 0.429
3850.000 0.418
3855.000 0.399
3860.000 0.394
3865.000 0.382
3870.000 0.367
3875.000 0.361
3880.000 0.353
3885.000 0.344
3890.000 0.332
3895.000 0.329
3900.000 0.325
3905.000 0.311
3910.000 0.305
3915.000 0.304
3920.000 0.294
3925.000 0.289
3930.000 0.287
3935.000 0.280
3940.000 0.276
3945.000 0.275
3950.000 0.269
3955.000 0.260
3960.000 0.256
3965.000 0.258
3970.000 0.254
3975.000 0.244
3980.000 0.244
3985.000 0.245
3990.000 0.244
3995.000 0.232
4000.000 0.242
4005.000 0.230
4010.000 0.225
4015.000 0.224
4020.000 0.226
4025.000 0.223
4030.000 0.222
4035.000 0.221
4040.000 0.218
4045.000 0.215
4050.000 0.211
4055.000 0.217
4060.000 0.212
4065.000 0.209
4070.000 0.204
4075.000 0.206
4080.000 0.201
4085.000 0.197
4090.000 0.203
4095.000 0.197
4100.000 0.200
4105.000 0.190
4110.000 0.198
4115.000 0.195
4120.000 0.194
4125.000 0.192
4130.000 0.188
4135.000 0.189
4140.000 0.183
4145.000 0.183
4150.000 0.183
4155.000 0.177
4160.000 0.176
4165.000 0.173
4170.000 0.177
4175.000 0.170
4180.000 0.173
4185.000 0.168
4190.000 0.169
4195.000 0.172
4200.000 0.164
4205.000 0.165
4210.000 0.156
4215.000 0.163
4220.000 0.157
4225.000 0.154
4230.000 0.153
4235.000 0.151
4240.000 0.149
4245.000 0.146
4250.000 0.145
4255.000 0.146
4260.000 0.147
4265.000 0.148
4270.000 0.149
4275.000 0.144
4280.000 0.148
4285.000 0.144
4290.000 0.144
4295.000 0.148
4300.000 0.149
4305.000 0.150
4310.000 0.148
4315.000 0.150
4320.000 0.153
4325.000 0.148
4330.000 0.152
4335.000 0.155
4340.000 0.151
4345.000 0.153
4350.000 0.152
4355.000 0.155
4360.000 0.155
4365.000 0.157
4370.000 0.157
4375.000 0.154
4380.000 0.151
4385.000 0.154
4390.000 0.158
4395.000 0.161
4400.000 0.160
4405.000 0.156
4410.000 0.163
4415.000 0.162
4420.000 0.161
4425.000 0.160
4430.000 0.163
4435.000 0.163
4440.000 0.164
4445.000 0.170
4450.000 0.168
4455.000 0.168
4460.000 0.166
4465.000 0.170
4470.000 0.171
4475.000 0.170
4480.000 0.168
4485.000 0.169
4490.000 0.170
4495.000 0.171
4500.000 0.170
4505.000 0.174
4510.000 0.178
4515.000 0.175
4520.000 0.174
4525.000 0.177
4530.000 0.180
4535.000 0.180
4540.000 0.184
4545.000 0.185
4550.000 0.183
4555.000 0.185
4560.000 0.182
4565.000 0.181
4570.000 0.184
4575.000 0.191
4580.000 0.195
4585.000 0.192
4590.000 0.187
4595.000 0.197
4600.000 0.193
4605.000 0.199
4610.000 0.198
4615.000 0.200
4620.000 0.197
4625.000 0.202
4630.000 0.202
4635.000 0.207
4640.000 0.206
4645.000 0.208
4650.000 0.209
4655.000 0.216
4660.000 0.224
4665.000 0.224
4670.000 0.220
4675.000 0.225
4680.000 0.228
4685.000 0.228
4690.000 0.233
4695.000 0.239
4700.000 0.239
4705.000 0.247
4710.000 0.251
4715.000 0.254
4720.000 0.252
4725.000 0.258
4730.000 0.257
4735.000 0.262
4740.000 0.270
4745.000 0.274
4750.000 0.274
4755.000 0.281
4760.000 0.291
4765.000 0.295
4770.000 0.302
4775.000 0.307
4780.000 0.317
4785.000 0.321
4790.000 0.330
4795.000 0.337
4800.000 0.344
4805.000 0.351
4810.000 0.361
4815.000 0.372
4820.000 0.381
4825.000 0.396
4830.000 0.408
4835.000 0.423
4840.000 0.439
4845.000 0.447
4850.000 0.465
4855.000 0.474
4860.000 0.496
4865.000 0.516
4870.000 0.538
4875.000 0.561
4880.000 0.588
4885.000 0.620
4890.000 0.648
4895.000 0.687
4900.000 0.730
4905.000 0.772
4910.000 0.822
4915.000 0.891
4920.000 0.924
4925.000 1.004
4930.000 1.087
4935.000 1.194
4940.000 1.329
4945.000 1.494
4950.000 1.716
4955.000 2.010
4960.000 2.436
4965.000 3.115
4970.000 4.195
4975.000 4.790
4980.000 4.189
4985.000 3.326
4990.000 4.436
4995.000 6.444
5000.000 6.918
5005.000 3.968
5010.000 3.251
5015.000 2.622
5020.000 2.189
5025.000 1.877
5030.000 1.655
5035.000 1.559
5040.000 1.402
5045.000 1.276
5050.000 1.166
5055.000 1.083
5060.000 1.013
5065.000 0.951
5070.000 0.898
5075.000 0.845
5080.000 0.802
5085.000 0.769
5090.000 0.737
5095.000 0.705
5100.000 0.693
5105.000 0.666
5110.000 0.645
5115.000 0.623
5120.000 0.601
5125.000 0.583
5130.000 0.563
5135.000 0.558
5140.000 0.540
5145.000 0.527
5150.000 0.513
5155.000 0.504
5160.000 0.490
5165.000 0.490
5170.000 0.477
5175.000 0.468
5180.000 0.458
5185.000 0.452
5190.000 0.446
5195.000 0.443
5200.000 0.431
5205.000 0.428
5210.000 0.424
5215.000 0.416
5220.000 0.418
5225.000 0.411
5230.000 0.404
5235.000 0.401
5240.000 0.396
5245.000 0.393
5250.000 0.394
5255.000 0.381
5260.000 0.384
5265.000 0.374
5270.000 0.375
5275.000 0.370
5280.000 0.371
5285.000 0.364
5290.000 0.368
5295.000 0.359
5300.000 0.355
5305.000 0.354
5310.000 0.350
5315.000 0.348
5320.000 0.345
5325.000 0.341
5330.000 0.333
5335.000 0.334
5340.000 0.331
5345.000 0.332
5350.000 0.327
5355.000 0.322
5360.000 0.326
5365.000 0.319
5370.000 0.317
5375.000 0.306
5380.000 0.310
5385.000 0.305
5390.000 0.304
5395.000 0.305
5400.000 0.301
5405.000 0.296
5410.000 0.300
5415.000 0.288
5420.000 0.290
5425.000 0.286
5430.000 0.288
5435.000 0.276
5440.000 0.275
5445.000 0.273
5450.000 0.278
5455.000 0.269
5460.000 0.267
5465.000 0.270
5470.000 0.262
5475.000 0.264
5480.000 0.256
5485.000 0.256
5490.000 0.254
5495.000 0.254
5500.000 0.246
5505.000 0.248
5510.000 0.236
5515.000 0.240
5520.000 0.233
5525.000 0.239
5530.000 0.234
5535.000 0.226
5540.000 0.232
5545.000 0.226
5550.000 0.224
5555.000 0.219
5560.000 0.223
5565.000 0.217
5570.000 0.217
5575.000 0.214
5580.000 0.212
5585.000 0.212
5590.000 0.204
5595.000 0.206
5600.000 0.201
5605.000 0.205
5610.000 0.201
5615.000 0.200
5620.000 0.194
5625.000 0.196
5630.000 0.193
5635.000 0.189
5640.000 0.190
5645.000 0.184
5650.000 0.189
5655.000 0.185
5660.000 0.189
5665.000 0.184
5670.000 0.178
5675.000 0.176
5680.000 0.182
5685.000 0.171
5690.000 0.175
5695.000 0.174
5700.000 0.168
5705.000 0.175
5710.000 0.174
5715.000 0.169
5720.000 0.170
5725.000 0.168
5730.000 0.166
5735.000 0.165
5740.000 0.165
5745.000 0.160
5750.000 0.159
5755.000 0.157
5760.000 0.152
5765.000 0.162
5770.000 0.158
5775.000 0.158
5780.000 0.153
5785.000 0.152
5790.000 0.148
5795.000 0.148
5800.000 0.149
5805.000 0.151
5810.000 0.144
5815.000 0.153
5820.000 0.144
5825.000 0.144
5830.000 0.141
5835.000 0.148
5840.000 0.146
5845.000 0.145
5850.000 0.137
5855.000 0.148
5860.000 0.132
5865.000 0.136
5870.000 0.141
5875.000 0.133
5880.000 0.137
5885.000 0.132
5890.000 0.141
5895.000 0.135
5900.000 0.135
5905.000 0.132
5910.000 0.131
5915.000 0.130
5920.000 0.132
5925.000 0.131
5930.000 0.128
5935.000 0.126
5940.000 0.128
5945.000 0.126
5950.000 0.125
5955.000 0.122
5960.000 0.126
5965.000 0.117
5970.000 0.119
5975.000 0.119
5980.000 0.119
5985.000 0.116
5990.000 0.116
5995.000 0.116
6000.000 0.109
6005.000 0.109
6010.000 0.109
6015.000 0.108
6020.000 0.113
6025.000 0.107
6030.000 0.104
6035.000 0.102
6040.000 0.100
6045.000 0.100
6050.000 0.097
6055.000 0.094
6060.000 0.093
6065.000 0.094
6070.000 0.091
6075.000 0.090
6080.000 0.087
6085.000 0.085
6090.000 0.089
6095.000 0.087
6100.000 0.087
6105.000 0.086
6110.000 0.090
6115.000 0.093
6120.000 0.102
6125.000 0.112
6130.000 0.114
6135.000 0.118
6140.000 0.137
6145.000 0.146
6150.000 0.161
6155.000 0.190
6160.000 0.214
6165.000 0.233
6170.000 0.267
6175.000 0.306
6180.000 0.341
6185.000 0.399
6190.000 0.433
6195.000 0.500
6200.000 0.591
6205.000 0.706
6210.000 0.856
6215.000 1.049
6220.000 1.307
6225.000 1.661
6230.000 2.145
6235.000 2.786
6240.000 3.649
6245.000 4.741
6250.000 4.655
6255.000 3.989
6260.000 3.199
6265.000 2.612
6270.000 2.178
6275.000 1.848
6280.000 1.581
6285.000 1.332
6290.000 1.153
6295.000 0.964
6300.000 0.802
6305.000 0.669
6310.000 0.550
6315.000 0.509
6320.000 0.431
6325.000 0.368
6330.000 0.325
6335.000 0.290
6340.000 0.267
6345.000 0.256
6350.000 0.244
6355.000 0.230
6360.000 0.224
6365.000 0.221
6370.000 0.220
6375.000 0.218
6380.000 0.222
6385.000 0.216
6390.000 0.219
6395.000 0.219
6400.000 0.215
6405.000 0.226
6410.000 0.217
6415.000 0.223
6420.000 0.229
6425.000 0.224
6430.000 0.231
6435.000 0.236
6440.000 0.239
6445.000 0.237
6450.000 0.242
6455.000 0.248
6460.000 0.249
6465.000 0.256
6470.000 0.261
6475.000 0.260
6480.000 0.266
6485.000 0.272
6490.000 0.288
6495.000 0.287
6500.000 0.291
6505.000 0.301
6510.000 0.313
6515.000 0.325
6520.000 0.340
6525.000 0.360
6530.000 0.373
6535.000 0.404
6540.000 0.435
6545.000 0.471
6550.000 0.528
6555.000 0.585
6560.000 0.643
6565.000 0.772
6570.000 1.027
6575.000 1.814
6580.000 3.962
6585.000 5.666
6590.000 1.388
6595.000 0.882
6600.000 0.213
6605.000 0.342
6610.000 0.230
6615.000 0.173
6620.000 0.134
6625.000 0.106
6630.000 0.078
6635.000 0.054
6640.000 0.037
6645.000 0.020
6650.000 0.017
6655.000 0.014
6660.000 0.022
6665.000 0.024
6670.000 0.036
6675.000 0.041
6680.000 0.042
6685.000 0.051
6690.000 0.054
6695.000 0.062
6700.000 0.065
6705.000 0.069
6710.000 0.069
6715.000 0.076
6720.000 0.082
6725.000 0.083
6730.000 0.087
6735.000 0.096
6740.000 0.097
6745.000 0.094
6750.000 0.100
6755.000 0.100
6760.000 0.105
6765.000 0.105
6770.000 0.110
6775.000 0.112
6780.000 0.107
6785.000 0.118
6790.000 0.120
6795.000 0.120
6800.000 0.114
6805.000 0.123
6810.000 0.119
6815.000 0.121
6820.000 0.130
6825.000 0.131
6830.000 0.134
6835.000 0.134
6840.000 0.137
6845.000 0.144
6850.000 0.137
6855.000 0.136
6860.000 0.140
6865.000 0.147
6870.000 0.146
6875.000 0.140
6880.000 0.150
6885.000 0.146
6890.000 0.153
6895.000 0.158
6900.000 0.160
6905.000 0.163
6910.000 0.160
6915.000 0.159
6920.000 0.159
6925.000 0.162
6930.000 0.160
6935.000 0.169
6940.000 0.170
6945.000 0.175
6950.000 0.176
6955.000 0.175
6960.000 0.185
6965.000 0.180
6970.000 0.186
6975.000 0.182
6980.000 0.188
6985.000 0.190
6990.000 0.188
6995.000 0.194
7000.000 0.192
7005.000 0.199
7010.000 0.201
7015.000 0.205
7020.000 0.214
7025.000 0.208
7030.000 0.217
7035.000 0.214
7040.000 0.218
7045.000 0.216
7050.000 0.220
7055.000 0.224
7060.000 0.232
7065.000 0.231
7070.000 0.231
7075.000 0.241
7080.000 0.245
7085.000 0.249
7090.000 0.253
7095.000 0.254
7100.000 0.263
7105.000 0.259
7110.000 0.263
7115.000 0.267
7120.000 0.272
7125.000 0.279
7130.000 0.280
7135.000 0.284
7140.000 0.296
7145.000 0.298
7150.000 0.302
7155.000 0.309
7160.000 0.317
7165.000 0.314
7170.000 0.321
7175.000 0.333
7180.000 0.334
7185.000 0.345
7190.000 0.349
7195.000 0.360
7200.000 0.366
7205.000 0.374
7210.000 0.381
7215.000 0.392
7220.000 0.399
7225.000 0.406
7230.000 0.415
7235.000 0.421
7240.000 0.431
7245.000 0.445
7250.000 0.455
7255.000 0.469
7260.000 0.478
7265.000 0.492
7270.000 0.508
7275.000 0.525
7280.000 0.539
7285.000 0.559
7290.000 0.570
7295.000 0.587
7300.000 0.609
7305.000 0.633
7310.000 0.654
7315.000 0.677
7320.000 0.700
7325.000 0.731
7330.000 0.772
7335.000 0.805
7340.000 0.832
7345.000 0.872
7350.000 0.897
7355.000 0.941
7360.000 0.993
7365.000 1.054
7370.000 1.118
7375.000 1.197
7380.000 1.282
7385.000 1.380
7390.000 1.494
7395.000 1.632
7400.000 1.782
7405.000 1.875
7410.000 2.077
7415.000 2.331
7420.000 2.649
7425.000 3.060
7430.000 3.628
7435.000 4.348
7440.000 5.288
7445.000 6.516
7450.000 7.698
7455.000 8.096
7460.000 6.977
7465.000 5.124
7470.000 4.301
7475.000 3.081
7480.000 2.705
7485.000 2.714
7490.000 2.507
7495.000 2.295
7500.000 2.080
7505.000 1.885
7510.000 1.718
7515.000 1.580
7520.000 1.461
7525.000 1.357
7530.000 1.309
7535.000 1.214
7540.000 1.147
7545.000 1.080
7550.000 1.030
7555.000 0.967
7560.000 0.923
7565.000 0.883
7570.000 0.845
7575.000 0.812
7580.000 0.779
7585.000 0.753
7590.000 0.727
7595.000 0.713
7600.000 0.691
7605.000 0.662
7610.000 0.640
7615.000 0.618
7620.000 0.602
7625.000 0.585
7630.000 0.565
7635.000 0.551
7640.000 0.536
7645.000 0.523
7650.000 0.513
7655.000 0.500
7660.000 0.487
7665.000 0.476
7670.000 0.470
7675.000 0.459
7680.000 0.447
7685.000 0.433
7690.000 0.425
7695.000 0.415
7700.000 0.406
7705.000 0.399
7710.000 0.394
7715.000 0.388
7720.000 0.382
7725.000 0.379
7730.000 0.370
7735.000 0.357
7740.000 0.356
7745.000 0.349
7750.000 0.344
7755.000 0.340
7760.000 0.330
7765.000 0.322
7770.000 0.320
7775.000 0.311
7780.000 0.310
7785.000 0.305
7790.000 0.298
7795.000 0.299
7800.000 0.290
7805.000 0.285
7810.000 0.280
7815.000 0.280
7820.000 0.268
7825.000 0.265
7830.000 0.264
7835.000 0.262
7840.000 0.260
7845.000 0.250
7850.000 0.250
7855.000 0.241
7860.000 0.238
7865.000 0.235
7870.000 0.235
7875.000 0.225
7880.000 0.223
7885.000 0.215
7890.000 0.212
7895.000 0.210
7900.000 0.208
7905.000 0.202
7910.000 0.194
7915.000 0.191
7920.000 0.185
7925.000 0.177
7930.000 0.175
7935.000 0.174
7940.000 0.158
7945.000 0.156
7950.000 0.149
7955.000 0.140
7960.000 0.135
7965.000 0.128
7970.000 0.118
7975.000 0.112
7980.000 0.098
7985.000 0.086
7990.000 0.071
7995.000 0.057
8000.000 0.040
