2005.000 0.228
2010.000 0.223
2015.000 0.219
2020.000 0.215
2025.000 0.209
2030.000 0.226
2035.000 0.213
2040.000 0.214
2045.000 0.220
2050.000 0.219
2055.000 0.217
2060.000 0.218
2065.000 0.223
2070.000 0.220
2075.000 0.214
2080.000 0.221
2085.000 0.223
2090.000 0.223
2095.000 0.222
2100.000 0.220
2105.000 0.223
2110.000 0.220
2115.000 0.220
2120.000 0.226
2125.000 0.226
2130.000 0.225
2135.000 0.232
2140.000 0.230
2145.000 0.251
2150.000 0.237
2155.000 0.240
2160.000 0.239
2165.000 0.241
2170.000 0.254
2175.000 0.253
2180.000 0.261
2185.000 0.270
2190.000 0.270
2195.000 0.279
2200.000 0.280
2205.000 0.288
2210.000 0.289
2215.000 0.299
2220.000 0.346
2225.000 0.338
2230.000 0.335
2235.000 0.353
2240.000 0.352
2245.000 0.388
2250.000 0.401
2255.000 0.464
2260.000 0.434
2265.000 0.468
2270.000 0.557
2275.000 0.604
2280.000 0.679
2285.000 0.711
2290.000 0.757
2295.000 0.843
2300.000 0.962
2305.000 1.382
2310.000 3.858
2315.000 6.109
2320.000 2.388
2325.000 1.459
2330.000 1.141
2335.000 0.827
2340.000 0.666
2345.000 0.550
2350.000 0.490
2355.000 0.501
2360.000 0.384
2365.000 0.373
2370.000 0.268
2375.000 0.279
2380.000 0.286
2385.000 0.242
2390.000 0.206
2395.000 0.184
2400.000 0.176
2405.000 0.166
2410.000 0.166
2415.000 0.159
2420.000 0.146
2425.000 0.145
2430.000 0.143
2435.000 0.127
2440.000 0.116
2445.000 0.111
2450.000 0.107
2455.000 0.106
2460.000 0.103
2465.000 0.085
2470.000 0.089
2475.000 0.093
2480.000 0.080
2485.000 0.093
2490.000 0.076
2495.000 0.080
2500.000 0.073
2505.000 0.066
2510.000 0.070
2515.000 0.070
2520.000 0.062
2525.000 0.064
2530.000 0.065
2535.000 0.063
2540.000 0.067
2545.000 0.065
2550.000 0.060
2555.000 0.065
2560.000 0.058
2565.000 0.059
2570.000 0.065
2575.000 0.055
2580.000 0.059
2585.000 0.058
2590.000 0.060
2595.000 0.051
2600.000 0.054
2605.000 0.058
2610.000 0.059
2615.000 0.055
2620.000 0.054
2625.000 0.056
2630.000 0.057
2635.000 0.055
2640.000 0.056
2645.000 0.054
2650.000 0.059
2655.000 0.057
2660.000 0.056
2665.000 0.061
2670.000 0.057
2675.000 0.061
2680.000 0.058
2685.000 0.058
2690.000 0.060
2695.000 0.056
2700.000 0.059
2705.000 0.056
2710.000 0.063
2715.000 0.061
2720.000 0.062
2725.000 0.062
2730.000 0.057
2735.000 0.056
2740.000 0.057
2745.000 0.058
2750.000 0.059
2755.000 0.063
2760.000 0.060
2765.000 0.063
2770.000 0.059
2775.000 0.058
2780.000 0.063
2785.000 0.062
2790.000 0.060
2795.000 0.055
2800.000 0.062
2805.000 0.053
2810.000 0.061
2815.000 0.056
2820.000 0.058
2825.000 0.054
2830.000 0.057
2835.000 0.058
2840.000 0.057
2845.000 0.056
2850.000 0.057
2855.000 0.057
2860.000 0.058
2865.000 0.061
2870.000 0.055
2875.000 0.051
2880.000 0.048
2885.000 0.048
2890.000 0.050
2895.000 0.045
2900.000 0.047
2905.000 0.049
2910.000 0.047
2915.000 0.048
2920.000 0.046
2925.000 0.046
2930.000 0.045
2935.000 0.041
2940.000 0.043
2945.000 0.036
2950.000 0.038
2955.000 0.039
2960.000 0.041
2965.000 0.030
2970.000 0.030
2975.000 0.029
2980.000 0.032
2985.000 0.030
2990.000 0.034
2995.000 0.029
3000.000 0.024
3005.000 0.025
3010.000 0.023
3015.000 0.022
3020.000 0.023
3025.000 0.020
3030.000 0.017
3035.000 0.017
3040.000 0.014
3045.000 0.015
3050.000 0.016
3055.000 0.019
3060.000 0.012
3065.000 0.009
3070.000 0.011
3075.000 0.009
3080.000 0.012
3085.000 0.006
3090.000 0.007
3095.000 0.005
3100.000 0.009
3105.000 0.007
3110.000 0.006
3115.000 0.006
3120.000 0.011
3125.000 0.009
3130.000 0.007
3135.000 0.011
3140.000 0.013
3145.000 0.013
3150.000 0.014
3155.000 0.009
3160.000 0.017
3165.000 0.019
3170.000 0.023
3175.000 0.019
3180.000 0.020
3185.000 0.023
3190.000 0.020
3195.000 0.021
3200.000 0.025
3205.000 0.020
3210.000 0.028
3215.000 0.025
3220.000 0.028
3225.000 0.029
3230.000 0.027
3235.000 0.028
3240.000 0.035
3245.000 0.031
3250.000 0.035
3255.000 0.037
3260.000 0.042
3265.000 0.040
3270.000 0.043
3275.000 0.044
3280.000 0.043
3285.000 0.046
3290.000 0.047
3295.000 0.050
3300.000 0.049
3305.000 0.055
3310.000 0.054
3315.000 0.050
3320.000 0.056
3325.000 0.058
3330.000 0.062
3335.000 0.059
3340.000 0.061
3345.000 0.066
3350.000 0.063
3355.000 0.067
3360.000 0.066
3365.000 0.067
3370.000 0.069
3375.000 0.073
3380.000 0.072
3385.000 0.080
3390.000 0.078
3395.000 0.082
3400.000 0.088
3405.000 0.084
3410.000 0.084
3415.000 0.097
3420.000 0.095
3425.000 0.096
3430.000 0.101
3435.000 0.109
3440.000 0.106
3445.000 0.111
3450.000 0.109
3455.000 0.115
3460.000 0.115
3465.000 0.122
3470.000 0.127
3475.000 0.131
3480.000 0.134
3485.000 0.138
3490.000 0.144
3495.000 0.147
3500.000 0.159
3505.000 0.159
3510.000 0.166
3515.000 0.165
3520.000 0.177
3525.000 0.183
3530.000 0.178
3535.000 0.192
3540.000 0.198
3545.000 0.205
3550.000 0.217
3555.000 0.228
3560.000 0.238
3565.000 0.239
3570.000 0.253
3575.000 0.269
3580.000 0.280
3585.000 0.287
3590.000 0.308
3595.000 0.320
3600.000 0.343
3605.000 0.362
3610.000 0.387
3615.000 0.406
3620.000 0.439
3625.000 0.459
3630.000 0.483
3635.000 0.511
3640.000 0.555
3645.000 0.597
3650.000 0.658
3655.000 0.726
3660.000 0.811
3665.000 0.915
3670.000 1.039
3675.000 1.191
3680.000 1.380
3685.000 1.676
3690.000 1.897
3695.000 2.678
3700.000 4.241
3705.000 5.541
3710.000 5.859
3715.000 4.112
3720.000 2.804
3725.000 2.132
3730.000 1.712
3735.000 1.446
3740.000 1.228
3745.000 1.080
3750.000 0.968
3755.000 0.905
3760.000 0.827
3765.000 0.755
3770.000 0.692
3775.000 0.649
3780.000 0.604
3785.000 0.566
3790.000 0.537
3795.000 0.507
3800.000 0.483
3805.000 0.461
3810.000 0.447
3815.000 0.426
3820.000 0.408
3825.000 0.393
3830.000 0.380
3835.000 0.377
3840.000 0.351
3845.000 0.350
3850.000 0.335
3855.000 0.323
3860.000 0.315
3865.000 0.302
3870.000 0.298
3875.000 0.294
3880.000 0.291
3885.000 0.282
3890.000 0.274
3895.000 0.263
3900.000 0.263
3905.000 0.257
3910.000 0.255
3915.000 0.246
3920.000 0.247
3925.000 0.236
3930.000 0.236
3935.000 0.231
3940.000 0.234
3945.000 0.227
3950.000 0.224
3955.000 0.225
3960.000 0.219
3965.000 0.219
3970.000 0.215
3975.000 0.211
3980.000 0.207
3985.000 0.203
3990.000 0.201
3995.000 0.200
4000.000 0.202
4005.000 0.196
4010.000 0.200
4015.000 0.193
4020.000 0.193
4025.000 0.190
4030.000 0.192
4035.000 0.182
4040.000 0.188
4045.000 0.184
4050.000 0.183
4055.000 0.183
4060.000 0.183
4065.000 0.184
4070.000 0.181
4075.000 0.182
4080.000 0.174
4085.000 0.177
4090.000 0.174
4095.000 0.174
4100.000 0.174
4105.000 0.170
4110.000 0.174
4115.000 0.174
4120.000 0.169
4125.000 0.162
4130.000 0.169
4135.000 0.167
4140.000 0.161
4145.000 0.164
4150.000 0.163
4155.000 0.162
4160.000 0.159
4165.000 0.162
4170.000 0.156
4175.000 0.158
4180.000 0.153
4185.000 0.151
4190.000 0.151
4195.000 0.151
4200.000 0.150
4205.000 0.148
4210.000 0.144
4215.000 0.144
4220.000 0.140
4225.000 0.140
4230.000 0.137
4235.000 0.135
4240.000 0.138
4245.000 0.136
4250.000 0.135
4255.000 0.133
4260.000 0.128
4265.000 0.131
4270.000 0.136
4275.000 0.136
4280.000 0.134
4285.000 0.137
4290.000 0.135
4295.000 0.136
4300.000 0.134
4305.000 0.136
4310.000 0.140
4315.000 0.137
4320.000 0.138
4325.000 0.141
4330.000 0.138
4335.000 0.144
4340.000 0.147
4345.000 0.144
4350.000 0.138
4355.000 0.144
4360.000 0.145
4365.000 0.146
4370.000 0.144
4375.000 0.149
4380.000 0.147
4385.000 0.148
4390.000 0.147
4395.000 0.150
4400.000 0.145
4405.000 0.151
4410.000 0.149
4415.000 0.151
4420.000 0.154
4425.000 0.151
4430.000 0.150
4435.000 0.159
4440.000 0.157
4445.000 0.153
4450.000 0.158
4455.000 0.158
4460.000 0.154
4465.000 0.166
4470.000 0.162
4475.000 0.165
4480.000 0.161
4485.000 0.166
4490.000 0.164
4495.000 0.165
4500.000 0.170
4505.000 0.168
4510.000 0.169
4515.000 0.172
4520.000 0.172
4525.000 0.172
4530.000 0.175
4535.000 0.179
4540.000 0.174
4545.000 0.181
4550.000 0.176
4555.000 0.182
4560.000 0.178
4565.000 0.181
4570.000 0.184
4575.000 0.178
4580.000 0.184
4585.000 0.187
4590.000 0.190
4595.000 0.189
4600.000 0.194
4605.000 0.194
4610.000 0.193
4615.000 0.195
4620.000 0.201
4625.000 0.202
4630.000 0.206
4635.000 0.207
4640.000 0.212
4645.000 0.213
4650.000 0.217
4655.000 0.216
4660.000 0.217
4665.000 0.225
4670.000 0.223
4675.000 0.224
4680.000 0.226
4685.000 0.234
4690.000 0.231
4695.000 0.238
4700.000 0.247
4705.000 0.246
4710.000 0.247
4715.000 0.257
4720.000 0.262
4725.000 0.260
4730.000 0.264
4735.000 0.268
4740.000 0.276
4745.000 0.284
4750.000 0.289
4755.000 0.291
4760.000 0.303
4765.000 0.302
4770.000 0.311
4775.000 0.319
4780.000 0.331
4785.000 0.330
4790.000 0.340
4795.000 0.347
4800.000 0.357
4805.000 0.370
4810.000 0.376
4815.000 0.386
4820.000 0.397
4825.000 0.413
4830.000 0.425
4835.000 0.440
4840.000 0.455
4845.000 0.466
4850.000 0.477
4855.000 0.497
4860.000 0.519
4865.000 0.542
4870.000 0.567
4875.000 0.597
4880.000 0.620
4885.000 0.660
4890.000 0.692
4895.000 0.729
4900.000 0.775
4905.000 0.827
4910.000 0.856
4915.000 0.912
4920.000 0.984
4925.000 1.066
4930.000 1.161
4935.000 1.280
4940.000 1.423
4945.000 1.604
4950.000 1.834
4955.000 2.141
4960.000 2.607
4965.000 3.308
4970.000 3.803
4975.000 5.026
4980.000 4.131
4985.000 3.949
4990.000 4.497
4995.000 7.223
5000.000 7.998
5005.000 4.799
5010.000 3.745
5015.000 2.932
5020.000 2.474
5025.000 2.282
5030.000 1.994
5035.000 1.757
5040.000 1.581
5045.000 1.436
5050.000 1.325
5055.000 1.225
5060.000 1.145
5065.000 1.076
5070.000 1.009
5075.000 0.966
5080.000 0.909
5085.000 0.873
5090.000 0.857
5095.000 0.828
5100.000 0.786
5105.000 0.762
5110.000 0.735
5115.000 0.710
5120.000 0.692
5125.000 0.676
5130.000 0.657
5135.000 0.634
5140.000 0.623
5145.000 0.610
5150.000 0.607
5155.000 0.594
5160.000 0.578
5165.000 0.570
5170.000 0.561
5175.000 0.551
5180.000 0.546
5185.000 0.539
5190.000 0.527
5195.000 0.524
5200.000 0.516
5205.000 0.511
5210.000 0.505
5215.000 0.500
5220.000 0.494
5225.000 0.492
5230.000 0.488
5235.000 0.480
5240.000 0.476
5245.000 0.470
5250.000 0.469
5255.000 0.465
5260.000 0.459
5265.000 0.462
5270.000 0.461
5275.000 0.457
5280.000 0.456
5285.000 0.448
5290.000 0.445
5295.000 0.443
5300.000 0.439
5305.000 0.439
5310.000 0.432
5315.000 0.431
5320.000 0.427
5325.000 0.425
5330.000 0.428
5335.000 0.424
5340.000 0.418
5345.000 0.419
5350.000 0.410
5355.000 0.412
5360.000 0.410
5365.000 0.406
5370.000 0.401
5375.000 0.404
5380.000 0.398
5385.000 0.395
5390.000 0.397
5395.000 0.392
5400.000 0.390
5405.000 0.394
5410.000 0.387
5415.000 0.380
5420.000 0.376
5425.000 0.380
5430.000 0.371
5435.000 0.374
5440.000 0.366
5445.000 0.360
5450.000 0.362
5455.000 0.364
5460.000 0.362
5465.000 0.356
5470.000 0.354
5475.000 0.348
5480.000 0.348
5485.000 0.345
5490.000 0.343
5495.000 0.336
5500.000 0.337
5505.000 0.336
5510.000 0.338
5515.000 0.332
5520.000 0.325
5525.000 0.325
5530.000 0.327
5535.000 0.323
5540.000 0.321
5545.000 0.317
5550.000 0.319
5555.000 0.313
5560.000 0.310
5565.000 0.309
5570.000 0.311
5575.000 0.304
5580.000 0.303
5585.000 0.303
5590.000 0.301
5595.000 0.301
5600.000 0.301
5605.000 0.295
5610.000 0.293
5615.000 0.294
5620.000 0.292
5625.000 0.290
5630.000 0.290
5635.000 0.285
5640.000 0.284
5645.000 0.283
5650.000 0.281
5655.000 0.284
5660.000 0.284
5665.000 0.276
5670.000 0.281
5675.000 0.273
5680.000 0.276
5685.000 0.272
5690.000 0.275
5695.000 0.277
5700.000 0.274
5705.000 0.271
5710.000 0.270
5715.000 0.271
5720.000 0.270
5725.000 0.271
5730.000 0.271
5735.000 0.269
5740.000 0.267
5745.000 0.272
5750.000 0.265
5755.000 0.271
5760.000 0.266
5765.000 0.264
5770.000 0.265
5775.000 0.266
5780.000 0.263
5785.000 0.266
5790.000 0.266
5795.000 0.268
5800.000 0.268
5805.000 0.263
5810.000 0.266
5815.000 0.262
5820.000 0.269
5825.000 0.265
5830.000 0.263
5835.000 0.268
5840.000 0.266
5845.000 0.267
5850.000 0.268
5855.000 0.266
5860.000 0.270
5865.000 0.272
5870.000 0.271
5875.000 0.271
5880.000 0.266
5885.000 0.268
5890.000 0.273
5895.000 0.270
5900.000 0.272
5905.000 0.276
5910.000 0.280
5915.000 0.273
5920.000 0.276
5925.000 0.276
5930.000 0.280
5935.000 0.279
5940.000 0.283
5945.000 0.284
5950.000 0.286
5955.000 0.281
5960.000 0.285
5965.000 0.295
5970.000 0.291
5975.000 0.288
5980.000 0.294
5985.000 0.297
5990.000 0.303
5995.000 0.298
6000.000 0.298
6005.000 0.299
6010.000 0.310
6015.000 0.315
6020.000 0.309
6025.000 0.306
6030.000 0.312
6035.000 0.321
6040.000 0.317
6045.000 0.314
6050.000 0.320
6055.000 0.316
6060.000 0.321
6065.000 0.331
6070.000 0.319
6075.000 0.329
6080.000 0.343
6085.000 0.337
6090.000 0.357
6095.000 0.368
6100.000 0.365
6105.000 0.371
6110.000 0.368
6115.000 0.368
6120.000 0.377
6125.000 0.373
6130.000 0.390
6135.000 0.396
6140.000 0.401
6145.000 0.412
6150.000 0.424
6155.000 0.441
6160.000 0.448
6165.000 0.461
6170.000 0.478
6175.000 0.501
6180.000 0.525
6185.000 0.537
6190.000 0.570
6195.000 0.611
6200.000 0.660
6205.000 0.722
6210.000 0.807
6215.000 0.938
6220.000 1.118
6225.000 1.399
6230.000 1.880
6235.000 2.505
6240.000 2.822
6245.000 3.109
6250.000 2.475
6255.000 1.393
6260.000 1.046
6265.000 0.822
6270.000 0.716
6275.000 0.742
6280.000 0.718
6285.000 0.687
6290.000 0.656
6295.000 0.605
6300.000 0.557
6305.000 0.526
6310.000 0.479
6315.000 0.431
6320.000 0.390
6325.000 0.340
6330.000 0.301
6335.000 0.270
6340.000 0.239
6345.000 0.216
6350.000 0.194
6355.000 0.168
6360.000 0.157
6365.000 0.139
6370.000 0.137
6375.000 0.114
6380.000 0.093
6385.000 0.082
6390.000 0.073
6395.000 0.062
6400.000 0.055
6405.000 0.045
6410.000 0.038
6415.000 0.030
6420.000 0.028
6425.000 0.030
6430.000 0.034
6435.000 0.039
6440.000 0.039
6445.000 0.051
6450.000 0.058
6455.000 0.063
6460.000 0.075
6465.000 0.084
6470.000 0.090
6475.000 0.099
6480.000 0.115
6485.000 0.120
6490.000 0.127
6495.000 0.140
6500.000 0.151
6505.000 0.170
6510.000 0.184
6515.000 0.206
6520.000 0.225
6525.000 0.244
6530.000 0.277
6535.000 0.306
6540.000 0.354
6545.000 0.406
6550.000 0.439
6555.000 0.535
6560.000 0.652
6565.000 0.853
6570.000 1.236
6575.000 2.087
6580.000 4.222
6585.000 5.882
6590.000 0.809
6595.000 0.648
6600.000 0.484
6605.000 0.548
6610.000 0.492
6615.000 0.394
6620.000 0.314
6625.000 0.282
6630.000 0.243
6635.000 0.214
6640.000 0.192
6645.000 0.178
6650.000 0.160
6655.000 0.142
6660.000 0.131
6665.000 0.123
6670.000 0.110
6675.000 0.103
6680.000 0.093
6685.000 0.092
6690.000 0.081
6695.000 0.072
6700.000 0.067
6705.000 0.063
6710.000 0.055
6715.000 0.051
6720.000 0.044
6725.000 0.045
6730.000 0.038
6735.000 0.042
6740.000 0.029
6745.000 0.028
6750.000 0.024
6755.000 0.019
6760.000 0.016
6765.000 0.019
6770.000 0.015
6775.000 0.012
6780.000 0.009
6785.000 0.010
6790.000 0.012
6795.000 0.006
6800.000 0.012
6805.000 0.014
6810.000 0.016
6815.000 0.013
6820.000 0.016
6825.000 0.021
6830.000 0.021
6835.000 0.023
6840.000 0.030
6845.000 0.032
6850.000 0.028
6855.000 0.032
6860.000 0.036
6865.000 0.035
6870.000 0.037
6875.000 0.040
6880.000 0.042
6885.000 0.049
6890.000 0.042
6895.000 0.048
6900.000 0.052
6905.000 0.052
6910.000 0.059
6915.000 0.055
6920.000 0.059
6925.000 0.062
6930.000 0.065
6935.000 0.061
6940.000 0.068
6945.000 0.069
6950.000 0.071
6955.000 0.063
6960.000 0.078
6965.000 0.078
6970.000 0.079
6975.000 0.079
6980.000 0.084
6985.000 0.087
6990.000 0.084
6995.000 0.086
7000.000 0.088
7005.000 0.091
7010.000 0.097
7015.000 0.101
7020.000 0.105
7025.000 0.099
7030.000 0.108
7035.000 0.108
7040.000 0.112
7045.000 0.113
7050.000 0.115
7055.000 0.120
7060.000 0.120
7065.000 0.124
7070.000 0.126
7075.000 0.127
7080.000 0.131
7085.000 0.136
7090.000 0.137
7095.000 0.137
7100.000 0.143
7105.000 0.145
7110.000 0.147
7115.000 0.155
7120.000 0.159
7125.000 0.164
7130.000 0.166
7135.000 0.168
7140.000 0.172
7145.000 0.178
7150.000 0.183
7155.000 0.187
7160.000 0.186
7165.000 0.191
7170.000 0.197
7175.000 0.204
7180.000 0.213
7185.000 0.215
7190.000 0.220
7195.000 0.225
7200.000 0.232
7205.000 0.240
7210.000 0.240
7215.000 0.253
7220.000 0.252
7225.000 0.261
7230.000 0.270
7235.000 0.277
7240.000 0.285
7245.000 0.294
7250.000 0.305
7255.000 0.317
7260.000 0.327
7265.000 0.334
7270.000 0.349
7275.000 0.354
7280.000 0.367
7285.000 0.381
7290.000 0.399
7295.000 0.409
7300.000 0.426
7305.000 0.445
7310.000 0.463
7315.000 0.481
7320.000 0.505
7325.000 0.528
7330.000 0.554
7335.000 0.575
7340.000 0.593
7345.000 0.624
7350.000 0.660
7355.000 0.699
7360.000 0.737
7365.000 0.786
7370.000 0.841
7375.000 0.894
7380.000 0.960
7385.000 1.042
7390.000 1.130
7395.000 1.230
7400.000 1.289
7405.000 1.432
7410.000 1.591
7415.000 1.799
7420.000 2.056
7425.000 2.374
7430.000 2.807
7435.000 3.403
7440.000 4.204
7445.000 5.197
7450.000 6.147
7455.000 6.473
7460.000 5.592
7465.000 4.884
7470.000 3.462
7475.000 2.469
7480.000 2.089
7485.000 2.134
7490.000 1.990
7495.000 1.830
7500.000 1.649
7505.000 1.494
7510.000 1.365
7515.000 1.259
7520.000 1.213
7525.000 1.135
7530.000 1.057
7535.000 0.993
7540.000 0.945
7545.000 0.893
7550.000 0.851
7555.000 0.810
7560.000 0.776
7565.000 0.744
7570.000 0.709
7575.000 0.688
7580.000 0.662
7585.000 0.653
7590.000 0.627
7595.000 0.604
7600.000 0.587
7605.000 0.567
7610.000 0.554
7615.000 0.535
7620.000 0.519
7625.000 0.512
7630.000 0.495
7635.000 0.483
7640.000 0.478
7645.000 0.465
7650.000 0.460
7655.000 0.447
7660.000 0.441
7665.000 0.431
7670.000 0.418
7675.000 0.415
7680.000 0.405
7685.000 0.398
7690.000 0.389
7695.000 0.390
7700.000 0.376
7705.000 0.370
7710.000 0.365
7715.000 0.364
7720.000 0.358
7725.000 0.351
7730.000 0.346
7735.000 0.340
7740.000 0.333
7745.000 0.329
7750.000 0.327
7755.000 0.321
7760.000 0.313
7765.000 0.311
7770.000 0.314
7775.000 0.309
7780.000 0.308
7785.000 0.297
7790.000 0.298
7795.000 0.293
7800.000 0.285
7805.000 0.285
7810.000 0.281
7815.000 0.281
7820.000 0.275
7825.000 0.273
7830.000 0.268
7835.000 0.266
7840.000 0.263
7845.000 0.263
7850.000 0.259
7855.000 0.260
7860.000 0.250
7865.000 0.250
7870.000 0.250
7875.000 0.246
7880.000 0.241
7885.000 0.236
7890.000 0.235
7895.000 0.236
7900.000 0.229
7905.000 0.226
7910.000 0.224
7915.000 0.219
7920.000 0.219
7925.000 0.214
7930.000 0.211
7935.000 0.205
7940.000 0.197
7945.000 0.199
7950.000 0.194
7955.000 0.191
7960.000 0.187
7965.000 0.181
7970.000 0.175
7975.000 0.161
7980.000 0.160
7985.000 0.146
7990.000 0.144
7995.000 0.127
8000.000 0.117
