2005.000 0.246
2010.000 0.236
2015.000 0.237
2020.000 0.235
2025.000 0.230
2030.000 0.240
2035.000 0.233
2040.000 0.231
2045.000 0.235
2050.000 0.239
2055.000 0.232
2060.000 0.230
2065.000 0.230
2070.000 0.235
2075.000 0.227
2080.000 0.234
2085.000 0.236
2090.000 0.231
2095.000 0.238
2100.000 0.237
2105.000 0.231
2110.000 0.233
2115.000 0.238
2120.000 0.243
2125.000 0.239
2130.000 0.243
2135.000 0.241
2140.000 0.237
2145.000 0.244
2150.000 0.250
2155.000 0.254
2160.000 0.250
2165.000 0.269
2170.000 0.244
2175.000 0.290
2180.000 0.297
2185.000 0.280
2190.000 0.285
2195.000 0.295
2200.000 0.296
2205.000 0.307
2210.000 0.319
2215.000 0.321
2220.000 0.338
2225.000 0.351
2230.000 0.360
2235.000 0.393
2240.000 0.404
2245.000 0.428
2250.000 0.452
2255.000 0.479
2260.000 0.508
2265.000 0.529
2270.000 0.589
2275.000 0.635
2280.000 0.733
2285.000 0.810
2290.000 0.959
2295.000 1.051
2300.000 1.218
2305.000 1.974
2310.000 4.575
2315.000 4.572
2320.000 2.987
2325.000 1.653
2330.000 1.244
2335.000 0.958
2340.000 0.701
2345.000 0.576
2350.000 0.526
2355.000 0.438
2360.000 0.406
2365.000 0.364
2370.000 0.319
2375.000 0.280
2380.000 0.273
2385.000 0.253
2390.000 0.228
2395.000 0.221
2400.000 0.207
2405.000 0.194
2410.000 0.194
2415.000 0.240
2420.000 0.174
2425.000 0.156
2430.000 0.143
2435.000 0.137
2440.000 0.136
2445.000 0.124
2450.000 0.120
2455.000 0.113
2460.000 0.107
2465.000 0.104
2470.000 0.106
2475.000 0.099
2480.000 0.090
2485.000 0.087
2490.000 0.085
2495.000 0.080
2500.000 0.081
2505.000 0.077
2510.000 0.082
2515.000 0.084
2520.000 0.074
2525.000 0.077
2530.000 0.079
2535.000 0.075
2540.000 0.074
2545.000 0.074
2550.000 0.066
2555.000 0.072
2560.000 0.074
2565.000 0.068
2570.000 0.071
2575.000 0.067
2580.000 0.068
2585.000 0.065
2590.000 0.066
2595.000 0.076
2600.000 0.065
2605.000 0.067
2610.000 0.067
2615.000 0.061
2620.000 0.068
2625.000 0.068
2630.000 0.075
2635.000 0.068
2640.000 0.073
2645.000 0.071
2650.000 0.074
2655.000 0.073
2660.000 0.065
2665.000 0.071
2670.000 0.076
2675.000 0.071
2680.000 0.072
2685.000 0.068
2690.000 0.074
2695.000 0.069
2700.000 0.073
2705.000 0.073
2710.000 0.077
2715.000 0.077
2720.000 0.074
2725.000 0.075
2730.000 0.073
2735.000 0.073
2740.000 0.072
2745.000 0.080
2750.000 0.076
2755.000 0.083
2760.000 0.075
2765.000 0.074
2770.000 0.075
2775.000 0.074
2780.000 0.084
2785.000 0.077
2790.000 0.081
2795.000 0.077
2800.000 0.080
2805.000 0.079
2810.000 0.078
2815.000 0.077
2820.000 0.072
2825.000 0.076
2830.000 0.075
2835.000 0.078
2840.000 0.076
2845.000 0.074
2850.000 0.075
2855.000 0.082
2860.000 0.077
2865.000 0.066
2870.000 0.085
2875.000 0.072
2880.000 0.076
2885.000 0.077
2890.000 0.068
2895.000 0.068
2900.000 0.073
2905.000 0.073
2910.000 0.068
2915.000 0.067
2920.000 0.065
2925.000 0.066
2930.000 0.066
2935.000 0.066
2940.000 0.068
2945.000 0.061
2950.000 0.057
2955.000 0.056
2960.000 0.055
2965.000 0.060
2970.000 0.058
2975.000 0.050
2980.000 0.056
2985.000 0.052
2990.000 0.050
2995.000 0.051
3000.000 0.044
3005.000 0.047
3010.000 0.048
3015.000 0.053
3020.000 0.045
3025.000 0.043
3030.000 0.043
3035.000 0.044
3040.000 0.038
3045.000 0.041
3050.000 0.036
3055.000 0.040
3060.000 0.034
3065.000 0.036
3070.000 0.028
3075.000 0.033
3080.000 0.031
3085.000 0.030
3090.000 0.025
3095.000 0.024
3100.000 0.024
3105.000 0.024
3110.000 0.027
3115.000 0.026
3120.000 0.016
3125.000 0.026
3130.000 0.025
3135.000 0.021
3140.000 0.018
3145.000 0.017
3150.000 0.018
3155.000 0.013
3160.000 0.013
3165.000 0.011
3170.000 0.012
3175.000 0.009
3180.000 0.010
3185.000 0.008
3190.000 0.006
3195.000 0.008
3200.000 0.005
3205.000 0.010
3210.000 0.009
3215.000 0.007
3220.000 0.008
3225.000 0.009
3230.000 0.007
3235.000 0.008
3240.000 0.012
3245.000 0.013
3250.000 0.012
3255.000 0.010
3260.000 0.013
3265.000 0.012
3270.000 0.015
3275.000 0.017
3280.000 0.024
3285.000 0.026
3290.000 0.021
3295.000 0.022
3300.000 0.026
3305.000 0.028
3310.000 0.029
3315.000 0.022
3320.000 0.025
3325.000 0.034
3330.000 0.031
3335.000 0.037
3340.000 0.033
3345.000 0.035
3350.000 0.035
3355.000 0.043
3360.000 0.037
3365.000 0.046
3370.000 0.041
3375.000 0.044
3380.000 0.047
3385.000 0.052
3390.000 0.050
3395.000 0.053
3400.000 0.054
3405.000 0.061
3410.000 0.064
3415.000 0.063
3420.000 0.065
3425.000 0.064
3430.000 0.061
3435.000 0.067
3440.000 0.073
3445.000 0.075
3450.000 0.080
3455.000 0.082
3460.000 0.086
3465.000 0.083
3470.000 0.089
3475.000 0.093
3480.000 0.094
3485.000 0.099
3490.000 0.103
3495.000 0.106
3500.000 0.109
3505.000 0.115
3510.000 0.119
3515.000 0.127
3520.000 0.128
3525.000 0.133
3530.000 0.139
3535.000 0.144
3540.000 0.150
3545.000 0.153
3550.000 0.163
3555.000 0.176
3560.000 0.174
3565.000 0.189
3570.000 0.200
3575.000 0.211
3580.000 0.217
3585.000 0.225
3590.000 0.243
3595.000 0.251
3600.000 0.264
3605.000 0.283
3610.000 0.299
3615.000 0.317
3620.000 0.337
3625.000 0.370
3630.000 0.402
3635.000 0.433
3640.000 0.469
3645.000 0.509
3650.000 0.568
3655.000 0.632
3660.000 0.665
3665.000 0.758
3670.000 0.874
3675.000 1.019
3680.000 1.230
3685.000 1.543
3690.000 2.017
3695.000 2.826
3700.000 3.821
3705.000 4.264
3710.000 4.368
3715.000 2.891
3720.000 2.410
3725.000 1.744
3730.000 1.405
3735.000 1.196
3740.000 1.029
3745.000 0.899
3750.000 0.799
3755.000 0.733
3760.000 0.669
3765.000 0.611
3770.000 0.564
3775.000 0.533
3780.000 0.515
3785.000 0.491
3790.000 0.460
3795.000 0.437
3800.000 0.417
3805.000 0.395
3810.000 0.382
3815.000 0.362
3820.000 0.355
3825.000 0.337
3830.000 0.327
3835.000 0.313
3840.000 0.310
3845.000 0.305
3850.000 0.292
3855.000 0.283
3860.000 0.278
3865.000 0.268
3870.000 0.263
3875.000 0.257
3880.000 0.252
3885.000 0.245
3890.000 0.239
3895.000 0.242
3900.000 0.227
3905.000 0.226
3910.000 0.224
3915.000 0.225
3920.000 0.219
3925.000 0.211
3930.000 0.209
3935.000 0.205
3940.000 0.207
3945.000 0.206
3950.000 0.197
3955.000 0.195
3960.000 0.196
3965.000 0.188
3970.000 0.186
3975.000 0.185
3980.000 0.183
3985.000 0.179
3990.000 0.180
3995.000 0.178
4000.000 0.179
4005.000 0.173
4010.000 0.174
4015.000 0.171
4020.000 0.175
4025.000 0.169
4030.000 0.167
4035.000 0.162
4040.000 0.169
4045.000 0.165
4050.000 0.164
4055.000 0.168
4060.000 0.164
4065.000 0.166
4070.000 0.161
4075.000 0.158
4080.000 0.163
4085.000 0.158
4090.000 0.155
4095.000 0.156
4100.000 0.153
4105.000 0.155
4110.000 0.159
4115.000 0.152
4120.000 0.151
4125.000 0.153
4130.000 0.149
4135.000 0.148
4140.000 0.148
4145.000 0.152
4150.000 0.147
4155.000 0.145
4160.000 0.147
4165.000 0.142
4170.000 0.143
4175.000 0.141
4180.000 0.136
4185.000 0.142
4190.000 0.139
4195.000 0.138
4200.000 0.133
4205.000 0.135
4210.000 0.134
4215.000 0.131
4220.000 0.135
4225.000 0.127
4230.000 0.125
4235.000 0.128
4240.000 0.125
4245.000 0.122
4250.000 0.123
4255.000 0.121
4260.000 0.125
4265.000 0.123
4270.000 0.128
4275.000 0.133
4280.000 0.126
4285.000 0.128
4290.000 0.123
4295.000 0.127
4300.000 0.127
4305.000 0.128
4310.000 0.132
4315.000 0.129
4320.000 0.138
4325.000 0.131
4330.000 0.127
4335.000 0.133
4340.000 0.131
4345.000 0.133
4350.000 0.135
4355.000 0.132
4360.000 0.136
4365.000 0.135
4370.000 0.136
4375.000 0.140
4380.000 0.139
4385.000 0.138
4390.000 0.140
4395.000 0.143
4400.000 0.141
4405.000 0.141
4410.000 0.144
4415.000 0.142
4420.000 0.144
4425.000 0.145
4430.000 0.143
4435.000 0.151
4440.000 0.149
4445.000 0.154
4450.000 0.145
4455.000 0.151
4460.000 0.147
4465.000 0.149
4470.000 0.155
4475.000 0.152
4480.000 0.157
4485.000 0.154
4490.000 0.158
4495.000 0.157
4500.000 0.157
4505.000 0.162
4510.000 0.157
4515.000 0.166
4520.000 0.163
4525.000 0.165
4530.000 0.169
4535.000 0.167
4540.000 0.171
4545.000 0.169
4550.000 0.173
4555.000 0.175
4560.000 0.172
4565.000 0.175
4570.000 0.177
4575.000 0.181
4580.000 0.180
4585.000 0.185
4590.000 0.184
4595.000 0.184
4600.000 0.185
4605.000 0.194
4610.000 0.187
4615.000 0.190
4620.000 0.190
4625.000 0.200
4630.000 0.196
4635.000 0.200
4640.000 0.204
4645.000 0.200
4650.000 0.205
4655.000 0.208
4660.000 0.214
4665.000 0.215
4670.000 0.219
4675.000 0.220
4680.000 0.228
4685.000 0.227
4690.000 0.232
4695.000 0.230
4700.000 0.231
4705.000 0.237
4710.000 0.244
4715.000 0.245
4720.000 0.255
4725.000 0.259
4730.000 0.262
4735.000 0.266
4740.000 0.274
4745.000 0.275
4750.000 0.285
4755.000 0.289
4760.000 0.292
4765.000 0.298
4770.000 0.308
4775.000 0.309
4780.000 0.318
4785.000 0.331
4790.000 0.337
4795.000 0.348
4800.000 0.353
4805.000 0.370
4810.000 0.380
4815.000 0.385
4820.000 0.398
4825.000 0.404
4830.000 0.423
4835.000 0.437
4840.000 0.457
4845.000 0.471
4850.000 0.484
4855.000 0.506
4860.000 0.530
4865.000 0.554
4870.000 0.579
4875.000 0.590
4880.000 0.626
4885.000 0.654
4890.000 0.689
4895.000 0.726
4900.000 0.770
4905.000 0.823
4910.000 0.874
4915.000 0.942
4920.000 1.013
4925.000 1.104
4930.000 1.205
4935.000 1.340
4940.000 1.409
4945.000 1.582
4950.000 1.805
4955.000 2.112
4960.000 2.523
4965.000 3.213
4970.000 4.273
4975.000 5.283
4980.000 2.421
4985.000 5.857
4990.000 6.548
4995.000 7.007
5000.000 8.128
5005.000 5.571
5010.000 4.081
5015.000 3.208
5020.000 2.647
5025.000 2.266
5030.000 1.973
5035.000 1.755
5040.000 1.578
5045.000 1.447
5050.000 1.337
5055.000 1.290
5060.000 1.200
5065.000 1.123
5070.000 1.058
5075.000 1.002
5080.000 0.947
5085.000 0.908
5090.000 0.873
5095.000 0.833
5100.000 0.803
5105.000 0.780
5110.000 0.752
5115.000 0.731
5120.000 0.720
5125.000 0.700
5130.000 0.682
5135.000 0.663
5140.000 0.650
5145.000 0.635
5150.000 0.624
5155.000 0.608
5160.000 0.594
5165.000 0.593
5170.000 0.580
5175.000 0.567
5180.000 0.565
5185.000 0.559
5190.000 0.551
5195.000 0.540
5200.000 0.537
5205.000 0.529
5210.000 0.528
5215.000 0.525
5220.000 0.522
5225.000 0.512
5230.000 0.507
5235.000 0.506
5240.000 0.510
5245.000 0.500
5250.000 0.491
5255.000 0.491
5260.000 0.489
5265.000 0.486
5270.000 0.483
5275.000 0.476
5280.000 0.473
5285.000 0.472
5290.000 0.465
5295.000 0.468
5300.000 0.469
5305.000 0.463
5310.000 0.462
5315.000 0.458
5320.000 0.457
5325.000 0.454
5330.000 0.451
5335.000 0.444
5340.000 0.450
5345.000 0.440
5350.000 0.438
5355.000 0.433
5360.000 0.440
5365.000 0.436
5370.000 0.434
5375.000 0.428
5380.000 0.429
5385.000 0.426
5390.000 0.421
5395.000 0.416
5400.000 0.419
5405.000 0.412
5410.000 0.415
5415.000 0.411
5420.000 0.403
5425.000 0.405
5430.000 0.401
5435.000 0.397
5440.000 0.402
5445.000 0.392
5450.000 0.394
5455.000 0.390
5460.000 0.386
5465.000 0.390
5470.000 0.386
5475.000 0.381
5480.000 0.378
5485.000 0.379
5490.000 0.372
5495.000 0.378
5500.000 0.369
5505.000 0.373
5510.000 0.365
5515.000 0.361
5520.000 0.365
5525.000 0.360
5530.000 0.362
5535.000 0.358
5540.000 0.356
5545.000 0.346
5550.000 0.355
5555.000 0.349
5560.000 0.348
5565.000 0.341
5570.000 0.346
5575.000 0.345
5580.000 0.340
5585.000 0.339
5590.000 0.339
5595.000 0.334
5600.000 0.335
5605.000 0.330
5610.000 0.333
5615.000 0.327
5620.000 0.327
5625.000 0.325
5630.000 0.326
5635.000 0.320
5640.000 0.322
5645.000 0.320
5650.000 0.325
5655.000 0.322
5660.000 0.317
5665.000 0.318
5670.000 0.318
5675.000 0.315
5680.000 0.316
5685.000 0.314
5690.000 0.315
5695.000 0.314
5700.000 0.313
5705.000 0.308
5710.000 0.310
5715.000 0.311
5720.000 0.307
5725.000 0.308
5730.000 0.308
5735.000 0.310
5740.000 0.308
5745.000 0.309
5750.000 0.310
5755.000 0.307
5760.000 0.307
5765.000 0.310
5770.000 0.311
5775.000 0.307
5780.000 0.309
5785.000 0.311
5790.000 0.312
5795.000 0.307
5800.000 0.313
5805.000 0.310
5810.000 0.311
5815.000 0.308
5820.000 0.311
5825.000 0.315
5830.000 0.312
5835.000 0.313
5840.000 0.310
5845.000 0.317
5850.000 0.313
5855.000 0.315
5860.000 0.323
5865.000 0.318
5870.000 0.317
5875.000 0.325
5880.000 0.328
5885.000 0.330
5890.000 0.329
5895.000 0.333
5900.000 0.332
5905.000 0.329
5910.000 0.330
5915.000 0.333
5920.000 0.337
5925.000 0.344
5930.000 0.340
5935.000 0.345
5940.000 0.351
5945.000 0.341
5950.000 0.347
5955.000 0.358
5960.000 0.359
5965.000 0.360
5970.000 0.359
5975.000 0.366
5980.000 0.362
5985.000 0.368
5990.000 0.375
5995.000 0.379
6000.000 0.382
6005.000 0.384
6010.000 0.393
6015.000 0.398
6020.000 0.398
6025.000 0.404
6030.000 0.406
6035.000 0.406
6040.000 0.417
6045.000 0.421
6050.000 0.425
6055.000 0.434
6060.000 0.436
6065.000 0.447
6070.000 0.449
6075.000 0.462
6080.000 0.475
6085.000 0.471
6090.000 0.478
6095.000 0.493
6100.000 0.500
6105.000 0.505
6110.000 0.523
6115.000 0.533
6120.000 0.552
6125.000 0.567
6130.000 0.584
6135.000 0.606
6140.000 0.626
6145.000 0.641
6150.000 0.670
6155.000 0.674
6160.000 0.712
6165.000 0.746
6170.000 0.785
6175.000 0.841
6180.000 0.890
6185.000 0.956
6190.000 1.038
6195.000 1.140
6200.000 1.261
6205.000 1.428
6210.000 1.548
6215.000 1.765
6220.000 2.139
6225.000 2.699
6230.000 3.423
6235.000 4.434
6240.000 5.080
6245.000 4.616
6250.000 2.560
6255.000 0.938
6260.000 0.226
6265.000 0.275
6270.000 0.387
6275.000 0.504
6280.000 0.593
6285.000 0.659
6290.000 0.712
6295.000 0.680
6300.000 0.669
6305.000 0.628
6310.000 0.596
6315.000 0.568
6320.000 0.518
6325.000 0.484
6330.000 0.451
6335.000 0.432
6340.000 0.410
6345.000 0.368
6350.000 0.368
6355.000 0.323
6360.000 0.304
6365.000 0.275
6370.000 0.255
6375.000 0.235
6380.000 0.200
6385.000 0.196
6390.000 0.185
6395.000 0.174
6400.000 0.159
6405.000 0.147
6410.000 0.131
6415.000 0.121
6420.000 0.106
6425.000 0.091
6430.000 0.083
6435.000 0.072
6440.000 0.063
6445.000 0.054
6450.000 0.046
6455.000 0.036
6460.000 0.027
6465.000 0.017
6470.000 0.016
6475.000 0.020
6480.000 0.028
6485.000 0.042
6490.000 0.053
6495.000 0.074
6500.000 0.083
6505.000 0.104
6510.000 0.122
6515.000 0.136
6520.000 0.157
6525.000 0.176
6530.000 0.217
6535.000 0.254
6540.000 0.294
6545.000 0.351
6550.000 0.448
6555.000 0.543
6560.000 0.712
6565.000 0.985
6570.000 1.506
6575.000 2.995
6580.000 4.353
6585.000 5.917
6590.000 1.208
6595.000 1.340
6600.000 0.891
6605.000 0.606
6610.000 0.506
6615.000 0.466
6620.000 0.399
6625.000 0.359
6630.000 0.329
6635.000 0.296
6640.000 0.279
6645.000 0.261
6650.000 0.241
6655.000 0.226
6660.000 0.210
6665.000 0.195
6670.000 0.189
6675.000 0.176
6680.000 0.164
6685.000 0.160
6690.000 0.152
6695.000 0.142
6700.000 0.139
6705.000 0.131
6710.000 0.128
6715.000 0.124
6720.000 0.119
6725.000 0.110
6730.000 0.103
6735.000 0.103
6740.000 0.095
6745.000 0.089
6750.000 0.086
6755.000 0.082
6760.000 0.084
6765.000 0.081
6770.000 0.072
6775.000 0.066
6780.000 0.068
6785.000 0.067
6790.000 0.065
6795.000 0.060
6800.000 0.055
6805.000 0.056
6810.000 0.049
6815.000 0.045
6820.000 0.046
6825.000 0.039
6830.000 0.042
6835.000 0.034
6840.000 0.034
6845.000 0.032
6850.000 0.035
6855.000 0.031
6860.000 0.034
6865.000 0.026
6870.000 0.025
6875.000 0.022
6880.000 0.019
6885.000 0.021
6890.000 0.018
6895.000 0.018
6900.000 0.012
6905.000 0.014
6910.000 0.008
6915.000 0.010
6920.000 0.007
6925.000 0.008
6930.000 0.009
6935.000 0.006
6940.000 0.009
6945.000 0.006
6950.000 0.011
6955.000 0.009
6960.000 0.009
6965.000 0.013
6970.000 0.016
6975.000 0.017
6980.000 0.023
6985.000 0.025
6990.000 0.027
6995.000 0.031
7000.000 0.029
7005.000 0.031
7010.000 0.033
7015.000 0.031
7020.000 0.032
7025.000 0.035
7030.000 0.045
7035.000 0.045
7040.000 0.042
7045.000 0.046
7050.000 0.046
7055.000 0.054
7060.000 0.054
7065.000 0.053
7070.000 0.057
7075.000 0.065
7080.000 0.056
7085.000 0.063
7090.000 0.066
7095.000 0.074
7100.000 0.076
7105.000 0.076
7110.000 0.080
7115.000 0.087
7120.000 0.085
7125.000 0.091
7130.000 0.091
7135.000 0.093
7140.000 0.097
7145.000 0.100
7150.000 0.105
7155.000 0.102
7160.000 0.116
7165.000 0.115
7170.000 0.116
7175.000 0.119
7180.000 0.125
7185.000 0.131
7190.000 0.135
7195.000 0.135
7200.000 0.143
7205.000 0.148
7210.000 0.150
7215.000 0.161
7220.000 0.165
7225.000 0.169
7230.000 0.173
7235.000 0.181
7240.000 0.191
7245.000 0.194
7250.000 0.201
7255.000 0.209
7260.000 0.214
7265.000 0.224
7270.000 0.230
7275.000 0.241
7280.000 0.254
7285.000 0.265
7290.000 0.280
7295.000 0.283
7300.000 0.303
7305.000 0.314
7310.000 0.316
7315.000 0.330
7320.000 0.344
7325.000 0.368
7330.000 0.386
7335.000 0.404
7340.000 0.435
7345.000 0.456
7350.000 0.488
7355.000 0.515
7360.000 0.546
7365.000 0.588
7370.000 0.603
7375.000 0.651
7380.000 0.696
7385.000 0.755
7390.000 0.823
7395.000 0.907
7400.000 0.992
7405.000 1.114
7410.000 1.222
7415.000 1.391
7420.000 1.595
7425.000 1.852
7430.000 2.207
7435.000 2.425
7440.000 3.087
7445.000 3.890
7450.000 4.762
7455.000 5.403
7460.000 5.183
7465.000 4.104
7470.000 2.954
7475.000 1.943
7480.000 1.487
7485.000 1.541
7490.000 1.487
7495.000 1.382
7500.000 1.263
7505.000 1.160
7510.000 1.067
7515.000 0.994
7520.000 0.928
7525.000 0.870
7530.000 0.820
7535.000 0.775
7540.000 0.738
7545.000 0.705
7550.000 0.685
7555.000 0.660
7560.000 0.632
7565.000 0.607
7570.000 0.587
7575.000 0.562
7580.000 0.543
7585.000 0.521
7590.000 0.509
7595.000 0.493
7600.000 0.482
7605.000 0.466
7610.000 0.454
7615.000 0.452
7620.000 0.438
7625.000 0.421
7630.000 0.418
7635.000 0.408
7640.000 0.396
7645.000 0.389
7650.000 0.384
7655.000 0.371
7660.000 0.369
7665.000 0.361
7670.000 0.355
7675.000 0.352
7680.000 0.345
7685.000 0.347
7690.000 0.332
7695.000 0.330
7700.000 0.331
7705.000 0.318
7710.000 0.314
7715.000 0.312
7720.000 0.303
7725.000 0.306
7730.000 0.303
7735.000 0.296
7740.000 0.295
7745.000 0.289
7750.000 0.292
7755.000 0.285
7760.000 0.285
7765.000 0.280
7770.000 0.274
7775.000 0.268
7780.000 0.270
7785.000 0.261
7790.000 0.264
7795.000 0.263
7800.000 0.263
7805.000 0.254
7810.000 0.254
7815.000 0.252
7820.000 0.252
7825.000 0.251
7830.000 0.248
7835.000 0.246
7840.000 0.243
7845.000 0.236
7850.000 0.232
7855.000 0.233
7860.000 0.236
7865.000 0.233
7870.000 0.229
7875.000 0.225
7880.000 0.222
7885.000 0.220
7890.000 0.221
7895.000 0.219
7900.000 0.218
7905.000 0.211
7910.000 0.214
7915.000 0.207
7920.000 0.206
7925.000 0.205
7930.000 0.197
7935.000 0.199
7940.000 0.197
7945.000 0.194
7950.000 0.189
7955.000 0.186
7960.000 0.180
7965.000 0.181
7970.000 0.173
7975.000 0.167
7980.000 0.164
7985.000 0.158
7990.000 0.149
7995.000 0.138
8000.000 0.133
