2005.000 0.253
2010.000 0.252
2015.000 0.243
2020.000 0.254
2025.000 0.255
2030.000 0.252
2035.000 0.247
2040.000 0.252
2045.000 0.247
2050.000 0.256
2055.000 0.244
2060.000 0.265
2065.000 0.249
2070.000 0.257
2075.000 0.242
2080.000 0.247
2085.000 0.260
2090.000 0.253
2095.000 0.259
2100.000 0.260
2105.000 0.260
2110.000 0.258
2115.000 0.262
2120.000 0.269
2125.000 0.264
2130.000 0.267
2135.000 0.267
2140.000 0.277
2145.000 0.280
2150.000 0.279
2155.000 0.277
2160.000 0.293
2165.000 0.282
2170.000 0.295
2175.000 0.298
2180.000 0.310
2185.000 0.318
2190.000 0.327
2195.000 0.331
2200.000 0.350
2205.000 0.349
2210.000 0.353
2215.000 0.369
2220.000 0.400
2225.000 0.397
2230.000 0.420
2235.000 0.461
2240.000 0.465
2245.000 0.495
2250.000 0.505
2255.000 0.561
2260.000 0.604
2265.000 0.647
2270.000 0.707
2275.000 0.768
2280.000 0.826
2285.000 1.033
2290.000 1.233
2295.000 1.552
2300.000 1.931
2305.000 2.384
2310.000 2.919
2315.000 3.885
2320.000 2.417
2325.000 1.472
2330.000 1.142
2335.000 0.920
2340.000 0.747
2345.000 0.663
2350.000 0.580
2355.000 0.480
2360.000 0.422
2365.000 0.369
2370.000 0.366
2375.000 0.332
2380.000 0.304
2385.000 0.274
2390.000 0.244
2395.000 0.243
2400.000 0.233
2405.000 0.220
2410.000 0.207
2415.000 0.187
2420.000 0.181
2425.000 0.162
2430.000 0.157
2435.000 0.155
2440.000 0.141
2445.000 0.141
2450.000 0.127
2455.000 0.128
2460.000 0.119
2465.000 0.119
2470.000 0.108
2475.000 0.106
2480.000 0.108
2485.000 0.101
2490.000 0.101
2495.000 0.098
2500.000 0.096
2505.000 0.089
2510.000 0.090
2515.000 0.091
2520.000 0.093
2525.000 0.086
2530.000 0.086
2535.000 0.081
2540.000 0.083
2545.000 0.078
2550.000 0.082
2555.000 0.082
2560.000 0.082
2565.000 0.081
2570.000 0.078
2575.000 0.089
2580.000 0.075
2585.000 0.087
2590.000 0.079
2595.000 0.077
2600.000 0.082
2605.000 0.083
2610.000 0.077
2615.000 0.079
2620.000 0.079
2625.000 0.081
2630.000 0.083
2635.000 0.080
2640.000 0.082
2645.000 0.086
2650.000 0.080
2655.000 0.080
2660.000 0.084
2665.000 0.080
2670.000 0.087
2675.000 0.084
2680.000 0.091
2685.000 0.085
2690.000 0.091
2695.000 0.089
2700.000 0.091
2705.000 0.101
2710.000 0.091
2715.000 0.095
2720.000 0.094
2725.000 0.087
2730.000 0.096
2735.000 0.094
2740.000 0.097
2745.000 0.096
2750.000 0.098
2755.000 0.096
2760.000 0.096
2765.000 0.100
2770.000 0.101
2775.000 0.101
2780.000 0.100
2785.000 0.100
2790.000 0.098
2795.000 0.099
2800.000 0.100
2805.000 0.105
2810.000 0.097
2815.000 0.099
2820.000 0.102
2825.000 0.104
2830.000 0.104
2835.000 0.105
2840.000 0.111
2845.000 0.105
2850.000 0.102
2855.000 0.108
2860.000 0.106
2865.000 0.102
2870.000 0.104
2875.000 0.103
2880.000 0.102
2885.000 0.104
2890.000 0.105
2895.000 0.107
2900.000 0.100
2905.000 0.102
2910.000 0.101
2915.000 0.099
2920.000 0.103
2925.000 0.108
2930.000 0.098
2935.000 0.099
2940.000 0.098
2945.000 0.090
2950.000 0.096
2955.000 0.094
2960.000 0.091
2965.000 0.093
2970.000 0.100
2975.000 0.092
2980.000 0.092
2985.000 0.086
2990.000 0.084
2995.000 0.082
3000.000 0.088
3005.000 0.082
3010.000 0.080
3015.000 0.079
3020.000 0.081
3025.000 0.072
3030.000 0.078
3035.000 0.078
3040.000 0.073
3045.000 0.071
3050.000 0.072
3055.000 0.069
3060.000 0.068
3065.000 0.068
3070.000 0.063
3075.000 0.065
3080.000 0.065
3085.000 0.063
3090.000 0.060
3095.000 0.060
3100.000 0.057
3105.000 0.056
3110.000 0.051
3115.000 0.051
3120.000 0.051
3125.000 0.044
3130.000 0.055
3135.000 0.049
3140.000 0.050
3145.000 0.049
3150.000 0.044
3155.000 0.047
3160.000 0.039
3165.000 0.042
3170.000 0.042
3175.000 0.039
3180.000 0.040
3185.000 0.037
3190.000 0.037
3195.000 0.038
3200.000 0.034
3205.000 0.035
3210.000 0.033
3215.000 0.032
3220.000 0.037
3225.000 0.030
3230.000 0.027
3235.000 0.028
3240.000 0.025
3245.000 0.024
3250.000 0.027
3255.000 0.021
3260.000 0.026
3265.000 0.019
3270.000 0.020
3275.000 0.023
3280.000 0.019
3285.000 0.024
3290.000 0.015
3295.000 0.012
3300.000 0.013
3305.000 0.011
3310.000 0.010
3315.000 0.013
3320.000 0.012
3325.000 0.010
3330.000 0.008
3335.000 0.009
3340.000 0.007
3345.000 0.008
3350.000 0.006
3355.000 0.003
3360.000 0.008
3365.000 0.008
3370.000 0.009
3375.000 0.010
3380.000 0.009
3385.000 0.014
3390.000 0.011
3395.000 0.014
3400.000 0.009
3405.000 0.015
3410.000 0.022
3415.000 0.020
3420.000 0.023
3425.000 0.028
3430.000 0.027
3435.000 0.024
3440.000 0.029
3445.000 0.029
3450.000 0.040
3455.000 0.035
3460.000 0.039
3465.000 0.038
3470.000 0.042
3475.000 0.043
3480.000 0.050
3485.000 0.053
3490.000 0.057
3495.000 0.053
3500.000 0.060
3505.000 0.062
3510.000 0.070
3515.000 0.074
3520.000 0.077
3525.000 0.076
3530.000 0.086
3535.000 0.088
3540.000 0.096
3545.000 0.100
3550.000 0.102
3555.000 0.105
3560.000 0.119
3565.000 0.124
3570.000 0.146
3575.000 0.138
3580.000 0.143
3585.000 0.155
3590.000 0.166
3595.000 0.178
3600.000 0.188
3605.000 0.201
3610.000 0.218
3615.000 0.228
3620.000 0.247
3625.000 0.264
3630.000 0.287
3635.000 0.305
3640.000 0.345
3645.000 0.381
3650.000 0.423
3655.000 0.473
3660.000 0.530
3665.000 0.614
3670.000 0.730
3675.000 0.886
3680.000 0.997
3685.000 1.258
3690.000 1.698
3695.000 2.268
3700.000 2.121
3705.000 1.016
3710.000 3.272
3715.000 1.929
3720.000 1.362
3725.000 1.086
3730.000 0.914
3735.000 0.832
3740.000 0.723
3745.000 0.632
3750.000 0.578
3755.000 0.512
3760.000 0.468
3765.000 0.442
3770.000 0.403
3775.000 0.383
3780.000 0.357
3785.000 0.337
3790.000 0.323
3795.000 0.303
3800.000 0.301
3805.000 0.288
3810.000 0.271
3815.000 0.261
3820.000 0.251
3825.000 0.246
3830.000 0.242
3835.000 0.231
3840.000 0.228
3845.000 0.215
3850.000 0.215
3855.000 0.207
3860.000 0.203
3865.000 0.199
3870.000 0.193
3875.000 0.186
3880.000 0.185
3885.000 0.182
3890.000 0.180
3895.000 0.176
3900.000 0.169
3905.000 0.173
3910.000 0.165
3915.000 0.172
3920.000 0.165
3925.000 0.166
3930.000 0.156
3935.000 0.160
3940.000 0.158
3945.000 0.155
3950.000 0.155
3955.000 0.152
3960.000 0.144
3965.000 0.151
3970.000 0.149
3975.000 0.147
3980.000 0.147
3985.000 0.148
3990.000 0.143
3995.000 0.141
4000.000 0.139
4005.000 0.143
4010.000 0.138
4015.000 0.143
4020.000 0.135
4025.000 0.136
4030.000 0.137
4035.000 0.136
4040.000 0.138
4045.000 0.137
4050.000 0.138
4055.000 0.135
4060.000 0.133
4065.000 0.133
4070.000 0.136
4075.000 0.135
4080.000 0.133
4085.000 0.132
4090.000 0.132
4095.000 0.137
4100.000 0.133
4105.000 0.127
4110.000 0.131
4115.000 0.131
4120.000 0.124
4125.000 0.133
4130.000 0.128
4135.000 0.128
4140.000 0.128
4145.000 0.127
4150.000 0.125
4155.000 0.125
4160.000 0.127
4165.000 0.128
4170.000 0.122
4175.000 0.119
4180.000 0.125
4185.000 0.121
4190.000 0.123
4195.000 0.115
4200.000 0.118
4205.000 0.119
4210.000 0.114
4215.000 0.114
4220.000 0.112
4225.000 0.114
4230.000 0.112
4235.000 0.112
4240.000 0.109
4245.000 0.107
4250.000 0.109
4255.000 0.108
4260.000 0.111
4265.000 0.107
4270.000 0.107
4275.000 0.110
4280.000 0.110
4285.000 0.114
4290.000 0.111
4295.000 0.108
4300.000 0.115
4305.000 0.113
4310.000 0.114
4315.000 0.117
4320.000 0.119
4325.000 0.117
4330.000 0.119
4335.000 0.113
4340.000 0.120
4345.000 0.119
4350.000 0.121
4355.000 0.117
4360.000 0.126
4365.000 0.120
4370.000 0.122
4375.000 0.124
4380.000 0.124
4385.000 0.126
4390.000 0.124
4395.000 0.127
4400.000 0.133
4405.000 0.124
4410.000 0.125
4415.000 0.130
4420.000 0.136
4425.000 0.134
4430.000 0.131
4435.000 0.137
4440.000 0.131
4445.000 0.136
4450.000 0.141
4455.000 0.139
4460.000 0.138
4465.000 0.143
4470.000 0.140
4475.000 0.144
4480.000 0.141
4485.000 0.140
4490.000 0.147
4495.000 0.142
4500.000 0.147
4505.000 0.150
4510.000 0.148
4515.000 0.150
4520.000 0.152
4525.000 0.155
4530.000 0.158
4535.000 0.152
4540.000 0.156
4545.000 0.154
4550.000 0.160
4555.000 0.157
4560.000 0.165
4565.000 0.160
4570.000 0.162
4575.000 0.167
4580.000 0.165
4585.000 0.172
4590.000 0.170
4595.000 0.173
4600.000 0.174
4605.000 0.173
4610.000 0.182
4615.000 0.176
4620.000 0.180
4625.000 0.186
4630.000 0.188
4635.000 0.191
4640.000 0.190
4645.000 0.191
4650.000 0.195
4655.000 0.203
4660.000 0.200
4665.000 0.200
4670.000 0.204
4675.000 0.207
4680.000 0.209
4685.000 0.213
4690.000 0.222
4695.000 0.219
4700.000 0.230
4705.000 0.234
4710.000 0.229
4715.000 0.239
4720.000 0.242
4725.000 0.250
4730.000 0.251
4735.000 0.255
4740.000 0.262
4745.000 0.266
4750.000 0.270
4755.000 0.280
4760.000 0.280
4765.000 0.287
4770.000 0.294
4775.000 0.298
4780.000 0.308
4785.000 0.317
4790.000 0.323
4795.000 0.329
4800.000 0.341
4805.000 0.355
4810.000 0.366
4815.000 0.369
4820.000 0.389
4825.000 0.400
4830.000 0.414
4835.000 0.423
4840.000 0.438
4845.000 0.454
4850.000 0.471
4855.000 0.489
4860.000 0.510
4865.000 0.528
4870.000 0.557
4875.000 0.586
4880.000 0.617
4885.000 0.648
4890.000 0.684
4895.000 0.702
4900.000 0.748
4905.000 0.797
4910.000 0.846
4915.000 0.915
4920.000 0.982
4925.000 1.068
4930.000 1.176
4935.000 1.297
4940.000 1.451
4945.000 1.659
4950.000 1.774
4955.000 2.069
4960.000 2.487
4965.000 3.125
4970.000 4.104
4975.000 5.359
4980.000 4.135
4985.000 4.867
4990.000 5.411
4995.000 6.998
5000.000 6.892
5005.000 4.680
5010.000 3.516
5015.000 3.142
5020.000 2.577
5025.000 2.199
5030.000 1.939
5035.000 1.725
5040.000 1.558
5045.000 1.430
5050.000 1.313
5055.000 1.223
5060.000 1.151
5065.000 1.081
5070.000 1.019
5075.000 0.996
5080.000 0.949
5085.000 0.908
5090.000 0.867
5095.000 0.833
5100.000 0.804
5105.000 0.775
5110.000 0.754
5115.000 0.728
5120.000 0.706
5125.000 0.698
5130.000 0.676
5135.000 0.660
5140.000 0.655
5145.000 0.642
5150.000 0.622
5155.000 0.619
5160.000 0.606
5165.000 0.595
5170.000 0.584
5175.000 0.581
5180.000 0.571
5185.000 0.564
5190.000 0.556
5195.000 0.554
5200.000 0.549
5205.000 0.542
5210.000 0.537
5215.000 0.537
5220.000 0.527
5225.000 0.523
5230.000 0.513
5235.000 0.513
5240.000 0.511
5245.000 0.510
5250.000 0.509
5255.000 0.503
5260.000 0.501
5265.000 0.502
5270.000 0.493
5275.000 0.492
5280.000 0.492
5285.000 0.485
5290.000 0.487
5295.000 0.484
5300.000 0.482
5305.000 0.480
5310.000 0.477
5315.000 0.472
5320.000 0.470
5325.000 0.472
5330.000 0.466
5335.000 0.468
5340.000 0.467
5345.000 0.464
5350.000 0.457
5355.000 0.459
5360.000 0.458
5365.000 0.459
5370.000 0.449
5375.000 0.446
5380.000 0.449
5385.000 0.449
5390.000 0.447
5395.000 0.441
5400.000 0.443
5405.000 0.438
5410.000 0.435
5415.000 0.429
5420.000 0.432
5425.000 0.430
5430.000 0.428
5435.000 0.420
5440.000 0.422
5445.000 0.424
5450.000 0.420
5455.000 0.419
5460.000 0.409
5465.000 0.415
5470.000 0.411
5475.000 0.410
5480.000 0.404
5485.000 0.407
5490.000 0.404
5495.000 0.401
5500.000 0.400
5505.000 0.397
5510.000 0.400
5515.000 0.395
5520.000 0.394
5525.000 0.391
5530.000 0.388
5535.000 0.385
5540.000 0.388
5545.000 0.385
5550.000 0.378
5555.000 0.377
5560.000 0.375
5565.000 0.379
5570.000 0.377
5575.000 0.381
5580.000 0.372
5585.000 0.370
5590.000 0.365
5595.000 0.364
5600.000 0.367
5605.000 0.362
5610.000 0.365
5615.000 0.365
5620.000 0.360
5625.000 0.363
5630.000 0.363
5635.000 0.363
5640.000 0.360
5645.000 0.351
5650.000 0.360
5655.000 0.354
5660.000 0.356
5665.000 0.357
5670.000 0.359
5675.000 0.351
5680.000 0.355
5685.000 0.354
5690.000 0.353
5695.000 0.351
5700.000 0.353
5705.000 0.353
5710.000 0.347
5715.000 0.351
5720.000 0.345
5725.000 0.349
5730.000 0.350
5735.000 0.350
5740.000 0.349
5745.000 0.350
5750.000 0.354
5755.000 0.355
5760.000 0.358
5765.000 0.347
5770.000 0.349
5775.000 0.357
5780.000 0.354
5785.000 0.353
5790.000 0.357
5795.000 0.362
5800.000 0.357
5805.000 0.356
5810.000 0.359
5815.000 0.365
5820.000 0.363
5825.000 0.358
5830.000 0.363
5835.000 0.365
5840.000 0.369
5845.000 0.370
5850.000 0.370
5855.000 0.376
5860.000 0.376
5865.000 0.377
5870.000 0.378
5875.000 0.381
5880.000 0.383
5885.000 0.382
5890.000 0.388
5895.000 0.388
5900.000 0.394
5905.000 0.398
5910.000 0.396
5915.000 0.397
5920.000 0.406
5925.000 0.405
5930.000 0.409
5935.000 0.413
5940.000 0.414
5945.000 0.419
5950.000 0.425
5955.000 0.430
5960.000 0.434
5965.000 0.435
5970.000 0.443
5975.000 0.445
5980.000 0.450
5985.000 0.455
5990.000 0.457
5995.000 0.468
6000.000 0.473
6005.000 0.482
6010.000 0.479
6015.000 0.493
6020.000 0.496
6025.000 0.499
6030.000 0.514
6035.000 0.518
6040.000 0.528
6045.000 0.535
6050.000 0.544
6055.000 0.552
6060.000 0.562
6065.000 0.572
6070.000 0.587
6075.000 0.614
6080.000 0.606
6085.000 0.622
6090.000 0.644
6095.000 0.657
6100.000 0.669
6105.000 0.685
6110.000 0.712
6115.000 0.725
6120.000 0.750
6125.000 0.769
6130.000 0.793
6135.000 0.826
6140.000 0.859
6145.000 0.900
6150.000 0.937
6155.000 0.984
6160.000 1.036
6165.000 1.106
6170.000 1.148
6175.000 1.221
6180.000 1.308
6185.000 1.418
6190.000 1.544
6195.000 1.685
6200.000 1.886
6205.000 2.128
6210.000 2.455
6215.000 2.895
6220.000 3.475
6225.000 4.340
6230.000 4.851
6235.000 6.059
6240.000 7.095
6245.000 7.077
6250.000 5.683
6255.000 2.753
6260.000 1.580
6265.000 1.379
6270.000 1.229
6275.000 1.145
6280.000 1.060
6285.000 1.051
6290.000 1.018
6295.000 0.990
6300.000 0.956
6305.000 0.924
6310.000 0.870
6315.000 0.820
6320.000 0.774
6325.000 0.724
6330.000 0.675
6335.000 0.629
6340.000 0.593
6345.000 0.558
6350.000 0.525
6355.000 0.512
6360.000 0.479
6365.000 0.450
6370.000 0.421
6375.000 0.404
6380.000 0.377
6385.000 0.356
6390.000 0.336
6395.000 0.321
6400.000 0.297
6405.000 0.280
6410.000 0.262
6415.000 0.249
6420.000 0.234
6425.000 0.224
6430.000 0.211
6435.000 0.188
6440.000 0.178
6445.000 0.161
6450.000 0.154
6455.000 0.138
6460.000 0.123
6465.000 0.100
6470.000 0.089
6475.000 0.087
6480.000 0.072
6485.000 0.052
6490.000 0.040
6495.000 0.024
6500.000 0.012
6505.000 0.026
6510.000 0.050
6515.000 0.078
6520.000 0.106
6525.000 0.139
6530.000 0.185
6535.000 0.212
6540.000 0.270
6545.000 0.340
6550.000 0.457
6555.000 0.611
6560.000 0.858
6565.000 1.314
6570.000 2.204
6575.000 3.763
6580.000 4.378
6585.000 1.247
6590.000 1.403
6595.000 0.913
6600.000 0.801
6605.000 0.797
6610.000 0.652
6615.000 0.558
6620.000 0.513
6625.000 0.458
6630.000 0.429
6635.000 0.396
6640.000 0.374
6645.000 0.352
6650.000 0.334
6655.000 0.312
6660.000 0.306
6665.000 0.290
6670.000 0.274
6675.000 0.274
6680.000 0.258
6685.000 0.247
6690.000 0.236
6695.000 0.229
6700.000 0.227
6705.000 0.216
6710.000 0.212
6715.000 0.208
6720.000 0.195
6725.000 0.196
6730.000 0.193
6735.000 0.184
6740.000 0.178
6745.000 0.173
6750.000 0.167
6755.000 0.165
6760.000 0.163
6765.000 0.159
6770.000 0.157
6775.000 0.156
6780.000 0.150
6785.000 0.145
6790.000 0.143
6795.000 0.140
6800.000 0.140
6805.000 0.134
6810.000 0.131
6815.000 0.132
6820.000 0.128
6825.000 0.120
6830.000 0.119
6835.000 0.121
6840.000 0.117
6845.000 0.116
6850.000 0.107
6855.000 0.110
6860.000 0.110
6865.000 0.111
6870.000 0.100
6875.000 0.102
6880.000 0.103
6885.000 0.096
6890.000 0.095
6895.000 0.097
6900.000 0.094
6905.000 0.090
6910.000 0.090
6915.000 0.084
6920.000 0.087
6925.000 0.081
6930.000 0.082
6935.000 0.080
6940.000 0.078
6945.000 0.078
6950.000 0.071
6955.000 0.073
6960.000 0.070
6965.000 0.071
6970.000 0.065
6975.000 0.065
6980.000 0.061
6985.000 0.065
6990.000 0.066
6995.000 0.059
7000.000 0.058
7005.000 0.059
7010.000 0.057
7015.000 0.055
7020.000 0.049
7025.000 0.053
7030.000 0.049
7035.000 0.051
7040.000 0.048
7045.000 0.046
7050.000 0.049
7055.000 0.042
7060.000 0.039
7065.000 0.038
7070.000 0.036
7075.000 0.038
7080.000 0.034
7085.000 0.033
7090.000 0.032
7095.000 0.031
7100.000 0.027
7105.000 0.022
7110.000 0.025
7115.000 0.024
7120.000 0.021
7125.000 0.023
7130.000 0.016
7135.000 0.020
7140.000 0.015
7145.000 0.014
7150.000 0.010
7155.000 0.016
7160.000 0.006
7165.000 0.012
7170.000 0.010
7175.000 0.011
7180.000 0.013
7185.000 0.013
7190.000 0.016
7195.000 0.013
7200.000 0.018
7205.000 0.016
7210.000 0.022
7215.000 0.027
7220.000 0.028
7225.000 0.029
7230.000 0.037
7235.000 0.033
7240.000 0.039
7245.000 0.041
7250.000 0.048
7255.000 0.046
7260.000 0.059
7265.000 0.061
7270.000 0.064
7275.000 0.065
7280.000 0.074
7285.000 0.080
7290.000 0.077
7295.000 0.097
7300.000 0.099
7305.000 0.102
7310.000 0.108
7315.000 0.119
7320.000 0.127
7325.000 0.138
7330.000 0.143
7335.000 0.151
7340.000 0.166
7345.000 0.173
7350.000 0.188
7355.000 0.207
7360.000 0.221
7365.000 0.244
7370.000 0.266
7375.000 0.289
7380.000 0.312
7385.000 0.342
7390.000 0.358
7395.000 0.386
7400.000 0.435
7405.000 0.480
7410.000 0.556
7415.000 0.641
7420.000 0.741
7425.000 0.879
7430.000 1.050
7435.000 1.286
7440.000 1.591
7445.000 1.783
7450.000 2.205
7455.000 2.514
7460.000 2.421
7465.000 1.849
7470.000 1.203
7475.000 1.028
7480.000 1.244
7485.000 1.234
7490.000 1.031
7495.000 0.853
7500.000 0.749
7505.000 0.692
7510.000 0.663
7515.000 0.617
7520.000 0.574
7525.000 0.538
7530.000 0.511
7535.000 0.484
7540.000 0.462
7545.000 0.444
7550.000 0.423
7555.000 0.400
7560.000 0.395
7565.000 0.378
7570.000 0.370
7575.000 0.362
7580.000 0.346
7585.000 0.339
7590.000 0.328
7595.000 0.323
7600.000 0.313
7605.000 0.307
7610.000 0.299
7615.000 0.292
7620.000 0.288
7625.000 0.279
7630.000 0.281
7635.000 0.272
7640.000 0.271
7645.000 0.267
7650.000 0.261
7655.000 0.253
7660.000 0.257
7665.000 0.247
7670.000 0.247
7675.000 0.249
7680.000 0.236
7685.000 0.244
7690.000 0.238
7695.000 0.235
7700.000 0.229
7705.000 0.226
7710.000 0.227
7715.000 0.226
7720.000 0.216
7725.000 0.224
7730.000 0.220
7735.000 0.219
7740.000 0.214
7745.000 0.212
7750.000 0.211
7755.000 0.209
7760.000 0.209
7765.000 0.207
7770.000 0.204
7775.000 0.201
7780.000 0.199
7785.000 0.200
7790.000 0.199
7795.000 0.199
7800.000 0.198
7805.000 0.202
7810.000 0.197
7815.000 0.194
7820.000 0.195
7825.000 0.196
7830.000 0.193
7835.000 0.189
7840.000 0.187
7845.000 0.187
7850.000 0.188
7855.000 0.184
7860.000 0.183
7865.000 0.181
7870.000 0.179
7875.000 0.186
7880.000 0.185
7885.000 0.180
7890.000 0.185
7895.000 0.177
7900.000 0.177
7905.000 0.176
7910.000 0.170
7915.000 0.177
7920.000 0.178
7925.000 0.169
7930.000 0.166
7935.000 0.168
7940.000 0.165
7945.000 0.166
7950.000 0.159
7955.000 0.162
7960.000 0.157
7965.000 0.156
7970.000 0.149
7975.000 0.151
7980.000 0.143
7985.000 0.142
7990.000 0.132
7995.000 0.130
8000.000 0.122
