2005.000 0.262
2010.000 0.282
2015.000 0.261
2020.000 0.275
2025.000 0.277
2030.000 0.270
2035.000 0.276
2040.000 0.268
2045.000 0.268
2050.000 0.274
2055.000 0.266
2060.000 0.260
2065.000 0.267
2070.000 0.269
2075.000 0.274
2080.000 0.277
2085.000 0.273
2090.000 0.268
2095.000 0.276
2100.000 0.277
2105.000 0.274
2110.000 0.276
2115.000 0.281
2120.000 0.291
2125.000 0.286
2130.000 0.310
2135.000 0.290
2140.000 0.289
2145.000 0.296
2150.000 0.303
2155.000 0.312
2160.000 0.307
2165.000 0.323
2170.000 0.319
2175.000 0.328
2180.000 0.331
2185.000 0.340
2190.000 0.346
2195.000 0.356
2200.000 0.373
2205.000 0.380
2210.000 0.390
2215.000 0.400
2220.000 0.426
2225.000 0.434
2230.000 0.460
2235.000 0.490
2240.000 0.522
2245.000 0.540
2250.000 0.571
2255.000 0.616
2260.000 0.742
2265.000 0.689
2270.000 0.783
2275.000 0.942
2280.000 1.027
2285.000 1.204
2290.000 1.426
2295.000 1.768
2300.000 2.302
2305.000 2.623
2310.000 3.102
2315.000 3.780
2320.000 3.184
2325.000 1.814
2330.000 1.319
2335.000 1.014
2340.000 0.870
2345.000 0.729
2350.000 0.591
2355.000 0.542
2360.000 0.486
2365.000 0.408
2370.000 0.398
2375.000 0.373
2380.000 0.335
2385.000 0.294
2390.000 0.277
2395.000 0.254
2400.000 0.246
2405.000 0.228
2410.000 0.211
2415.000 0.201
2420.000 0.190
2425.000 0.180
2430.000 0.172
2435.000 0.172
2440.000 0.162
2445.000 0.154
2450.000 0.142
2455.000 0.139
2460.000 0.137
2465.000 0.128
2470.000 0.131
2475.000 0.117
2480.000 0.117
2485.000 0.120
2490.000 0.106
2495.000 0.106
2500.000 0.102
2505.000 0.105
2510.000 0.101
2515.000 0.101
2520.000 0.099
2525.000 0.095
2530.000 0.097
2535.000 0.095
2540.000 0.087
2545.000 0.091
2550.000 0.087
2555.000 0.090
2560.000 0.091
2565.000 0.095
2570.000 0.094
2575.000 0.090
2580.000 0.091
2585.000 0.093
2590.000 0.091
2595.000 0.093
2600.000 0.088
2605.000 0.090
2610.000 0.089
2615.000 0.098
2620.000 0.093
2625.000 0.090
2630.000 0.095
2635.000 0.091
2640.000 0.099
2645.000 0.096
2650.000 0.091
2655.000 0.096
2660.000 0.099
2665.000 0.092
2670.000 0.103
2675.000 0.101
2680.000 0.098
2685.000 0.098
2690.000 0.097
2695.000 0.104
2700.000 0.104
2705.000 0.105
2710.000 0.105
2715.000 0.107
2720.000 0.103
2725.000 0.108
2730.000 0.107
2735.000 0.109
2740.000 0.116
2745.000 0.112
2750.000 0.112
2755.000 0.116
2760.000 0.116
2765.000 0.116
2770.000 0.120
2775.000 0.118
2780.000 0.117
2785.000 0.119
2790.000 0.122
2795.000 0.122
2800.000 0.123
2805.000 0.124
2810.000 0.123
2815.000 0.127
2820.000 0.132
2825.000 0.125
2830.000 0.125
2835.000 0.129
2840.000 0.128
2845.000 0.127
2850.000 0.125
2855.000 0.133
2860.000 0.130
2865.000 0.135
2870.000 0.132
2875.000 0.134
2880.000 0.135
2885.000 0.133
2890.000 0.130
2895.000 0.131
2900.000 0.130
2905.000 0.126
2910.000 0.133
2915.000 0.132
2920.000 0.130
2925.000 0.131
2930.000 0.133
2935.000 0.129
2940.000 0.131
2945.000 0.129
2950.000 0.127
2955.000 0.130
2960.000 0.124
2965.000 0.123
2970.000 0.125
2975.000 0.121
2980.000 0.121
2985.000 0.117
2990.000 0.112
2995.000 0.114
3000.000 0.114
3005.000 0.113
3010.000 0.110
3015.000 0.117
3020.000 0.110
3025.000 0.113
3030.000 0.111
3035.000 0.107
3040.000 0.104
3045.000 0.102
3050.000 0.104
3055.000 0.102
3060.000 0.098
3065.000 0.098
3070.000 0.096
3075.000 0.091
3080.000 0.094
3085.000 0.097
3090.000 0.094
3095.000 0.088
3100.000 0.089
3105.000 0.088
3110.000 0.085
3115.000 0.084
3120.000 0.083
3125.000 0.081
3130.000 0.077
3135.000 0.083
3140.000 0.083
3145.000 0.073
3150.000 0.078
3155.000 0.078
3160.000 0.071
3165.000 0.064
3170.000 0.073
3175.000 0.070
3180.000 0.068
3185.000 0.066
3190.000 0.066
3195.000 0.066
3200.000 0.064
3205.000 0.061
3210.000 0.065
3215.000 0.058
3220.000 0.062
3225.000 0.057
3230.000 0.059
3235.000 0.059
3240.000 0.051
3245.000 0.058
3250.000 0.059
3255.000 0.052
3260.000 0.048
3265.000 0.054
3270.000 0.055
3275.000 0.050
3280.000 0.045
3285.000 0.046
3290.000 0.045
3295.000 0.046
3300.000 0.046
3305.000 0.042
3310.000 0.044
3315.000 0.039
3320.000 0.041
3325.000 0.038
3330.000 0.036
3335.000 0.037
3340.000 0.037
3345.000 0.037
3350.000 0.038
3355.000 0.031
3360.000 0.032
3365.000 0.032
3370.000 0.034
3375.000 0.023
3380.000 0.028
3385.000 0.029
3390.000 0.023
3395.000 0.028
3400.000 0.026
3405.000 0.026
3410.000 0.026
3415.000 0.026
3420.000 0.022
3425.000 0.018
3430.000 0.019
3435.000 0.018
3440.000 0.016
3445.000 0.018
3450.000 0.014
3455.000 0.009
3460.000 0.012
3465.000 0.011
3470.000 0.010
3475.000 0.008
3480.000 0.010
3485.000 0.010
3490.000 0.009
3495.000 0.015
3500.000 0.013
3505.000 0.011
3510.000 0.016
3515.000 0.012
3520.000 0.015
3525.000 0.024
3530.000 0.020
3535.000 0.024
3540.000 0.023
3545.000 0.025
3550.000 0.030
3555.000 0.035
3560.000 0.040
3565.000 0.043
3570.000 0.044
3575.000 0.050
3580.000 0.057
3585.000 0.059
3590.000 0.063
3595.000 0.063
3600.000 0.075
3605.000 0.080
3610.000 0.085
3615.000 0.097
3620.000 0.106
3625.000 0.116
3630.000 0.128
3635.000 0.138
3640.000 0.150
3645.000 0.183
3650.000 0.179
3655.000 0.202
3660.000 0.234
3665.000 0.279
3670.000 0.338
3675.000 0.393
3680.000 0.496
3685.000 0.656
3690.000 0.933
3695.000 1.261
3700.000 1.302
3705.000 1.178
3710.000 2.954
3715.000 1.562
3720.000 0.981
3725.000 0.699
3730.000 0.565
3735.000 0.470
3740.000 0.419
3745.000 0.367
3750.000 0.344
3755.000 0.311
3760.000 0.280
3765.000 0.267
3770.000 0.252
3775.000 0.237
3780.000 0.252
3785.000 0.223
3790.000 0.212
3795.000 0.200
3800.000 0.193
3805.000 0.184
3810.000 0.177
3815.000 0.173
3820.000 0.166
3825.000 0.163
3830.000 0.158
3835.000 0.157
3840.000 0.152
3845.000 0.143
3850.000 0.150
3855.000 0.143
3860.000 0.137
3865.000 0.139
3870.000 0.138
3875.000 0.138
3880.000 0.133
3885.000 0.131
3890.000 0.129
3895.000 0.127
3900.000 0.126
3905.000 0.122
3910.000 0.119
3915.000 0.118
3920.000 0.122
3925.000 0.119
3930.000 0.121
3935.000 0.118
3940.000 0.116
3945.000 0.115
3950.000 0.117
3955.000 0.116
3960.000 0.117
3965.000 0.110
3970.000 0.112
3975.000 0.114
3980.000 0.109
3985.000 0.113
3990.000 0.110
3995.000 0.111
4000.000 0.114
4005.000 0.109
4010.000 0.108
4015.000 0.111
4020.000 0.108
4025.000 0.108
4030.000 0.110
4035.000 0.111
4040.000 0.109
4045.000 0.107
4050.000 0.112
4055.000 0.104
4060.000 0.109
4065.000 0.110
4070.000 0.110
4075.000 0.107
4080.000 0.107
4085.000 0.103
4090.000 0.110
4095.000 0.106
4100.000 0.102
4105.000 0.107
4110.000 0.107
4115.000 0.107
4120.000 0.109
4125.000 0.108
4130.000 0.105
4135.000 0.105
4140.000 0.112
4145.000 0.105
4150.000 0.106
4155.000 0.105
4160.000 0.099
4165.000 0.104
4170.000 0.105
4175.000 0.098
4180.000 0.104
4185.000 0.104
4190.000 0.101
4195.000 0.101
4200.000 0.094
4205.000 0.097
4210.000 0.094
4215.000 0.094
4220.000 0.100
4225.000 0.092
4230.000 0.095
4235.000 0.097
4240.000 0.084
4245.000 0.096
4250.000 0.089
4255.000 0.091
4260.000 0.091
4265.000 0.092
4270.000 0.091
4275.000 0.093
4280.000 0.096
4285.000 0.099
4290.000 0.095
4295.000 0.095
4300.000 0.097
4305.000 0.098
4310.000 0.100
4315.000 0.098
4320.000 0.094
4325.000 0.101
4330.000 0.102
4335.000 0.104
4340.000 0.100
4345.000 0.101
4350.000 0.105
4355.000 0.106
4360.000 0.105
4365.000 0.107
4370.000 0.106
4375.000 0.107
4380.000 0.111
4385.000 0.111
4390.000 0.111
4395.000 0.109
4400.000 0.111
4405.000 0.115
4410.000 0.112
4415.000 0.113
4420.000 0.115
4425.000 0.117
4430.000 0.117
4435.000 0.123
4440.000 0.117
4445.000 0.119
4450.000 0.116
4455.000 0.125
4460.000 0.124
4465.000 0.119
4470.000 0.130
4475.000 0.127
4480.000 0.127
4485.000 0.125
4490.000 0.127
4495.000 0.131
4500.000 0.130
4505.000 0.136
4510.000 0.134
4515.000 0.135
4520.000 0.135
4525.000 0.134
4530.000 0.138
4535.000 0.139
4540.000 0.143
4545.000 0.146
4550.000 0.145
4555.000 0.140
4560.000 0.144
4565.000 0.149
4570.000 0.150
4575.000 0.150
4580.000 0.152
4585.000 0.153
4590.000 0.153
4595.000 0.161
4600.000 0.159
4605.000 0.164
4610.000 0.160
4615.000 0.159
4620.000 0.166
4625.000 0.175
4630.000 0.164
4635.000 0.175
4640.000 0.179
4645.000 0.180
4650.000 0.179
4655.000 0.177
4660.000 0.189
4665.000 0.187
4670.000 0.190
4675.000 0.200
4680.000 0.198
4685.000 0.196
4690.000 0.200
4695.000 0.201
4700.000 0.207
4705.000 0.212
4710.000 0.215
4715.000 0.220
4720.000 0.222
4725.000 0.227
4730.000 0.236
4735.000 0.238
4740.000 0.238
4745.000 0.248
4750.000 0.250
4755.000 0.255
4760.000 0.264
4765.000 0.271
4770.000 0.277
4775.000 0.287
4780.000 0.295
4785.000 0.300
4790.000 0.305
4795.000 0.316
4800.000 0.319
4805.000 0.330
4810.000 0.336
4815.000 0.353
4820.000 0.367
4825.000 0.374
4830.000 0.387
4835.000 0.401
4840.000 0.415
4845.000 0.429
4850.000 0.448
4855.000 0.469
4860.000 0.477
4865.000 0.498
4870.000 0.517
4875.000 0.548
4880.000 0.576
4885.000 0.615
4890.000 0.647
4895.000 0.685
4900.000 0.719
4905.000 0.778
4910.000 0.830
4915.000 0.895
4920.000 0.933
4925.000 1.008
4930.000 1.108
4935.000 1.218
4940.000 1.359
4945.000 1.536
4950.000 1.758
4955.000 2.059
4960.000 2.493
4965.000 3.189
4970.000 4.306
4975.000 5.419
4980.000 4.878
4985.000 2.767
4990.000 5.338
4995.000 6.539
5000.000 6.218
5005.000 4.820
5010.000 3.339
5015.000 2.789
5020.000 2.318
5025.000 2.010
5030.000 1.787
5035.000 1.619
5040.000 1.469
5045.000 1.412
5050.000 1.300
5055.000 1.204
5060.000 1.127
5065.000 1.055
5070.000 1.000
5075.000 0.952
5080.000 0.905
5085.000 0.866
5090.000 0.835
5095.000 0.805
5100.000 0.776
5105.000 0.756
5110.000 0.738
5115.000 0.718
5120.000 0.697
5125.000 0.683
5130.000 0.662
5135.000 0.646
5140.000 0.636
5145.000 0.620
5150.000 0.614
5155.000 0.598
5160.000 0.598
5165.000 0.588
5170.000 0.579
5175.000 0.569
5180.000 0.565
5185.000 0.552
5190.000 0.553
5195.000 0.543
5200.000 0.541
5205.000 0.533
5210.000 0.528
5215.000 0.523
5220.000 0.520
5225.000 0.516
5230.000 0.515
5235.000 0.512
5240.000 0.508
5245.000 0.501
5250.000 0.503
5255.000 0.506
5260.000 0.503
5265.000 0.499
5270.000 0.496
5275.000 0.493
5280.000 0.487
5285.000 0.486
5290.000 0.487
5295.000 0.486
5300.000 0.484
5305.000 0.481
5310.000 0.481
5315.000 0.477
5320.000 0.477
5325.000 0.473
5330.000 0.471
5335.000 0.470
5340.000 0.469
5345.000 0.465
5350.000 0.464
5355.000 0.462
5360.000 0.463
5365.000 0.458
5370.000 0.458
5375.000 0.459
5380.000 0.454
5385.000 0.457
5390.000 0.447
5395.000 0.452
5400.000 0.447
5405.000 0.443
5410.000 0.448
5415.000 0.444
5420.000 0.441
5425.000 0.437
5430.000 0.439
5435.000 0.439
5440.000 0.435
5445.000 0.427
5450.000 0.429
5455.000 0.431
5460.000 0.426
5465.000 0.424
5470.000 0.424
5475.000 0.423
5480.000 0.422
5485.000 0.416
5490.000 0.416
5495.000 0.415
5500.000 0.409
5505.000 0.413
5510.000 0.408
5515.000 0.409
5520.000 0.406
5525.000 0.406
5530.000 0.401
5535.000 0.402
5540.000 0.399
5545.000 0.400
5550.000 0.398
5555.000 0.389
5560.000 0.392
5565.000 0.395
5570.000 0.391
5575.000 0.395
5580.000 0.390
5585.000 0.390
5590.000 0.388
5595.000 0.386
5600.000 0.385
5605.000 0.382
5610.000 0.383
5615.000 0.381
5620.000 0.385
5625.000 0.379
5630.000 0.380
5635.000 0.380
5640.000 0.373
5645.000 0.378
5650.000 0.376
5655.000 0.374
5660.000 0.376
5665.000 0.376
5670.000 0.377
5675.000 0.371
5680.000 0.378
5685.000 0.375
5690.000 0.375
5695.000 0.373
5700.000 0.375
5705.000 0.374
5710.000 0.372
5715.000 0.371
5720.000 0.371
5725.000 0.373
5730.000 0.379
5735.000 0.374
5740.000 0.375
5745.000 0.378
5750.000 0.378
5755.000 0.377
5760.000 0.380
5765.000 0.385
5770.000 0.382
5775.000 0.384
5780.000 0.386
5785.000 0.383
5790.000 0.388
5795.000 0.384
5800.000 0.389
5805.000 0.391
5810.000 0.392
5815.000 0.399
5820.000 0.398
5825.000 0.399
5830.000 0.397
5835.000 0.399
5840.000 0.406
5845.000 0.409
5850.000 0.408
5855.000 0.413
5860.000 0.414
5865.000 0.412
5870.000 0.422
5875.000 0.423
5880.000 0.423
5885.000 0.427
5890.000 0.428
5895.000 0.431
5900.000 0.437
5905.000 0.443
5910.000 0.442
5915.000 0.447
5920.000 0.447
5925.000 0.451
5930.000 0.464
5935.000 0.464
5940.000 0.473
5945.000 0.472
5950.000 0.477
5955.000 0.482
5960.000 0.489
5965.000 0.492
5970.000 0.495
5975.000 0.500
5980.000 0.508
5985.000 0.516
5990.000 0.522
5995.000 0.533
6000.000 0.543
6005.000 0.546
6010.000 0.558
6015.000 0.556
6020.000 0.576
6025.000 0.579
6030.000 0.586
6035.000 0.598
6040.000 0.608
6045.000 0.615
6050.000 0.633
6055.000 0.646
6060.000 0.658
6065.000 0.673
6070.000 0.693
6075.000 0.707
6080.000 0.716
6085.000 0.735
6090.000 0.752
6095.000 0.775
6100.000 0.798
6105.000 0.833
6110.000 0.851
6115.000 0.879
6120.000 0.913
6125.000 0.953
6130.000 0.989
6135.000 1.012
6140.000 1.051
6145.000 1.108
6150.000 1.160
6155.000 1.218
6160.000 1.293
6165.000 1.375
6170.000 1.464
6175.000 1.586
6180.000 1.690
6185.000 1.849
6190.000 2.022
6195.000 2.141
6200.000 2.386
6205.000 2.717
6210.000 3.120
6215.000 3.754
6220.000 4.601
6225.000 5.711
6230.000 7.237
6235.000 8.896
6240.000 9.773
6245.000 8.735
6250.000 6.183
6255.000 3.166
6260.000 2.739
6265.000 2.346
6270.000 2.048
6275.000 1.858
6280.000 1.671
6285.000 1.532
6290.000 1.422
6295.000 1.330
6300.000 1.242
6305.000 1.160
6310.000 1.088
6315.000 1.018
6320.000 0.989
6325.000 0.924
6330.000 0.867
6335.000 0.817
6340.000 0.771
6345.000 0.726
6350.000 0.688
6355.000 0.651
6360.000 0.618
6365.000 0.583
6370.000 0.548
6375.000 0.532
6380.000 0.511
6385.000 0.486
6390.000 0.454
6395.000 0.434
6400.000 0.414
6405.000 0.397
6410.000 0.377
6415.000 0.352
6420.000 0.339
6425.000 0.321
6430.000 0.298
6435.000 0.283
6440.000 0.275
6445.000 0.257
6450.000 0.243
6455.000 0.227
6460.000 0.208
6465.000 0.196
6470.000 0.177
6475.000 0.160
6480.000 0.140
6485.000 0.127
6490.000 0.105
6495.000 0.085
6500.000 0.078
6505.000 0.052
6510.000 0.028
6515.000 0.015
6520.000 0.041
6525.000 0.075
6530.000 0.123
6535.000 0.169
6540.000 0.252
6545.000 0.342
6550.000 0.475
6555.000 0.668
6560.000 0.999
6565.000 1.247
6570.000 2.121
6575.000 3.787
6580.000 5.052
6585.000 1.222
6590.000 2.308
6595.000 1.068
6600.000 0.990
6605.000 0.799
6610.000 0.709
6615.000 0.650
6620.000 0.609
6625.000 0.563
6630.000 0.528
6635.000 0.496
6640.000 0.468
6645.000 0.438
6650.000 0.420
6655.000 0.401
6660.000 0.388
6665.000 0.372
6670.000 0.357
6675.000 0.346
6680.000 0.339
6685.000 0.327
6690.000 0.324
6695.000 0.310
6700.000 0.302
6705.000 0.304
6710.000 0.291
6715.000 0.282
6720.000 0.275
6725.000 0.274
6730.000 0.266
6735.000 0.258
6740.000 0.254
6745.000 0.253
6750.000 0.245
6755.000 0.243
6760.000 0.238
6765.000 0.230
6770.000 0.232
6775.000 0.225
6780.000 0.224
6785.000 0.221
6790.000 0.220
6795.000 0.212
6800.000 0.211
6805.000 0.205
6810.000 0.207
6815.000 0.201
6820.000 0.193
6825.000 0.198
6830.000 0.199
6835.000 0.200
6840.000 0.186
6845.000 0.189
6850.000 0.183
6855.000 0.185
6860.000 0.181
6865.000 0.181
6870.000 0.176
6875.000 0.171
6880.000 0.172
6885.000 0.172
6890.000 0.170
6895.000 0.169
6900.000 0.167
6905.000 0.167
6910.000 0.165
6915.000 0.164
6920.000 0.159
6925.000 0.161
6930.000 0.159
6935.000 0.156
6940.000 0.154
6945.000 0.149
6950.000 0.154
6955.000 0.155
6960.000 0.150
6965.000 0.149
6970.000 0.150
6975.000 0.152
6980.000 0.143
6985.000 0.145
6990.000 0.141
6995.000 0.140
7000.000 0.148
7005.000 0.135
7010.000 0.135
7015.000 0.138
7020.000 0.133
7025.000 0.138
7030.000 0.135
7035.000 0.133
7040.000 0.135
7045.000 0.137
7050.000 0.128
7055.000 0.128
7060.000 0.129
7065.000 0.130
7070.000 0.131
7075.000 0.127
7080.000 0.128
7085.000 0.127
7090.000 0.123
7095.000 0.121
7100.000 0.127
7105.000 0.124
7110.000 0.125
7115.000 0.122
7120.000 0.120
7125.000 0.122
7130.000 0.116
7135.000 0.116
7140.000 0.121
7145.000 0.116
7150.000 0.118
7155.000 0.116
7160.000 0.118
7165.000 0.119
7170.000 0.114
7175.000 0.119
7180.000 0.115
7185.000 0.114
7190.000 0.114
7195.000 0.110
7200.000 0.112
7205.000 0.118
7210.000 0.111
7215.000 0.112
7220.000 0.110
7225.000 0.112
7230.000 0.109
7235.000 0.111
7240.000 0.109
7245.000 0.110
7250.000 0.108
7255.000 0.110
7260.000 0.110
7265.000 0.107
7270.000 0.107
7275.000 0.105
7280.000 0.110
7285.000 0.106
7290.000 0.108
7295.000 0.106
7300.000 0.111
7305.000 0.106
7310.000 0.104
7315.000 0.109
7320.000 0.106
7325.000 0.104
7330.000 0.106
7335.000 0.106
7340.000 0.103
7345.000 0.104
7350.000 0.103
7355.000 0.103
7360.000 0.103
7365.000 0.103
7370.000 0.102
7375.000 0.102
7380.000 0.102
7385.000 0.100
7390.000 0.100
7395.000 0.101
7400.000 0.102
7405.000 0.105
7410.000 0.103
7415.000 0.108
7420.000 0.100
7425.000 0.099
7430.000 0.106
7435.000 0.107
7440.000 0.105
7445.000 0.106
7450.000 0.107
7455.000 0.124
7460.000 0.132
7465.000 0.170
7470.000 0.382
7475.000 0.521
7480.000 0.673
7485.000 0.610
7490.000 0.464
7495.000 0.287
7500.000 0.211
7505.000 0.186
7510.000 0.171
7515.000 0.162
7520.000 0.153
7525.000 0.149
7530.000 0.143
7535.000 0.140
7540.000 0.136
7545.000 0.137
7550.000 0.133
7555.000 0.133
7560.000 0.129
7565.000 0.127
7570.000 0.129
7575.000 0.124
7580.000 0.127
7585.000 0.127
7590.000 0.122
7595.000 0.117
7600.000 0.119
7605.000 0.120
7610.000 0.118
7615.000 0.121
7620.000 0.126
7625.000 0.118
7630.000 0.121
7635.000 0.117
7640.000 0.116
7645.000 0.118
7650.000 0.114
7655.000 0.115
7660.000 0.119
7665.000 0.119
7670.000 0.121
7675.000 0.116
7680.000 0.120
7685.000 0.119
7690.000 0.112
7695.000 0.122
7700.000 0.117
7705.000 0.119
7710.000 0.116
7715.000 0.116
7720.000 0.119
7725.000 0.116
7730.000 0.117
7735.000 0.115
7740.000 0.118
7745.000 0.117
7750.000 0.116
7755.000 0.120
7760.000 0.116
7765.000 0.120
7770.000 0.118
7775.000 0.122
7780.000 0.116
7785.000 0.117
7790.000 0.119
7795.000 0.120
7800.000 0.114
7805.000 0.117
7810.000 0.117
7815.000 0.119
7820.000 0.118
7825.000 0.115
7830.000 0.124
7835.000 0.118
7840.000 0.121
7845.000 0.122
7850.000 0.115
7855.000 0.122
7860.000 0.119
7865.000 0.120
7870.000 0.123
7875.000 0.122
7880.000 0.119
7885.000 0.118
7890.000 0.123
7895.000 0.119
7900.000 0.123
7905.000 0.122
7910.000 0.116
7915.000 0.116
7920.000 0.124
7925.000 0.120
7930.000 0.121
7935.000 0.123
7940.000 0.114
7945.000 0.120
7950.000 0.120
7955.000 0.117
7960.000 0.115
7965.000 0.114
7970.000 0.115
7975.000 0.111
7980.000 0.109
7985.000 0.109
7990.000 0.103
7995.000 0.106
8000.000 0.100
