1801.000 0.167
1802.000 0.170
1803.000 0.170
1804.000 0.177
1805.000 0.184
1806.000 0.171
1807.000 0.176
1808.000 0.179
1809.000 0.176
1810.000 0.181
1811.000 0.182
1812.000 0.186
1813.000 0.183
1814.000 0.187
1815.000 0.182
1816.000 0.183
1817.000 0.182
1818.000 0.183
1819.000 0.189
1820.000 0.184
1821.000 0.192
1822.000 0.190
1823.000 0.188
1824.000 0.187
1825.000 0.197
1826.000 0.194
1827.000 0.200
1828.000 0.199
1829.000 0.193
1830.000 0.195
1831.000 0.195
1832.000 0.197
1833.000 0.193
1834.000 0.194
1835.000 0.200
1836.000 0.201
1837.000 0.203
1838.000 0.202
1839.000 0.204
1840.000 0.201
1841.000 0.205
1842.000 0.203
1843.000 0.206
1844.000 0.206
1845.000 0.205
1846.000 0.206
1847.000 0.207
1848.000 0.214
1849.000 0.208
1850.000 0.205
1851.000 0.214
1852.000 0.207
1853.000 0.216
1854.000 0.209
1855.000 0.209
1856.000 0.217
1857.000 0.216
1858.000 0.213
1859.000 0.213
1860.000 0.221
1861.000 0.219
1862.000 0.221
1863.000 0.226
1864.000 0.219
1865.000 0.221
1866.000 0.225
1867.000 0.225
1868.000 0.210
1869.000 0.227
1870.000 0.222
1871.000 0.220
1872.000 0.220
1873.000 0.223
1874.000 0.227
1875.000 0.221
1876.000 0.223
1877.000 0.223
1878.000 0.227
1879.000 0.227
1880.000 0.226
1881.000 0.230
1882.000 0.224
1883.000 0.228
1884.000 0.224
1885.000 0.227
1886.000 0.225
1887.000 0.227
1888.000 0.229
1889.000 0.237
1890.000 0.241
1891.000 0.224
1892.000 0.230
1893.000 0.237
1894.000 0.240
1895.000 0.239
1896.000 0.234
1897.000 0.233
1898.000 0.244
1899.000 0.243
1900.000 0.226
1901.000 0.247
1902.000 0.246
1903.000 0.232
1904.000 0.243
1905.000 0.236
1906.000 0.223
1907.000 0.231
1908.000 0.222
1909.000 0.232
1910.000 0.231
1911.000 0.237
1912.000 0.244
1913.000 0.235
1914.000 0.245
1915.000 0.232
1916.000 0.244
1917.000 0.238
1918.000 0.238
1919.000 0.247
1920.000 0.241
1921.000 0.226
1922.000 0.235
1923.000 0.230
1924.000 0.248
1925.000 0.242
1926.000 0.234
1927.000 0.231
1928.000 0.238
1929.000 0.258
1930.000 0.236
1931.000 0.253
1932.000 0.238
1933.000 0.262
1934.000 0.243
1935.000 0.257
1936.000 0.258
1937.000 0.243
1938.000 0.230
1939.000 0.247
1940.000 0.243
1941.000 0.263
1942.000 0.242
1943.000 0.243
1944.000 0.249
1945.000 0.252
1946.000 0.252
1947.000 0.238
1948.000 0.241
1949.000 0.251
1950.000 0.244
1951.000 0.240
1952.000 0.246
1953.000 0.267
1954.000 0.246
1955.000 0.250
1956.000 0.227
1957.000 0.252
1958.000 0.234
1959.000 0.252
1960.000 0.248
1961.000 0.241
1962.000 0.261
1963.000 0.250
1964.000 0.266
1965.000 0.245
1966.000 0.252
1967.000 0.265
1968.000 0.254
1969.000 0.251
1970.000 0.245
1971.000 0.252
1972.000 0.260
1973.000 0.256
1974.000 0.254
1975.000 0.261
1976.000 0.258
1977.000 0.258
1978.000 0.261
1979.000 0.263
1980.000 0.250
1981.000 0.256
1982.000 0.258
1983.000 0.265
1984.000 0.264
1985.000 0.249
1986.000 0.261
1987.000 0.265
1988.000 0.259
1989.000 0.264
1990.000 0.257
1991.000 0.264
1992.000 0.275
1993.000 0.276
1994.000 0.257
1995.000 0.272
1996.000 0.260
1997.000 0.282
1998.000 0.271
1999.000 0.271
2000.000 0.268
2001.000 0.273
2002.000 0.270
2003.000 0.275
2004.000 0.285
2005.000 0.261
2006.000 0.276
2007.000 0.288
2008.000 0.278
2009.000 0.283
2010.000 0.289
2011.000 0.270
2012.000 0.283
2013.000 0.273
2014.000 0.292
2015.000 0.285
2016.000 0.284
2017.000 0.283
2018.000 0.288
2019.000 0.288
2020.000 0.288
2021.000 0.295
2022.000 0.292
2023.000 0.290
2024.000 0.297
2025.000 0.298
2026.000 0.302
2027.000 0.306
2028.000 0.301
2029.000 0.303
2030.000 0.304
2031.000 0.298
2032.000 0.309
2033.000 0.375
2034.000 0.336
2035.000 0.306
2036.000 0.388
2037.000 0.350
2038.000 0.307
2039.000 0.309
2040.000 0.322
2041.000 0.327
2042.000 0.312
2043.000 0.325
2044.000 0.320
2045.000 0.330
2046.000 0.324
2047.000 0.284
2048.000 0.342
2049.000 0.356
2050.000 0.342
2051.000 0.346
2052.000 0.338
2053.000 0.344
2054.000 0.347
2055.000 0.355
2056.000 0.355
2057.000 0.349
2058.000 0.360
2059.000 0.358
2060.000 0.349
2061.000 0.360
2062.000 0.370
2063.000 0.372
2064.000 0.375
2065.000 0.374
2066.000 0.382
2067.000 0.383
2068.000 0.381
2069.000 0.383
2070.000 0.521
2071.000 0.375
2072.000 0.400
2073.000 0.418
2074.000 0.406
2075.000 0.406
2076.000 0.402
2077.000 0.416
2078.000 0.415
2079.000 0.423
2080.000 0.440
2081.000 0.435
2082.000 0.433
2083.000 0.439
2084.000 0.441
2085.000 0.447
2086.000 0.452
2087.000 0.453
2088.000 0.459
2089.000 0.467
2090.000 0.482
2091.000 0.488
2092.000 0.488
2093.000 0.499
2094.000 0.494
2095.000 0.502
2096.000 0.509
2097.000 0.515
2098.000 0.518
2099.000 0.526
2100.000 0.534
2101.000 0.555
2102.000 0.551
2103.000 0.565
2104.000 0.578
2105.000 0.601
2106.000 0.583
2107.000 0.609
2108.000 0.606
2109.000 0.620
2110.000 0.622
2111.000 0.634
2112.000 0.647
2113.000 0.661
2114.000 0.681
2115.000 0.684
2116.000 0.702
2117.000 0.715
2118.000 0.732
2119.000 0.737
2120.000 0.757
2121.000 0.756
2122.000 0.788
2123.000 0.810
2124.000 0.821
2125.000 0.829
2126.000 0.870
2127.000 0.888
2128.000 0.927
2129.000 0.947
2130.000 0.954
2131.000 0.977
2132.000 2.490
2133.000 0.893
2134.000 1.160
2135.000 1.098
2136.000 1.112
2137.000 1.185
2138.000 1.234
2139.000 1.262
2140.000 1.322
2141.000 1.339
2142.000 1.400
2143.000 1.434
2144.000 1.488
2145.000 1.580
2146.000 1.625
2147.000 1.713
2148.000 1.784
2149.000 1.877
2150.000 1.976
2151.000 2.110
2152.000 2.245
2153.000 2.360
2154.000 2.519
2155.000 2.600
2156.000 2.758
2157.000 2.938
2158.000 3.173
2159.000 3.452
2160.000 3.703
2161.000 4.016
2162.000 4.356
2163.000 4.697
2164.000 5.029
2165.000 5.346
2166.000 5.636
2167.000 5.746
2168.000 5.880
2169.000 5.936
2170.000 5.839
2171.000 5.607
2172.000 5.254
2173.000 4.950
2174.000 4.606
2175.000 4.234
2176.000 3.916
2177.000 3.632
2178.000 3.378
2179.000 3.135
2180.000 3.045
2181.000 2.831
2182.000 2.666
2183.000 2.545
2184.000 2.408
2185.000 2.301
2186.000 2.204
2187.000 2.138
2188.000 2.028
2189.000 1.943
2190.000 1.867
2191.000 1.774
2192.000 1.762
2193.000 1.735
2194.000 1.689
2195.000 1.637
2196.000 1.595
2197.000 1.546
2198.000 1.491
2199.000 1.462
2200.000 1.421
2201.000 1.388
2202.000 1.367
2203.000 1.342
2204.000 1.324
2205.000 1.293
2206.000 1.239
2207.000 1.278
2208.000 1.248
2209.000 1.227
2210.000 1.199
2211.000 1.190
2212.000 1.186
2213.000 1.156
2214.000 1.169
2215.000 1.139
2216.000 1.127
2217.000 1.109
2218.000 1.110
2219.000 1.101
2220.000 1.093
2221.000 1.098
2222.000 1.081
2223.000 1.085
2224.000 1.092
2225.000 1.061
2226.000 1.079
2227.000 1.057
2228.000 1.079
2229.000 1.056
2230.000 1.065
2231.000 1.068
2232.000 1.073
2233.000 1.071
2234.000 1.083
2235.000 1.073
2236.000 1.083
2237.000 1.092
2238.000 1.081
2239.000 1.125
2240.000 1.117
2241.000 1.122
2242.000 1.140
2243.000 1.141
2244.000 1.171
2245.000 1.173
2246.000 1.194
2247.000 1.196
2248.000 1.232
2249.000 1.258
2250.000 1.269
2251.000 1.304
2252.000 1.332
2253.000 1.327
2254.000 1.379
2255.000 1.417
2256.000 1.465
2257.000 1.493
2258.000 1.546
2259.000 1.612
2260.000 1.667
2261.000 1.717
2262.000 1.793
2263.000 1.883
2264.000 1.930
2265.000 2.027
2266.000 2.119
2267.000 2.264
2268.000 2.412
2269.000 2.627
2270.000 2.846
2271.000 3.061
2272.000 3.255
2273.000 3.581
2274.000 3.894
2275.000 4.223
2276.000 4.548
2277.000 4.720
2278.000 4.970
2279.000 5.071
2280.000 5.014
2281.000 4.729
2282.000 4.264
2283.000 3.744
2284.000 3.267
2285.000 2.872
2286.000 2.514
2287.000 2.264
2288.000 2.044
2289.000 1.851
2290.000 1.797
2291.000 1.615
2292.000 1.468
2293.000 1.378
2294.000 1.281
2295.000 1.188
2296.000 1.089
2297.000 1.053
2298.000 0.983
2299.000 0.920
2300.000 0.871
2301.000 0.847
2302.000 0.804
2303.000 0.758
2304.000 0.724
2305.000 0.695
2306.000 0.658
2307.000 0.630
2308.000 0.603
2309.000 0.591
2310.000 0.552
2311.000 0.525
2312.000 0.520
2313.000 0.509
2314.000 0.468
2315.000 0.464
2316.000 0.448
2317.000 0.446
2318.000 0.415
2319.000 0.400
2320.000 0.403
2321.000 0.373
2322.000 0.372
2323.000 0.344
2324.000 0.337
2325.000 0.330
2326.000 0.317
2327.000 0.322
2328.000 0.318
2329.000 0.296
2330.000 0.291
2331.000 0.282
2332.000 0.280
2333.000 0.271
2334.000 0.258
2335.000 0.264
2336.000 0.247
2337.000 0.242
2338.000 0.238
2339.000 0.238
2340.000 0.229
2341.000 0.218
2342.000 0.213
2343.000 0.219
2344.000 0.212
2345.000 0.211
2346.000 0.196
2347.000 0.194
2348.000 0.193
2349.000 0.185
2350.000 0.185
2351.000 0.183
2352.000 0.178
2353.000 0.179
2354.000 0.168
2355.000 0.169
2356.000 0.161
2357.000 0.161
2358.000 0.157
2359.000 0.160
2360.000 0.146
2361.000 0.149
2362.000 0.146
2363.000 0.149
2364.000 0.143
2365.000 0.139
2366.000 0.130
2367.000 0.133
2368.000 0.131
2369.000 0.130
2370.000 0.129
2371.000 0.123
2372.000 0.127
2373.000 0.124
2374.000 0.121
2375.000 0.114
2376.000 0.119
2377.000 0.121
2378.000 0.113
2379.000 0.116
2380.000 0.107
2381.000 0.112
2382.000 0.112
2383.000 0.103
2384.000 0.104
2385.000 0.108
2386.000 0.100
2387.000 0.107
2388.000 0.105
2389.000 0.102
2390.000 0.104
2391.000 0.099
2392.000 0.090
2393.000 0.095
2394.000 0.090
2395.000 0.097
2396.000 0.086
2397.000 0.089
2398.000 0.089
2399.000 0.089
2400.000 0.086
2401.000 0.090
2402.000 0.086
2403.000 0.084
2404.000 0.085
2405.000 0.083
2406.000 0.084
2407.000 0.077
2408.000 0.075
2409.000 0.084
2410.000 0.077
2411.000 0.078
2412.000 0.079
2413.000 0.081
2414.000 0.076
2415.000 0.075
2416.000 0.070
2417.000 0.071
2418.000 0.069
2419.000 0.074
2420.000 0.070
2421.000 0.079
2422.000 0.071
2423.000 0.066
2424.000 0.069
2425.000 0.066
2426.000 0.070
2427.000 0.064
2428.000 0.062
2429.000 0.070
2430.000 0.067
2431.000 0.069
2432.000 0.069
2433.000 0.065
2434.000 0.064
2435.000 0.058
2436.000 0.062
2437.000 0.061
2438.000 0.066
2439.000 0.062
2440.000 0.059
2441.000 0.056
2442.000 0.062
2443.000 0.059
2444.000 0.055
2445.000 0.059
2446.000 0.052
2447.000 0.052
2448.000 0.063
2449.000 0.060
2450.000 0.055
2451.000 0.054
2452.000 0.056
2453.000 0.059
2454.000 0.058
2455.000 0.052
2456.000 0.056
2457.000 0.051
2458.000 0.058
2459.000 0.055
2460.000 0.054
2461.000 0.053
2462.000 0.054
2463.000 0.053
2464.000 0.050
2465.000 0.050
2466.000 0.047
2467.000 0.051
2468.000 0.046
2469.000 0.055
2470.000 0.051
2471.000 0.050
2472.000 0.055
2473.000 0.053
2474.000 0.053
2475.000 0.057
2476.000 0.054
2477.000 0.052
2478.000 0.049
2479.000 0.048
2480.000 0.048
2481.000 0.049
2482.000 0.047
2483.000 0.047
2484.000 0.051
2485.000 0.047
2486.000 0.050
2487.000 0.052
2488.000 0.052
2489.000 0.051
2490.000 0.048
2491.000 0.047
2492.000 0.043
2493.000 0.049
2494.000 0.045
2495.000 0.043
2496.000 0.048
2497.000 0.048
2498.000 0.051
2499.000 0.055
2500.000 0.048
2501.000 0.045
2502.000 0.046
2503.000 0.045
2504.000 0.043
2505.000 0.044
2506.000 0.048
2507.000 0.051
2508.000 0.046
2509.000 0.044
2510.000 0.046
2511.000 0.049
2512.000 0.049
2513.000 0.043
2514.000 0.049
2515.000 0.045
2516.000 0.043
2517.000 0.049
2518.000 0.046
2519.000 0.048
2520.000 0.044
2521.000 0.050
2522.000 0.050
2523.000 0.048
2524.000 0.044
2525.000 0.043
2526.000 0.045
2527.000 0.043
2528.000 0.047
2529.000 0.043
2530.000 0.045
2531.000 0.045
2532.000 0.045
2533.000 0.045
2534.000 0.044
2535.000 0.050
2536.000 0.047
2537.000 0.047
2538.000 0.045
2539.000 0.051
2540.000 0.048
2541.000 0.046
2542.000 0.046
2543.000 0.047
2544.000 0.049
2545.000 0.049
2546.000 0.047
2547.000 0.046
2548.000 0.045
2549.000 0.047
2550.000 0.050
2551.000 0.049
2552.000 0.049
2553.000 0.050
2554.000 0.045
2555.000 0.049
2556.000 0.049
2557.000 0.044
2558.000 0.049
2559.000 0.050
2560.000 0.045
2561.000 0.047
2562.000 0.049
2563.000 0.045
2564.000 0.047
2565.000 0.045
2566.000 0.048
2567.000 0.049
2568.000 0.051
2569.000 0.052
2570.000 0.052
2571.000 0.045
2572.000 0.051
2573.000 0.046
2574.000 0.050
2575.000 0.051
2576.000 0.050
2577.000 0.051
2578.000 0.050
2579.000 0.053
2580.000 0.052
2581.000 0.057
2582.000 0.050
2583.000 0.047
2584.000 0.051
2585.000 0.052
2586.000 0.054
2587.000 0.047
2588.000 0.045
2589.000 0.048
2590.000 0.049
2591.000 0.054
2592.000 0.050
2593.000 0.051
2594.000 0.052
2595.000 0.048
2596.000 0.061
2597.000 0.060
2598.000 0.050
2599.000 0.059
2600.000 0.052
