1801.000 0.304
1802.000 0.315
1803.000 0.304
1804.000 0.319
1805.000 0.320
1806.000 0.314
1807.000 0.313
1808.000 0.326
1809.000 0.326
1810.000 0.321
1811.000 0.319
1812.000 0.327
1813.000 0.328
1814.000 0.324
1815.000 0.329
1816.000 0.329
1817.000 0.329
1818.000 0.332
1819.000 0.335
1820.000 0.333
1821.000 0.347
1822.000 0.336
1823.000 0.347
1824.000 0.350
1825.000 0.341
1826.000 0.340
1827.000 0.354
1828.000 0.353
1829.000 0.355
1830.000 0.356
1831.000 0.354
1832.000 0.358
1833.000 0.354
1834.000 0.362
1835.000 0.362
1836.000 0.367
1837.000 0.353
1838.000 0.370
1839.000 0.369
1840.000 0.361
1841.000 0.374
1842.000 0.368
1843.000 0.376
1844.000 0.373
1845.000 0.375
1846.000 0.375
1847.000 0.366
1848.000 0.369
1849.000 0.381
1850.000 0.372
1851.000 0.378
1852.000 0.378
1853.000 0.384
1854.000 0.384
1855.000 0.387
1856.000 0.391
1857.000 0.396
1858.000 0.400
1859.000 0.390
1860.000 0.406
1861.000 0.381
1862.000 0.404
1863.000 0.399
1864.000 0.391
1865.000 0.402
1866.000 0.406
1867.000 0.384
1868.000 0.405
1869.000 0.394
1870.000 0.408
1871.000 0.405
1872.000 0.399
1873.000 0.402
1874.000 0.408
1875.000 0.406
1876.000 0.406
1877.000 0.404
1878.000 0.410
1879.000 0.419
1880.000 0.401
1881.000 0.415
1882.000 0.422
1883.000 0.394
1884.000 0.433
1885.000 0.407
1886.000 0.427
1887.000 0.425
1888.000 0.415
1889.000 0.420
1890.000 0.411
1891.000 0.401
1892.000 0.404
1893.000 0.403
1894.000 0.423
1895.000 0.445
1896.000 0.429
1897.000 0.395
1898.000 0.455
1899.000 0.412
1900.000 0.447
1901.000 0.412
1902.000 0.421
1903.000 0.418
1904.000 0.424
1905.000 0.443
1906.000 0.444
1907.000 0.446
1908.000 0.452
1909.000 0.449
1910.000 0.433
1911.000 0.413
1912.000 0.452
1913.000 0.453
1914.000 0.423
1915.000 0.422
1916.000 0.453
1917.000 0.418
1918.000 0.437
1919.000 0.469
1920.000 0.431
1921.000 0.424
1922.000 0.404
1923.000 0.418
1924.000 0.419
1925.000 0.445
1926.000 0.453
1927.000 0.461
1928.000 0.456
1929.000 0.432
1930.000 0.445
1931.000 0.438
1932.000 0.447
1933.000 0.455
1934.000 0.432
1935.000 0.467
1936.000 0.469
1937.000 0.443
1938.000 0.442
1939.000 0.462
1940.000 0.458
1941.000 0.463
1942.000 0.452
1943.000 0.432
1944.000 0.466
1945.000 0.491
1946.000 0.448
1947.000 0.469
1948.000 0.441
1949.000 0.461
1950.000 0.489
1951.000 0.488
1952.000 0.487
1953.000 0.455
1954.000 0.449
1955.000 0.462
1956.000 0.453
1957.000 0.447
1958.000 0.473
1959.000 0.468
1960.000 0.449
1961.000 0.459
1962.000 0.462
1963.000 0.464
1964.000 0.460
1965.000 0.453
1966.000 0.473
1967.000 0.470
1968.000 0.463
1969.000 0.455
1970.000 0.452
1971.000 0.457
1972.000 0.478
1973.000 0.473
1974.000 0.461
1975.000 0.479
1976.000 0.464
1977.000 0.487
1978.000 0.466
1979.000 0.489
1980.000 0.466
1981.000 0.460
1982.000 0.509
1983.000 0.462
1984.000 0.455
1985.000 0.478
1986.000 0.505
1987.000 0.480
1988.000 0.475
1989.000 0.495
1990.000 0.481
1991.000 0.477
1992.000 0.482
1993.000 0.487
1994.000 0.482
1995.000 0.484
1996.000 0.483
1997.000 0.484
1998.000 0.483
1999.000 0.504
2000.000 0.505
2001.000 0.501
2002.000 0.499
2003.000 0.486
2004.000 0.473
2005.000 0.494
2006.000 0.496
2007.000 0.511
2008.000 0.511
2009.000 0.503
2010.000 0.480
2011.000 0.516
2012.000 0.505
2013.000 0.506
2014.000 0.512
2015.000 0.496
2016.000 0.524
2017.000 0.516
2018.000 0.514
2019.000 0.511
2020.000 0.511
2021.000 0.508
2022.000 0.509
2023.000 0.508
2024.000 0.522
2025.000 0.539
2026.000 0.526
2027.000 0.512
2028.000 0.530
2029.000 0.517
2030.000 0.535
2031.000 0.534
2032.000 0.521
2033.000 0.546
2034.000 0.543
2035.000 0.550
2036.000 0.538
2037.000 0.551
2038.000 0.547
2039.000 0.550
2040.000 0.539
2041.000 0.550
2042.000 0.566
2043.000 0.553
2044.000 0.567
2045.000 0.565
2046.000 0.575
2047.000 0.556
2048.000 0.567
2049.000 0.573
2050.000 0.584
2051.000 0.569
2052.000 0.574
2053.000 0.582
2054.000 0.582
2055.000 0.587
2056.000 0.593
2057.000 0.599
2058.000 0.595
2059.000 0.607
2060.000 0.601
2061.000 0.600
2062.000 0.610
2063.000 0.611
2064.000 0.613
2065.000 0.609
2066.000 0.621
2067.000 0.628
2068.000 0.626
2069.000 0.623
2070.000 0.639
2071.000 0.640
2072.000 0.643
2073.000 0.644
2074.000 0.650
2075.000 0.655
2076.000 0.654
2077.000 0.664
2078.000 0.673
2079.000 0.672
2080.000 0.675
2081.000 0.683
2082.000 0.693
2083.000 0.697
2084.000 0.710
2085.000 0.696
2086.000 0.711
2087.000 0.731
2088.000 0.751
2089.000 0.737
2090.000 0.804
2091.000 0.699
2092.000 0.752
2093.000 0.768
2094.000 0.778
2095.000 0.742
2096.000 0.773
2097.000 0.775
2098.000 0.782
2099.000 0.800
2100.000 0.807
2101.000 0.818
2102.000 0.836
2103.000 0.847
2104.000 0.827
2105.000 0.852
2106.000 0.854
2107.000 0.871
2108.000 0.875
2109.000 0.892
2110.000 0.896
2111.000 0.911
2112.000 0.924
2113.000 0.935
2114.000 0.938
2115.000 0.965
2116.000 0.982
2117.000 0.988
2118.000 1.032
2119.000 1.026
2120.000 1.038
2121.000 1.073
2122.000 1.053
2123.000 1.093
2124.000 1.102
2125.000 1.142
2126.000 1.146
2127.000 1.165
2128.000 1.188
2129.000 1.221
2130.000 1.238
2131.000 1.285
2132.000 1.324
2133.000 1.281
2134.000 1.265
2135.000 1.385
2136.000 1.427
2137.000 1.459
2138.000 1.495
2139.000 1.567
2140.000 1.586
2141.000 1.676
2142.000 1.702
2143.000 1.779
2144.000 1.834
2145.000 1.873
2146.000 1.925
2147.000 2.005
2148.000 2.092
2149.000 2.122
2150.000 2.288
2151.000 2.385
2152.000 2.476
2153.000 2.599
2154.000 2.787
2155.000 2.937
2156.000 3.082
2157.000 3.287
2158.000 3.372
2159.000 3.562
2160.000 3.816
2161.000 4.096
2162.000 4.342
2163.000 4.678
2164.000 4.975
2165.000 5.246
2166.000 5.440
2167.000 5.580
2168.000 5.623
2169.000 5.569
2170.000 5.321
2171.000 5.220
2172.000 4.876
2173.000 4.553
2174.000 4.224
2175.000 3.876
2176.000 3.564
2177.000 3.278
2178.000 3.009
2179.000 2.804
2180.000 2.556
2181.000 2.398
2182.000 2.295
2183.000 2.155
2184.000 2.013
2185.000 1.901
2186.000 1.803
2187.000 1.690
2188.000 1.616
2189.000 1.532
2190.000 1.467
2191.000 1.383
2192.000 1.389
2193.000 1.254
2194.000 1.218
2195.000 1.171
2196.000 1.125
2197.000 1.078
2198.000 1.030
2199.000 0.990
2200.000 0.953
2201.000 0.921
2202.000 0.888
2203.000 0.855
2204.000 0.799
2205.000 0.779
2206.000 0.779
2207.000 0.750
2208.000 0.701
2209.000 0.677
2210.000 0.675
2211.000 0.629
2212.000 0.615
2213.000 0.603
2214.000 0.586
2215.000 0.561
2216.000 0.531
2217.000 0.541
2218.000 0.517
2219.000 0.491
2220.000 0.479
2221.000 0.461
2222.000 0.439
2223.000 0.440
2224.000 0.426
2225.000 0.395
2226.000 0.393
2227.000 0.361
2228.000 0.343
2229.000 0.337
2230.000 0.331
2231.000 0.355
2232.000 0.301
2233.000 0.303
2234.000 0.283
2235.000 0.282
2236.000 0.241
2237.000 0.245
2238.000 0.218
2239.000 0.207
2240.000 0.197
2241.000 0.189
2242.000 0.175
2243.000 0.173
2244.000 0.158
2245.000 0.142
2246.000 0.130
2247.000 0.123
2248.000 0.104
2249.000 0.102
2250.000 0.077
2251.000 0.123
2252.000 0.086
2253.000 0.069
2254.000 0.077
2255.000 0.088
2256.000 0.088
2257.000 0.092
2258.000 0.122
2259.000 0.143
2260.000 0.161
2261.000 0.199
2262.000 0.221
2263.000 0.258
2264.000 0.310
2265.000 0.349
2266.000 0.405
2267.000 0.463
2268.000 0.477
2269.000 0.550
2270.000 0.642
2271.000 0.729
2272.000 0.838
2273.000 0.965
2274.000 1.107
2275.000 1.255
2276.000 1.417
2277.000 1.574
2278.000 1.664
2279.000 1.685
2280.000 1.701
2281.000 1.627
2282.000 1.532
2283.000 1.414
2284.000 1.287
2285.000 1.155
2286.000 1.057
2287.000 0.992
2288.000 0.920
2289.000 0.857
2290.000 0.803
2291.000 0.772
2292.000 0.757
2293.000 0.705
2294.000 0.677
2295.000 0.654
2296.000 0.633
2297.000 0.597
2298.000 0.570
2299.000 0.553
2300.000 0.534
2301.000 0.516
2302.000 0.513
2303.000 0.492
2304.000 0.472
2305.000 0.468
2306.000 0.448
2307.000 0.436
2308.000 0.423
2309.000 0.423
2310.000 0.428
2311.000 0.403
2312.000 0.407
2313.000 0.391
2314.000 0.371
2315.000 0.371
2316.000 0.354
2317.000 0.359
2318.000 0.348
2319.000 0.337
2320.000 0.338
2321.000 0.326
2322.000 0.332
2323.000 0.322
2324.000 0.314
2325.000 0.311
2326.000 0.312
2327.000 0.289
2328.000 0.295
2329.000 0.289
2330.000 0.299
2331.000 0.284
2332.000 0.283
2333.000 0.269
2334.000 0.266
2335.000 0.267
2336.000 0.260
2337.000 0.257
2338.000 0.257
2339.000 0.246
2340.000 0.253
2341.000 0.248
2342.000 0.237
2343.000 0.245
2344.000 0.237
2345.000 0.235
2346.000 0.222
2347.000 0.229
2348.000 0.227
2349.000 0.229
2350.000 0.225
2351.000 0.219
2352.000 0.219
2353.000 0.214
2354.000 0.215
2355.000 0.213
2356.000 0.208
2357.000 0.201
2358.000 0.201
2359.000 0.204
2360.000 0.199
2361.000 0.193
2362.000 0.193
2363.000 0.196
2364.000 0.189
2365.000 0.191
2366.000 0.187
2367.000 0.188
2368.000 0.183
2369.000 0.183
2370.000 0.182
2371.000 0.172
2372.000 0.175
2373.000 0.180
2374.000 0.178
2375.000 0.177
2376.000 0.171
2377.000 0.165
2378.000 0.166
2379.000 0.168
2380.000 0.160
2381.000 0.163
2382.000 0.163
2383.000 0.162
2384.000 0.160
2385.000 0.157
2386.000 0.157
2387.000 0.157
2388.000 0.157
2389.000 0.154
2390.000 0.156
2391.000 0.151
2392.000 0.154
2393.000 0.147
2394.000 0.150
2395.000 0.136
2396.000 0.140
2397.000 0.144
2398.000 0.147
2399.000 0.156
2400.000 0.149
2401.000 0.151
2402.000 0.135
2403.000 0.139
2404.000 0.132
2405.000 0.138
2406.000 0.133
2407.000 0.130
2408.000 0.135
2409.000 0.134
2410.000 0.129
2411.000 0.133
2412.000 0.131
2413.000 0.126
2414.000 0.121
2415.000 0.128
2416.000 0.126
2417.000 0.130
2418.000 0.121
2419.000 0.122
2420.000 0.132
2421.000 0.121
2422.000 0.121
2423.000 0.120
2424.000 0.125
2425.000 0.117
2426.000 0.118
2427.000 0.120
2428.000 0.122
2429.000 0.117
2430.000 0.117
2431.000 0.118
2432.000 0.114
2433.000 0.115
2434.000 0.111
2435.000 0.111
2436.000 0.114
2437.000 0.107
2438.000 0.108
2439.000 0.112
2440.000 0.110
2441.000 0.111
2442.000 0.108
2443.000 0.102
2444.000 0.107
2445.000 0.105
2446.000 0.105
2447.000 0.113
2448.000 0.100
2449.000 0.110
2450.000 0.102
2451.000 0.106
2452.000 0.104
2453.000 0.102
2454.000 0.102
2455.000 0.101
2456.000 0.106
2457.000 0.101
2458.000 0.099
2459.000 0.096
2460.000 0.098
2461.000 0.104
2462.000 0.101
2463.000 0.098
2464.000 0.103
2465.000 0.095
2466.000 0.099
2467.000 0.096
2468.000 0.097
2469.000 0.096
2470.000 0.098
2471.000 0.094
2472.000 0.095
2473.000 0.099
2474.000 0.096
2475.000 0.094
2476.000 0.097
2477.000 0.094
2478.000 0.094
2479.000 0.094
2480.000 0.092
2481.000 0.092
2482.000 0.094
2483.000 0.093
2484.000 0.096
2485.000 0.094
2486.000 0.091
2487.000 0.088
2488.000 0.097
2489.000 0.097
2490.000 0.089
2491.000 0.094
2492.000 0.095
2493.000 0.093
2494.000 0.091
2495.000 0.092
2496.000 0.091
2497.000 0.089
2498.000 0.094
2499.000 0.090
2500.000 0.087
2501.000 0.093
2502.000 0.090
2503.000 0.091
2504.000 0.089
2505.000 0.088
2506.000 0.095
2507.000 0.094
2508.000 0.089
2509.000 0.089
2510.000 0.090
2511.000 0.088
2512.000 0.090
2513.000 0.090
2514.000 0.087
2515.000 0.088
2516.000 0.089
2517.000 0.095
2518.000 0.091
2519.000 0.087
2520.000 0.087
2521.000 0.090
2522.000 0.083
2523.000 0.089
2524.000 0.086
2525.000 0.085
2526.000 0.083
2527.000 0.085
2528.000 0.087
2529.000 0.088
2530.000 0.089
2531.000 0.085
2532.000 0.093
2533.000 0.087
2534.000 0.087
2535.000 0.079
2536.000 0.089
2537.000 0.087
2538.000 0.083
2539.000 0.093
2540.000 0.085
2541.000 0.085
2542.000 0.089
2543.000 0.086
2544.000 0.093
2545.000 0.088
2546.000 0.083
2547.000 0.085
2548.000 0.090
2549.000 0.093
2550.000 0.090
2551.000 0.085
2552.000 0.089
2553.000 0.086
2554.000 0.086
2555.000 0.092
2556.000 0.092
2557.000 0.093
2558.000 0.094
2559.000 0.086
2560.000 0.087
2561.000 0.090
2562.000 0.086
2563.000 0.088
2564.000 0.088
2565.000 0.089
2566.000 0.091
2567.000 0.090
2568.000 0.087
2569.000 0.091
2570.000 0.091
2571.000 0.094
2572.000 0.088
2573.000 0.092
2574.000 0.091
2575.000 0.090
2576.000 0.092
2577.000 0.090
2578.000 0.093
2579.000 0.091
2580.000 0.098
2581.000 0.094
2582.000 0.088
2583.000 0.092
2584.000 0.089
2585.000 0.093
2586.000 0.088
2587.000 0.092
2588.000 0.096
2589.000 0.087
2590.000 0.091
2591.000 0.096
2592.000 0.100
2593.000 0.098
2594.000 0.088
2595.000 0.093
2596.000 0.095
2597.000 0.094
2598.000 0.093
2599.000 0.095
2600.000 0.094
