1801.000 0.312
1802.000 0.309
1803.000 0.321
1804.000 0.313
1805.000 0.318
1806.000 0.327
1807.000 0.325
1808.000 0.321
1809.000 0.315
1810.000 0.326
1811.000 0.329
1812.000 0.321
1813.000 0.338
1814.000 0.344
1815.000 0.342
1816.000 0.343
1817.000 0.339
1818.000 0.333
1819.000 0.336
1820.000 0.347
1821.000 0.335
1822.000 0.353
1823.000 0.355
1824.000 0.350
1825.000 0.353
1826.000 0.362
1827.000 0.360
1828.000 0.359
1829.000 0.362
1830.000 0.363
1831.000 0.361
1832.000 0.371
1833.000 0.366
1834.000 0.365
1835.000 0.365
1836.000 0.374
1837.000 0.370
1838.000 0.371
1839.000 0.375
1840.000 0.379
1841.000 0.375
1842.000 0.373
1843.000 0.379
1844.000 0.382
1845.000 0.382
1846.000 0.389
1847.000 0.384
1848.000 0.386
1849.000 0.391
1850.000 0.389
1851.000 0.395
1852.000 0.395
1853.000 0.403
1854.000 0.401
1855.000 0.395
1856.000 0.397
1857.000 0.395
1858.000 0.394
1859.000 0.401
1860.000 0.395
1861.000 0.408
1862.000 0.406
1863.000 0.402
1864.000 0.400
1865.000 0.409
1866.000 0.409
1867.000 0.419
1868.000 0.408
1869.000 0.417
1870.000 0.417
1871.000 0.403
1872.000 0.404
1873.000 0.415
1874.000 0.424
1875.000 0.414
1876.000 0.430
1877.000 0.415
1878.000 0.407
1879.000 0.427
1880.000 0.436
1881.000 0.430
1882.000 0.423
1883.000 0.423
1884.000 0.434
1885.000 0.422
1886.000 0.432
1887.000 0.440
1888.000 0.446
1889.000 0.433
1890.000 0.435
1891.000 0.444
1892.000 0.441
1893.000 0.440
1894.000 0.433
1895.000 0.432
1896.000 0.444
1897.000 0.447
1898.000 0.443
1899.000 0.453
1900.000 0.432
1901.000 0.451
1902.000 0.453
1903.000 0.430
1904.000 0.437
1905.000 0.436
1906.000 0.447
1907.000 0.453
1908.000 0.432
1909.000 0.450
1910.000 0.439
1911.000 0.452
1912.000 0.430
1913.000 0.458
1914.000 0.447
1915.000 0.471
1916.000 0.447
1917.000 0.456
1918.000 0.464
1919.000 0.465
1920.000 0.470
1921.000 0.434
1922.000 0.431
1923.000 0.434
1924.000 0.456
1925.000 0.426
1926.000 0.430
1927.000 0.456
1928.000 0.463
1929.000 0.462
1930.000 0.452
1931.000 0.468
1932.000 0.450
1933.000 0.496
1934.000 0.452
1935.000 0.454
1936.000 0.469
1937.000 0.477
1938.000 0.466
1939.000 0.449
1940.000 0.475
1941.000 0.476
1942.000 0.465
1943.000 0.475
1944.000 0.467
1945.000 0.469
1946.000 0.473
1947.000 0.479
1948.000 0.466
1949.000 0.456
1950.000 0.497
1951.000 0.463
1952.000 0.474
1953.000 0.482
1954.000 0.481
1955.000 0.493
1956.000 0.491
1957.000 0.487
1958.000 0.481
1959.000 0.486
1960.000 0.466
1961.000 0.460
1962.000 0.496
1963.000 0.464
1964.000 0.500
1965.000 0.444
1966.000 0.501
1967.000 0.459
1968.000 0.489
1969.000 0.484
1970.000 0.513
1971.000 0.500
1972.000 0.503
1973.000 0.469
1974.000 0.480
1975.000 0.472
1976.000 0.469
1977.000 0.494
1978.000 0.482
1979.000 0.496
1980.000 0.471
1981.000 0.479
1982.000 0.481
1983.000 0.509
1984.000 0.498
1985.000 0.490
1986.000 0.486
1987.000 0.504
1988.000 0.489
1989.000 0.507
1990.000 0.509
1991.000 0.487
1992.000 0.514
1993.000 0.496
1994.000 0.508
1995.000 0.500
1996.000 0.514
1997.000 0.501
1998.000 0.487
1999.000 0.509
2000.000 0.506
2001.000 0.525
2002.000 0.519
2003.000 0.523
2004.000 0.518
2005.000 0.512
2006.000 0.502
2007.000 0.516
2008.000 0.516
2009.000 0.513
2010.000 0.512
2011.000 0.506
2012.000 0.518
2013.000 0.512
2014.000 0.531
2015.000 0.523
2016.000 0.527
2017.000 0.526
2018.000 0.526
2019.000 0.538
2020.000 0.531
2021.000 0.534
2022.000 0.522
2023.000 0.549
2024.000 0.524
2025.000 0.552
2026.000 0.531
2027.000 0.554
2028.000 0.535
2029.000 0.557
2030.000 0.549
2031.000 0.557
2032.000 0.549
2033.000 0.544
2034.000 0.570
2035.000 0.558
2036.000 0.549
2037.000 0.578
2038.000 0.567
2039.000 0.569
2040.000 0.569
2041.000 0.569
2042.000 0.574
2043.000 0.572
2044.000 0.575
2045.000 0.576
2046.000 0.586
2047.000 0.581
2048.000 0.591
2049.000 0.595
2050.000 0.600
2051.000 0.591
2052.000 0.595
2053.000 0.607
2054.000 0.600
2055.000 0.607
2056.000 0.614
2057.000 0.607
2058.000 0.609
2059.000 0.613
2060.000 0.626
2061.000 0.615
2062.000 0.622
2063.000 0.632
2064.000 0.633
2065.000 0.637
2066.000 0.637
2067.000 0.643
2068.000 0.642
2069.000 0.645
2070.000 0.655
2071.000 0.667
2072.000 0.666
2073.000 0.664
2074.000 0.669
2075.000 0.689
2076.000 0.690
2077.000 0.684
2078.000 0.687
2079.000 0.699
2080.000 0.694
2081.000 0.689
2082.000 0.708
2083.000 0.716
2084.000 0.712
2085.000 0.727
2086.000 0.732
2087.000 0.727
2088.000 0.739
2089.000 0.731
2090.000 0.740
2091.000 0.752
2092.000 0.760
2093.000 0.773
2094.000 0.797
2095.000 0.769
2096.000 0.793
2097.000 0.807
2098.000 0.818
2099.000 0.823
2100.000 0.825
2101.000 0.830
2102.000 0.834
2103.000 0.844
2104.000 0.867
2105.000 0.869
2106.000 0.880
2107.000 0.883
2108.000 0.905
2109.000 0.892
2110.000 0.917
2111.000 0.914
2112.000 0.955
2113.000 0.966
2114.000 0.981
2115.000 0.999
2116.000 1.014
2117.000 1.008
2118.000 1.039
2119.000 1.061
2120.000 1.065
2121.000 1.094
2122.000 1.106
2123.000 1.111
2124.000 1.127
2125.000 1.157
2126.000 1.200
2127.000 1.261
2128.000 1.253
2129.000 1.133
2130.000 1.280
2131.000 1.294
2132.000 1.341
2133.000 1.382
2134.000 1.418
2135.000 1.392
2136.000 1.461
2137.000 1.528
2138.000 1.535
2139.000 1.556
2140.000 1.640
2141.000 1.672
2142.000 1.744
2143.000 1.858
2144.000 1.843
2145.000 1.918
2146.000 1.990
2147.000 2.070
2148.000 2.189
2149.000 2.261
2150.000 2.379
2151.000 2.497
2152.000 2.611
2153.000 2.778
2154.000 2.907
2155.000 3.127
2156.000 3.218
2157.000 3.479
2158.000 3.767
2159.000 3.875
2160.000 4.133
2161.000 4.449
2162.000 4.781
2163.000 5.088
2164.000 5.450
2165.000 5.825
2166.000 6.078
2167.000 6.227
2168.000 6.247
2169.000 6.107
2170.000 5.787
2171.000 5.599
2172.000 5.166
2173.000 4.716
2174.000 4.256
2175.000 3.844
2176.000 3.482
2177.000 3.235
2178.000 2.992
2179.000 2.791
2180.000 2.626
2181.000 2.457
2182.000 2.288
2183.000 2.056
2184.000 2.033
2185.000 1.885
2186.000 1.769
2187.000 1.666
2188.000 1.596
2189.000 1.487
2190.000 1.411
2191.000 1.333
2192.000 1.278
2193.000 1.200
2194.000 1.174
2195.000 1.097
2196.000 1.079
2197.000 1.026
2198.000 0.968
2199.000 0.953
2200.000 0.892
2201.000 0.855
2202.000 0.814
2203.000 0.808
2204.000 0.783
2205.000 0.767
2206.000 0.715
2207.000 0.693
2208.000 0.671
2209.000 0.634
2210.000 0.614
2211.000 0.588
2212.000 0.567
2213.000 0.557
2214.000 0.535
2215.000 0.517
2216.000 0.480
2217.000 0.459
2218.000 0.470
2219.000 0.444
2220.000 0.410
2221.000 0.412
2222.000 0.395
2223.000 0.381
2224.000 0.347
2225.000 0.349
2226.000 0.322
2227.000 0.328
2228.000 0.298
2229.000 0.271
2230.000 0.263
2231.000 0.253
2232.000 0.246
2233.000 0.232
2234.000 0.213
2235.000 0.199
2236.000 0.194
2237.000 0.165
2238.000 0.159
2239.000 0.139
2240.000 0.131
2241.000 0.126
2242.000 0.109
2243.000 0.100
2244.000 0.090
2245.000 0.078
2246.000 0.071
2247.000 0.067
2248.000 0.061
2249.000 0.073
2250.000 0.069
2251.000 0.104
2252.000 0.097
2253.000 0.117
2254.000 0.128
2255.000 0.166
2256.000 0.180
2257.000 0.199
2258.000 0.234
2259.000 0.282
2260.000 0.297
2261.000 0.327
2262.000 0.390
2263.000 0.444
2264.000 0.478
2265.000 0.531
2266.000 0.598
2267.000 0.673
2268.000 0.723
2269.000 0.779
2270.000 0.887
2271.000 1.001
2272.000 1.144
2273.000 1.301
2274.000 1.518
2275.000 1.709
2276.000 1.911
2277.000 2.002
2278.000 2.211
2279.000 2.243
2280.000 2.218
2281.000 2.107
2282.000 1.955
2283.000 1.801
2284.000 1.621
2285.000 1.471
2286.000 1.343
2287.000 1.231
2288.000 1.143
2289.000 1.068
2290.000 0.995
2291.000 0.934
2292.000 0.886
2293.000 0.832
2294.000 0.819
2295.000 0.775
2296.000 0.741
2297.000 0.709
2298.000 0.689
2299.000 0.659
2300.000 0.628
2301.000 0.632
2302.000 0.606
2303.000 0.588
2304.000 0.564
2305.000 0.552
2306.000 0.527
2307.000 0.529
2308.000 0.501
2309.000 0.502
2310.000 0.481
2311.000 0.469
2312.000 0.455
2313.000 0.453
2314.000 0.437
2315.000 0.422
2316.000 0.416
2317.000 0.405
2318.000 0.408
2319.000 0.394
2320.000 0.393
2321.000 0.374
2322.000 0.371
2323.000 0.370
2324.000 0.365
2325.000 0.365
2326.000 0.353
2327.000 0.346
2328.000 0.338
2329.000 0.337
2330.000 0.324
2331.000 0.321
2332.000 0.316
2333.000 0.308
2334.000 0.313
2335.000 0.308
2336.000 0.296
2337.000 0.294
2338.000 0.291
2339.000 0.294
2340.000 0.280
2341.000 0.281
2342.000 0.269
2343.000 0.273
2344.000 0.276
2345.000 0.267
2346.000 0.260
2347.000 0.257
2348.000 0.262
2349.000 0.255
2350.000 0.249
2351.000 0.245
2352.000 0.241
2353.000 0.241
2354.000 0.231
2355.000 0.239
2356.000 0.234
2357.000 0.227
2358.000 0.228
2359.000 0.225
2360.000 0.231
2361.000 0.217
2362.000 0.222
2363.000 0.214
2364.000 0.221
2365.000 0.216
2366.000 0.206
2367.000 0.211
2368.000 0.206
2369.000 0.199
2370.000 0.200
2371.000 0.199
2372.000 0.195
2373.000 0.192
2374.000 0.195
2375.000 0.194
2376.000 0.192
2377.000 0.194
2378.000 0.190
2379.000 0.188
2380.000 0.176
2381.000 0.180
2382.000 0.175
2383.000 0.177
2384.000 0.173
2385.000 0.173
2386.000 0.176
2387.000 0.174
2388.000 0.168
2389.000 0.166
2390.000 0.172
2391.000 0.170
2392.000 0.165
2393.000 0.159
2394.000 0.166
2395.000 0.166
2396.000 0.161
2397.000 0.156
2398.000 0.160
2399.000 0.157
2400.000 0.158
2401.000 0.151
2402.000 0.150
2403.000 0.149
2404.000 0.153
2405.000 0.151
2406.000 0.148
2407.000 0.151
2408.000 0.140
2409.000 0.139
2410.000 0.144
2411.000 0.142
2412.000 0.148
2413.000 0.141
2414.000 0.140
2415.000 0.141
2416.000 0.140
2417.000 0.137
2418.000 0.145
2419.000 0.142
2420.000 0.139
2421.000 0.132
2422.000 0.130
2423.000 0.133
2424.000 0.134
2425.000 0.133
2426.000 0.129
2427.000 0.131
2428.000 0.131
2429.000 0.127
2430.000 0.129
2431.000 0.131
2432.000 0.128
2433.000 0.124
2434.000 0.129
2435.000 0.123
2436.000 0.121
2437.000 0.125
2438.000 0.125
2439.000 0.118
2440.000 0.122
2441.000 0.123
2442.000 0.124
2443.000 0.117
2444.000 0.122
2445.000 0.116
2446.000 0.117
2447.000 0.121
2448.000 0.112
2449.000 0.115
2450.000 0.115
2451.000 0.117
2452.000 0.115
2453.000 0.111
2454.000 0.113
2455.000 0.114
2456.000 0.112
2457.000 0.112
2458.000 0.110
2459.000 0.115
2460.000 0.111
2461.000 0.108
2462.000 0.108
2463.000 0.109
2464.000 0.107
2465.000 0.110
2466.000 0.105
2467.000 0.106
2468.000 0.108
2469.000 0.107
2470.000 0.110
2471.000 0.111
2472.000 0.105
2473.000 0.110
2474.000 0.104
2475.000 0.105
2476.000 0.111
2477.000 0.104
2478.000 0.100
2479.000 0.103
2480.000 0.103
2481.000 0.101
2482.000 0.101
2483.000 0.105
2484.000 0.102
2485.000 0.102
2486.000 0.103
2487.000 0.102
2488.000 0.102
2489.000 0.101
2490.000 0.105
2491.000 0.101
2492.000 0.102
2493.000 0.102
2494.000 0.103
2495.000 0.101
2496.000 0.099
2497.000 0.104
2498.000 0.099
2499.000 0.098
2500.000 0.097
2501.000 0.100
2502.000 0.098
2503.000 0.096
2504.000 0.097
2505.000 0.099
2506.000 0.100
2507.000 0.095
2508.000 0.100
2509.000 0.102
2510.000 0.097
2511.000 0.095
2512.000 0.099
2513.000 0.093
2514.000 0.095
2515.000 0.099
2516.000 0.099
2517.000 0.095
2518.000 0.097
2519.000 0.095
2520.000 0.098
2521.000 0.099
2522.000 0.098
2523.000 0.098
2524.000 0.094
2525.000 0.095
2526.000 0.094
2527.000 0.097
2528.000 0.102
2529.000 0.094
2530.000 0.092
2531.000 0.096
2532.000 0.098
2533.000 0.095
2534.000 0.097
2535.000 0.096
2536.000 0.097
2537.000 0.096
2538.000 0.099
2539.000 0.100
2540.000 0.093
2541.000 0.095
2542.000 0.096
2543.000 0.096
2544.000 0.102
2545.000 0.096
2546.000 0.096
2547.000 0.100
2548.000 0.097
2549.000 0.096
2550.000 0.096
2551.000 0.096
2552.000 0.098
2553.000 0.095
2554.000 0.096
2555.000 0.097
2556.000 0.103
2557.000 0.100
2558.000 0.104
2559.000 0.097
2560.000 0.098
2561.000 0.094
2562.000 0.097
2563.000 0.095
2564.000 0.098
2565.000 0.105
2566.000 0.097
2567.000 0.094
2568.000 0.101
2569.000 0.099
2570.000 0.097
2571.000 0.100
2572.000 0.104
2573.000 0.103
2574.000 0.098
2575.000 0.105
2576.000 0.099
2577.000 0.096
2578.000 0.098
2579.000 0.101
2580.000 0.102
2581.000 0.097
2582.000 0.102
2583.000 0.104
2584.000 0.106
2585.000 0.100
2586.000 0.101
2587.000 0.104
2588.000 0.110
2589.000 0.104
2590.000 0.108
2591.000 0.103
2592.000 0.106
2593.000 0.110
2594.000 0.107
2595.000 0.107
2596.000 0.104
2597.000 0.095
2598.000 0.109
2599.000 0.101
2600.000 0.101
