1801.000 0.326
1802.000 0.311
1803.000 0.320
1804.000 0.321
1805.000 0.326
1806.000 0.337
1807.000 0.334
1808.000 0.328
1809.000 0.335
1810.000 0.329
1811.000 0.344
1812.000 0.344
1813.000 0.347
1814.000 0.346
1815.000 0.350
1816.000 0.347
1817.000 0.342
1818.000 0.344
1819.000 0.354
1820.000 0.347
1821.000 0.361
1822.000 0.352
1823.000 0.354
1824.000 0.352
1825.000 0.354
1826.000 0.361
1827.000 0.361
1828.000 0.361
1829.000 0.370
1830.000 0.384
1831.000 0.368
1832.000 0.375
1833.000 0.383
1834.000 0.368
1835.000 0.388
1836.000 0.372
1837.000 0.386
1838.000 0.386
1839.000 0.384
1840.000 0.381
1841.000 0.385
1842.000 0.382
1843.000 0.397
1844.000 0.386
1845.000 0.385
1846.000 0.395
1847.000 0.404
1848.000 0.399
1849.000 0.414
1850.000 0.396
1851.000 0.420
1852.000 0.386
1853.000 0.404
1854.000 0.419
1855.000 0.403
1856.000 0.402
1857.000 0.401
1858.000 0.396
1859.000 0.393
1860.000 0.412
1861.000 0.427
1862.000 0.420
1863.000 0.406
1864.000 0.414
1865.000 0.420
1866.000 0.427
1867.000 0.412
1868.000 0.409
1869.000 0.412
1870.000 0.422
1871.000 0.440
1872.000 0.439
1873.000 0.428
1874.000 0.438
1875.000 0.434
1876.000 0.443
1877.000 0.440
1878.000 0.420
1879.000 0.429
1880.000 0.444
1881.000 0.443
1882.000 0.424
1883.000 0.448
1884.000 0.430
1885.000 0.441
1886.000 0.440
1887.000 0.441
1888.000 0.430
1889.000 0.443
1890.000 0.448
1891.000 0.472
1892.000 0.445
1893.000 0.439
1894.000 0.433
1895.000 0.438
1896.000 0.469
1897.000 0.449
1898.000 0.433
1899.000 0.478
1900.000 0.442
1901.000 0.461
1902.000 0.450
1903.000 0.462
1904.000 0.482
1905.000 0.474
1906.000 0.456
1907.000 0.441
1908.000 0.449
1909.000 0.452
1910.000 0.471
1911.000 0.480
1912.000 0.450
1913.000 0.478
1914.000 0.448
1915.000 0.476
1916.000 0.452
1917.000 0.466
1918.000 0.420
1919.000 0.418
1920.000 0.514
1921.000 0.470
1922.000 0.485
1923.000 0.467
1924.000 0.470
1925.000 0.472
1926.000 0.492
1927.000 0.494
1928.000 0.464
1929.000 0.466
1930.000 0.483
1931.000 0.453
1932.000 0.513
1933.000 0.460
1934.000 0.482
1935.000 0.483
1936.000 0.469
1937.000 0.481
1938.000 0.482
1939.000 0.501
1940.000 0.487
1941.000 0.480
1942.000 0.470
1943.000 0.483
1944.000 0.471
1945.000 0.464
1946.000 0.489
1947.000 0.484
1948.000 0.492
1949.000 0.477
1950.000 0.502
1951.000 0.487
1952.000 0.466
1953.000 0.480
1954.000 0.474
1955.000 0.461
1956.000 0.465
1957.000 0.496
1958.000 0.513
1959.000 0.480
1960.000 0.492
1961.000 0.483
1962.000 0.493
1963.000 0.490
1964.000 0.524
1965.000 0.484
1966.000 0.495
1967.000 0.501
1968.000 0.493
1969.000 0.509
1970.000 0.505
1971.000 0.477
1972.000 0.503
1973.000 0.497
1974.000 0.506
1975.000 0.495
1976.000 0.494
1977.000 0.522
1978.000 0.493
1979.000 0.510
1980.000 0.519
1981.000 0.487
1982.000 0.502
1983.000 0.523
1984.000 0.510
1985.000 0.506
1986.000 0.529
1987.000 0.493
1988.000 0.498
1989.000 0.494
1990.000 0.534
1991.000 0.527
1992.000 0.502
1993.000 0.527
1994.000 0.501
1995.000 0.528
1996.000 0.523
1997.000 0.506
1998.000 0.518
1999.000 0.500
2000.000 0.539
2001.000 0.539
2002.000 0.512
2003.000 0.521
2004.000 0.525
2005.000 0.552
2006.000 0.537
2007.000 0.529
2008.000 0.544
2009.000 0.528
2010.000 0.545
2011.000 0.526
2012.000 0.528
2013.000 0.543
2014.000 0.551
2015.000 0.552
2016.000 0.528
2017.000 0.546
2018.000 0.545
2019.000 0.554
2020.000 0.543
2021.000 0.547
2022.000 0.544
2023.000 0.546
2024.000 0.560
2025.000 0.553
2026.000 0.568
2027.000 0.547
2028.000 0.565
2029.000 0.568
2030.000 0.559
2031.000 0.554
2032.000 0.541
2033.000 0.560
2034.000 0.568
2035.000 0.580
2036.000 0.590
2037.000 0.591
2038.000 0.563
2039.000 0.586
2040.000 0.575
2041.000 0.592
2042.000 0.584
2043.000 0.584
2044.000 0.587
2045.000 0.596
2046.000 0.602
2047.000 0.588
2048.000 0.598
2049.000 0.606
2050.000 0.602
2051.000 0.619
2052.000 0.610
2053.000 0.602
2054.000 0.606
2055.000 0.617
2056.000 0.613
2057.000 0.642
2058.000 0.637
2059.000 0.639
2060.000 0.626
2061.000 0.636
2062.000 0.637
2063.000 0.619
2064.000 0.640
2065.000 0.657
2066.000 0.658
2067.000 0.656
2068.000 0.650
2069.000 0.656
2070.000 0.673
2071.000 0.667
2072.000 0.737
2073.000 0.661
2074.000 0.695
2075.000 0.694
2076.000 0.694
2077.000 0.701
2078.000 0.698
2079.000 0.703
2080.000 0.697
2081.000 0.698
2082.000 0.725
2083.000 0.713
2084.000 0.738
2085.000 0.751
2086.000 0.724
2087.000 0.767
2088.000 0.769
2089.000 0.762
2090.000 0.766
2091.000 0.774
2092.000 0.777
2093.000 0.800
2094.000 0.800
2095.000 0.797
2096.000 0.809
2097.000 0.821
2098.000 0.823
2099.000 0.821
2100.000 0.838
2101.000 0.852
2102.000 0.871
2103.000 0.862
2104.000 0.875
2105.000 0.888
2106.000 0.891
2107.000 0.886
2108.000 0.881
2109.000 0.921
2110.000 1.235
2111.000 1.499
2112.000 0.980
2113.000 1.034
2114.000 0.960
2115.000 1.018
2116.000 1.029
2117.000 1.052
2118.000 1.056
2119.000 1.059
2120.000 1.095
2121.000 1.078
2122.000 1.109
2123.000 1.150
2124.000 1.157
2125.000 1.189
2126.000 1.180
2127.000 1.216
2128.000 1.233
2129.000 1.286
2130.000 1.255
2131.000 1.315
2132.000 1.350
2133.000 1.400
2134.000 1.438
2135.000 1.468
2136.000 1.509
2137.000 1.530
2138.000 1.571
2139.000 1.544
2140.000 1.695
2141.000 1.677
2142.000 1.736
2143.000 1.759
2144.000 2.095
2145.000 1.903
2146.000 2.090
2147.000 2.073
2148.000 2.198
2149.000 2.301
2150.000 2.382
2151.000 2.493
2152.000 2.666
2153.000 2.786
2154.000 2.919
2155.000 3.069
2156.000 3.214
2157.000 3.524
2158.000 3.758
2159.000 4.025
2160.000 4.154
2161.000 4.441
2162.000 4.745
2163.000 5.085
2164.000 5.526
2165.000 5.449
2166.000 6.001
2167.000 6.222
2168.000 6.208
2169.000 6.159
2170.000 6.033
2171.000 5.385
2172.000 5.119
2173.000 4.695
2174.000 4.263
2175.000 3.890
2176.000 3.445
2177.000 3.151
2178.000 2.996
2179.000 2.763
2180.000 2.642
2181.000 2.354
2182.000 2.159
2183.000 2.040
2184.000 1.960
2185.000 1.842
2186.000 1.742
2187.000 1.650
2188.000 1.547
2189.000 1.493
2190.000 1.410
2191.000 1.331
2192.000 1.270
2193.000 1.177
2194.000 1.140
2195.000 1.109
2196.000 1.051
2197.000 1.022
2198.000 0.977
2199.000 0.919
2200.000 0.886
2201.000 0.833
2202.000 0.822
2203.000 0.795
2204.000 0.818
2205.000 0.652
2206.000 0.686
2207.000 0.622
2208.000 0.659
2209.000 0.632
2210.000 0.762
2211.000 0.544
2212.000 0.540
2213.000 0.510
2214.000 0.494
2215.000 0.478
2216.000 0.460
2217.000 0.455
2218.000 0.963
2219.000 0.774
2220.000 0.383
2221.000 0.393
2222.000 0.396
2223.000 0.356
2224.000 0.319
2225.000 0.301
2226.000 0.289
2227.000 0.272
2228.000 0.266
2229.000 0.208
2230.000 0.331
2231.000 0.225
2232.000 0.188
2233.000 0.200
2234.000 0.181
2235.000 0.157
2236.000 0.154
2237.000 0.147
2238.000 0.111
2239.000 0.105
2240.000 0.099
2241.000 0.079
2242.000 0.067
2243.000 0.065
2244.000 0.056
2245.000 0.060
2246.000 0.065
2247.000 0.084
2248.000 0.084
2249.000 0.163
2250.000 0.163
2251.000 0.137
2252.000 0.169
2253.000 0.198
2254.000 0.202
2255.000 0.247
2256.000 0.271
2257.000 0.274
2258.000 0.329
2259.000 0.337
2260.000 0.393
2261.000 0.410
2262.000 0.499
2263.000 0.516
2264.000 0.576
2265.000 0.706
2266.000 0.749
2267.000 0.822
2268.000 0.874
2269.000 1.013
2270.000 1.122
2271.000 1.258
2272.000 1.403
2273.000 1.584
2274.000 1.788
2275.000 2.006
2276.000 2.234
2277.000 2.445
2278.000 2.538
2279.000 2.647
2280.000 2.556
2281.000 2.482
2282.000 2.303
2283.000 2.089
2284.000 1.851
2285.000 1.715
2286.000 1.547
2287.000 1.472
2288.000 1.312
2289.000 1.236
2290.000 1.174
2291.000 1.070
2292.000 1.010
2293.000 0.975
2294.000 0.929
2295.000 0.880
2296.000 0.841
2297.000 0.809
2298.000 0.776
2299.000 0.742
2300.000 0.718
2301.000 0.708
2302.000 0.677
2303.000 0.650
2304.000 0.629
2305.000 0.604
2306.000 0.589
2307.000 0.578
2308.000 0.562
2309.000 0.549
2310.000 0.533
2311.000 0.526
2312.000 0.517
2313.000 0.487
2314.000 0.491
2315.000 0.472
2316.000 0.472
2317.000 0.450
2318.000 0.449
2319.000 0.434
2320.000 0.439
2321.000 0.420
2322.000 0.416
2323.000 0.410
2324.000 0.409
2325.000 0.387
2326.000 0.390
2327.000 0.372
2328.000 0.383
2329.000 0.372
2330.000 0.362
2331.000 0.351
2332.000 0.350
2333.000 0.341
2334.000 0.340
2335.000 0.351
2336.000 0.332
2337.000 0.324
2338.000 0.316
2339.000 0.319
2340.000 0.308
2341.000 0.310
2342.000 0.308
2343.000 0.299
2344.000 0.298
2345.000 0.297
2346.000 0.284
2347.000 0.285
2348.000 0.277
2349.000 0.276
2350.000 0.270
2351.000 0.270
2352.000 0.273
2353.000 0.254
2354.000 0.261
2355.000 0.256
2356.000 0.255
2357.000 0.248
2358.000 0.248
2359.000 0.249
2360.000 0.250
2361.000 0.239
2362.000 0.237
2363.000 0.236
2364.000 0.232
2365.000 0.234
2366.000 0.229
2367.000 0.222
2368.000 0.231
2369.000 0.219
2370.000 0.224
2371.000 0.212
2372.000 0.214
2373.000 0.215
2374.000 0.211
2375.000 0.203
2376.000 0.204
2377.000 0.204
2378.000 0.198
2379.000 0.201
2380.000 0.196
2381.000 0.199
2382.000 0.197
2383.000 0.194
2384.000 0.188
2385.000 0.191
2386.000 0.196
2387.000 0.184
2388.000 0.185
2389.000 0.191
2390.000 0.178
2391.000 0.177
2392.000 0.185
2393.000 0.182
2394.000 0.176
2395.000 0.171
2396.000 0.169
2397.000 0.175
2398.000 0.170
2399.000 0.170
2400.000 0.174
2401.000 0.170
2402.000 0.169
2403.000 0.172
2404.000 0.169
2405.000 0.162
2406.000 0.161
2407.000 0.160
2408.000 0.167
2409.000 0.164
2410.000 0.156
2411.000 0.152
2412.000 0.153
2413.000 0.151
2414.000 0.166
2415.000 0.165
2416.000 0.153
2417.000 0.149
2418.000 0.146
2419.000 0.153
2420.000 0.151
2421.000 0.154
2422.000 0.155
2423.000 0.144
2424.000 0.140
2425.000 0.141
2426.000 0.143
2427.000 0.136
2428.000 0.142
2429.000 0.134
2430.000 0.142
2431.000 0.140
2432.000 0.134
2433.000 0.135
2434.000 0.132
2435.000 0.137
2436.000 0.134
2437.000 0.133
2438.000 0.138
2439.000 0.130
2440.000 0.132
2441.000 0.135
2442.000 0.127
2443.000 0.132
2444.000 0.135
2445.000 0.127
2446.000 0.124
2447.000 0.128
2448.000 0.127
2449.000 0.126
2450.000 0.125
2451.000 0.127
2452.000 0.121
2453.000 0.121
2454.000 0.125
2455.000 0.124
2456.000 0.125
2457.000 0.125
2458.000 0.124
2459.000 0.116
2460.000 0.119
2461.000 0.121
2462.000 0.119
2463.000 0.124
2464.000 0.125
2465.000 0.118
2466.000 0.119
2467.000 0.118
2468.000 0.117
2469.000 0.116
2470.000 0.119
2471.000 0.119
2472.000 0.119
2473.000 0.114
2474.000 0.117
2475.000 0.115
2476.000 0.143
2477.000 0.113
2478.000 0.117
2479.000 0.114
2480.000 0.111
2481.000 0.115
2482.000 0.109
2483.000 0.108
2484.000 0.102
2485.000 0.110
2486.000 0.114
2487.000 0.109
2488.000 0.107
2489.000 0.111
2490.000 0.111
2491.000 0.114
2492.000 0.108
2493.000 0.108
2494.000 0.109
2495.000 0.113
2496.000 0.107
2497.000 0.107
2498.000 0.113
2499.000 0.105
2500.000 0.106
2501.000 0.105
2502.000 0.108
2503.000 0.109
2504.000 0.106
2505.000 0.112
2506.000 0.110
2507.000 0.107
2508.000 0.106
2509.000 0.108
2510.000 0.107
2511.000 0.108
2512.000 0.108
2513.000 0.111
2514.000 0.105
2515.000 0.105
2516.000 0.110
2517.000 0.102
2518.000 0.102
2519.000 0.107
2520.000 0.103
2521.000 0.106
2522.000 0.107
2523.000 0.106
2524.000 0.105
2525.000 0.102
2526.000 0.101
2527.000 0.100
2528.000 0.102
2529.000 0.109
2530.000 0.103
2531.000 0.105
2532.000 0.104
2533.000 0.107
2534.000 0.103
2535.000 0.108
2536.000 0.108
2537.000 0.111
2538.000 0.106
2539.000 0.108
2540.000 0.107
2541.000 0.105
2542.000 0.108
2543.000 0.113
2544.000 0.105
2545.000 0.105
2546.000 0.109
2547.000 0.105
2548.000 0.106
2549.000 0.104
2550.000 0.109
2551.000 0.106
2552.000 0.106
2553.000 0.106
2554.000 0.110
2555.000 0.109
2556.000 0.110
2557.000 0.109
2558.000 0.106
2559.000 0.107
2560.000 0.106
2561.000 0.106
2562.000 0.108
2563.000 0.109
2564.000 0.110
2565.000 0.108
2566.000 0.110
2567.000 0.108
2568.000 0.108
2569.000 0.111
2570.000 0.114
2571.000 0.106
2572.000 0.108
2573.000 0.110
2574.000 0.115
2575.000 0.106
2576.000 0.106
2577.000 0.106
2578.000 0.113
2579.000 0.111
2580.000 0.106
2581.000 0.111
2582.000 0.114
2583.000 0.112
2584.000 0.111
2585.000 0.116
2586.000 0.112
2587.000 0.114
2588.000 0.116
2589.000 0.117
2590.000 0.108
2591.000 0.109
2592.000 0.111
2593.000 0.110
2594.000 0.118
2595.000 0.114
2596.000 0.113
2597.000 0.110
2598.000 0.119
2599.000 0.115
2600.000 0.117
