1801.000 0.323
1802.000 0.342
1803.000 0.328
1804.000 0.332
1805.000 0.337
1806.000 0.332
1807.000 0.334
1808.000 0.331
1809.000 0.339
1810.000 0.350
1811.000 0.343
1812.000 0.351
1813.000 0.344
1814.000 0.352
1815.000 0.359
1816.000 0.355
1817.000 0.366
1818.000 0.355
1819.000 0.369
1820.000 0.361
1821.000 0.372
1822.000 0.371
1823.000 0.370
1824.000 0.366
1825.000 0.369
1826.000 0.367
1827.000 0.372
1828.000 0.377
1829.000 0.368
1830.000 0.378
1831.000 0.381
1832.000 0.381
1833.000 0.389
1834.000 0.380
1835.000 0.392
1836.000 0.393
1837.000 0.397
1838.000 0.395
1839.000 0.391
1840.000 0.399
1841.000 0.396
1842.000 0.400
1843.000 0.399
1844.000 0.399
1845.000 0.423
1846.000 0.394
1847.000 0.416
1848.000 0.414
1849.000 0.410
1850.000 0.415
1851.000 0.420
1852.000 0.408
1853.000 0.416
1854.000 0.418
1855.000 0.416
1856.000 0.418
1857.000 0.418
1858.000 0.427
1859.000 0.422
1860.000 0.421
1861.000 0.427
1862.000 0.423
1863.000 0.422
1864.000 0.422
1865.000 0.436
1866.000 0.437
1867.000 0.424
1868.000 0.441
1869.000 0.432
1870.000 0.430
1871.000 0.434
1872.000 0.444
1873.000 0.446
1874.000 0.442
1875.000 0.446
1876.000 0.446
1877.000 0.437
1878.000 0.450
1879.000 0.437
1880.000 0.456
1881.000 0.443
1882.000 0.446
1883.000 0.451
1884.000 0.454
1885.000 0.459
1886.000 0.458
1887.000 0.461
1888.000 0.459
1889.000 0.471
1890.000 0.458
1891.000 0.469
1892.000 0.470
1893.000 0.471
1894.000 0.457
1895.000 0.435
1896.000 0.472
1897.000 0.443
1898.000 0.484
1899.000 0.468
1900.000 0.479
1901.000 0.458
1902.000 0.457
1903.000 0.461
1904.000 0.482
1905.000 0.483
1906.000 0.467
1907.000 0.489
1908.000 0.467
1909.000 0.495
1910.000 0.466
1911.000 0.462
1912.000 0.482
1913.000 0.466
1914.000 0.461
1915.000 0.445
1916.000 0.466
1917.000 0.488
1918.000 0.470
1919.000 0.449
1920.000 0.491
1921.000 0.491
1922.000 0.490
1923.000 0.470
1924.000 0.468
1925.000 0.475
1926.000 0.492
1927.000 0.498
1928.000 0.468
1929.000 0.482
1930.000 0.480
1931.000 0.488
1932.000 0.477
1933.000 0.506
1934.000 0.496
1935.000 0.466
1936.000 0.519
1937.000 0.477
1938.000 0.476
1939.000 0.499
1940.000 0.511
1941.000 0.513
1942.000 0.484
1943.000 0.478
1944.000 0.509
1945.000 0.482
1946.000 0.501
1947.000 0.482
1948.000 0.495
1949.000 0.501
1950.000 0.481
1951.000 0.497
1952.000 0.499
1953.000 0.520
1954.000 0.514
1955.000 0.522
1956.000 0.524
1957.000 0.477
1958.000 0.483
1959.000 0.490
1960.000 0.504
1961.000 0.481
1962.000 0.527
1963.000 0.506
1964.000 0.502
1965.000 0.496
1966.000 0.507
1967.000 0.502
1968.000 0.513
1969.000 0.523
1970.000 0.509
1971.000 0.508
1972.000 0.511
1973.000 0.499
1974.000 0.512
1975.000 0.519
1976.000 0.522
1977.000 0.526
1978.000 0.534
1979.000 0.521
1980.000 0.551
1981.000 0.512
1982.000 0.487
1983.000 0.521
1984.000 0.517
1985.000 0.529
1986.000 0.543
1987.000 0.519
1988.000 0.521
1989.000 0.526
1990.000 0.529
1991.000 0.514
1992.000 0.526
1993.000 0.524
1994.000 0.513
1995.000 0.538
1996.000 0.537
1997.000 0.516
1998.000 0.545
1999.000 0.547
2000.000 0.546
2001.000 0.547
2002.000 0.533
2003.000 0.535
2004.000 0.532
2005.000 0.556
2006.000 0.593
2007.000 0.537
2008.000 0.833
2009.000 0.650
2010.000 0.606
2011.000 0.515
2012.000 0.609
2013.000 0.566
2014.000 0.547
2015.000 0.559
2016.000 0.607
2017.000 0.586
2018.000 0.562
2019.000 0.577
2020.000 0.560
2021.000 0.584
2022.000 0.538
2023.000 0.561
2024.000 0.574
2025.000 0.585
2026.000 0.527
2027.000 0.584
2028.000 0.562
2029.000 0.595
2030.000 0.597
2031.000 0.547
2032.000 0.566
2033.000 0.584
2034.000 0.593
2035.000 0.586
2036.000 0.588
2037.000 0.574
2038.000 0.597
2039.000 0.598
2040.000 0.595
2041.000 0.589
2042.000 0.594
2043.000 0.609
2044.000 0.596
2045.000 0.624
2046.000 0.608
2047.000 0.607
2048.000 0.618
2049.000 0.621
2050.000 0.598
2051.000 0.619
2052.000 0.604
2053.000 0.622
2054.000 0.646
2055.000 0.651
2056.000 0.620
2057.000 0.640
2058.000 0.651
2059.000 0.645
2060.000 0.643
2061.000 0.661
2062.000 0.653
2063.000 0.656
2064.000 0.652
2065.000 0.660
2066.000 0.668
2067.000 0.667
2068.000 0.665
2069.000 0.694
2070.000 0.681
2071.000 0.708
2072.000 0.778
2073.000 0.672
2074.000 0.658
2075.000 0.680
2076.000 0.675
2077.000 0.737
2078.000 0.787
2079.000 0.681
2080.000 0.784
2081.000 0.732
2082.000 0.867
2083.000 0.738
2084.000 0.747
2085.000 0.722
2086.000 0.765
2087.000 0.770
2088.000 0.789
2089.000 0.798
2090.000 0.796
2091.000 0.787
2092.000 0.803
2093.000 0.815
2094.000 0.809
2095.000 0.830
2096.000 0.830
2097.000 0.827
2098.000 0.842
2099.000 0.842
2100.000 0.853
2101.000 0.877
2102.000 0.876
2103.000 0.903
2104.000 0.909
2105.000 0.900
2106.000 0.910
2107.000 0.931
2108.000 0.933
2109.000 0.982
2110.000 0.945
2111.000 0.963
2112.000 0.980
2113.000 0.993
2114.000 1.038
2115.000 0.986
2116.000 1.050
2117.000 1.065
2118.000 1.097
2119.000 1.109
2120.000 1.113
2121.000 1.135
2122.000 1.159
2123.000 1.150
2124.000 1.078
2125.000 1.333
2126.000 1.241
2127.000 1.275
2128.000 1.290
2129.000 1.310
2130.000 1.333
2131.000 1.388
2132.000 1.396
2133.000 1.420
2134.000 1.461
2135.000 1.482
2136.000 1.537
2137.000 1.566
2138.000 1.603
2139.000 1.653
2140.000 1.726
2141.000 1.757
2142.000 1.812
2143.000 1.873
2144.000 1.939
2145.000 2.009
2146.000 2.044
2147.000 2.109
2148.000 2.228
2149.000 2.309
2150.000 2.425
2151.000 2.466
2152.000 2.688
2153.000 2.822
2154.000 2.963
2155.000 3.160
2156.000 3.224
2157.000 3.476
2158.000 3.701
2159.000 3.935
2160.000 4.215
2161.000 4.530
2162.000 4.862
2163.000 5.233
2164.000 5.564
2165.000 5.849
2166.000 6.103
2167.000 6.235
2168.000 6.271
2169.000 6.170
2170.000 5.933
2171.000 5.578
2172.000 5.124
2173.000 4.654
2174.000 4.232
2175.000 3.864
2176.000 3.508
2177.000 3.205
2178.000 3.077
2179.000 2.823
2180.000 2.501
2181.000 2.338
2182.000 2.270
2183.000 2.115
2184.000 1.961
2185.000 1.846
2186.000 1.741
2187.000 1.644
2188.000 1.626
2189.000 1.447
2190.000 1.373
2191.000 1.336
2192.000 1.280
2193.000 1.192
2194.000 1.136
2195.000 1.091
2196.000 1.043
2197.000 0.992
2198.000 0.952
2199.000 0.922
2200.000 0.846
2201.000 0.817
2202.000 0.796
2203.000 0.732
2204.000 0.720
2205.000 0.701
2206.000 0.681
2207.000 0.666
2208.000 0.627
2209.000 0.607
2210.000 0.577
2211.000 0.552
2212.000 0.526
2213.000 0.517
2214.000 0.477
2215.000 0.459
2216.000 0.425
2217.000 0.420
2218.000 0.387
2219.000 0.382
2220.000 0.360
2221.000 0.357
2222.000 0.338
2223.000 0.303
2224.000 0.427
2225.000 0.379
2226.000 0.229
2227.000 0.289
2228.000 0.237
2229.000 0.222
2230.000 0.208
2231.000 0.190
2232.000 0.168
2233.000 0.149
2234.000 0.145
2235.000 0.118
2236.000 0.114
2237.000 0.104
2238.000 0.088
2239.000 0.074
2240.000 0.069
2241.000 0.060
2242.000 0.069
2243.000 0.065
2244.000 0.080
2245.000 0.092
2246.000 0.100
2247.000 0.122
2248.000 0.153
2249.000 0.160
2250.000 0.179
2251.000 0.190
2252.000 0.229
2253.000 0.242
2254.000 0.275
2255.000 0.300
2256.000 0.335
2257.000 0.361
2258.000 0.401
2259.000 0.448
2260.000 0.496
2261.000 0.532
2262.000 0.592
2263.000 0.637
2264.000 0.684
2265.000 0.752
2266.000 0.877
2267.000 0.917
2268.000 1.018
2269.000 1.137
2270.000 1.268
2271.000 1.422
2272.000 1.602
2273.000 1.821
2274.000 2.055
2275.000 2.305
2276.000 2.542
2277.000 2.668
2278.000 2.877
2279.000 2.993
2280.000 2.977
2281.000 2.846
2282.000 2.615
2283.000 2.354
2284.000 2.113
2285.000 1.918
2286.000 1.735
2287.000 1.586
2288.000 1.460
2289.000 1.411
2290.000 1.310
2291.000 1.224
2292.000 1.162
2293.000 1.099
2294.000 1.040
2295.000 0.982
2296.000 0.937
2297.000 0.897
2298.000 0.872
2299.000 0.827
2300.000 0.801
2301.000 0.775
2302.000 0.734
2303.000 0.719
2304.000 0.705
2305.000 0.680
2306.000 0.655
2307.000 0.638
2308.000 0.615
2309.000 0.603
2310.000 0.586
2311.000 0.578
2312.000 0.553
2313.000 0.554
2314.000 0.536
2315.000 0.520
2316.000 0.514
2317.000 0.497
2318.000 0.498
2319.000 0.482
2320.000 0.465
2321.000 0.454
2322.000 0.448
2323.000 0.443
2324.000 0.432
2325.000 0.430
2326.000 0.420
2327.000 0.412
2328.000 0.401
2329.000 0.404
2330.000 0.391
2331.000 0.383
2332.000 0.373
2333.000 0.379
2334.000 0.376
2335.000 0.369
2336.000 0.352
2337.000 0.355
2338.000 0.350
2339.000 0.346
2340.000 0.338
2341.000 0.335
2342.000 0.330
2343.000 0.331
2344.000 0.321
2345.000 0.316
2346.000 0.310
2347.000 0.307
2348.000 0.305
2349.000 0.297
2350.000 0.293
2351.000 0.296
2352.000 0.283
2353.000 0.282
2354.000 0.284
2355.000 0.279
2356.000 0.275
2357.000 0.272
2358.000 0.270
2359.000 0.268
2360.000 0.265
2361.000 0.263
2362.000 0.267
2363.000 0.258
2364.000 0.248
2365.000 0.250
2366.000 0.244
2367.000 0.251
2368.000 0.238
2369.000 0.232
2370.000 0.241
2371.000 0.241
2372.000 0.233
2373.000 0.238
2374.000 0.219
2375.000 0.225
2376.000 0.232
2377.000 0.222
2378.000 0.221
2379.000 0.212
2380.000 0.216
2381.000 0.216
2382.000 0.212
2383.000 0.212
2384.000 0.210
2385.000 0.199
2386.000 0.213
2387.000 0.201
2388.000 0.207
2389.000 0.199
2390.000 0.200
2391.000 0.196
2392.000 0.195
2393.000 0.191
2394.000 0.193
2395.000 0.187
2396.000 0.189
2397.000 0.191
2398.000 0.186
2399.000 0.189
2400.000 0.186
2401.000 0.181
2402.000 0.178
2403.000 0.178
2404.000 0.172
2405.000 0.179
2406.000 0.177
2407.000 0.164
2408.000 0.167
2409.000 0.171
2410.000 0.173
2411.000 0.171
2412.000 0.167
2413.000 0.161
2414.000 0.179
2415.000 0.161
2416.000 0.164
2417.000 0.157
2418.000 0.158
2419.000 0.165
2420.000 0.154
2421.000 0.157
2422.000 0.151
2423.000 0.156
2424.000 0.154
2425.000 0.156
2426.000 0.150
2427.000 0.155
2428.000 0.152
2429.000 0.150
2430.000 0.150
2431.000 0.145
2432.000 0.145
2433.000 0.145
2434.000 0.141
2435.000 0.143
2436.000 0.146
2437.000 0.142
2438.000 0.147
2439.000 0.139
2440.000 0.147
2441.000 0.140
2442.000 0.140
2443.000 0.141
2444.000 0.137
2445.000 0.138
2446.000 0.142
2447.000 0.139
2448.000 0.140
2449.000 0.136
2450.000 0.136
2451.000 0.134
2452.000 0.132
2453.000 0.131
2454.000 0.137
2455.000 0.131
2456.000 0.132
2457.000 0.132
2458.000 0.129
2459.000 0.126
2460.000 0.133
2461.000 0.128
2462.000 0.134
2463.000 0.125
2464.000 0.126
2465.000 0.128
2466.000 0.129
2467.000 0.126
2468.000 0.128
2469.000 0.128
2470.000 0.133
2471.000 0.119
2472.000 0.125
2473.000 0.125
2474.000 0.119
2475.000 0.123
2476.000 0.128
2477.000 0.123
2478.000 0.121
2479.000 0.123
2480.000 0.119
2481.000 0.116
2482.000 0.113
2483.000 0.124
2484.000 0.124
2485.000 0.125
2486.000 0.122
2487.000 0.124
2488.000 0.118
2489.000 0.120
2490.000 0.117
2491.000 0.121
2492.000 0.118
2493.000 0.125
2494.000 0.119
2495.000 0.112
2496.000 0.119
2497.000 0.113
2498.000 0.115
2499.000 0.118
2500.000 0.115
2501.000 0.116
2502.000 0.115
2503.000 0.121
2504.000 0.112
2505.000 0.120
2506.000 0.116
2507.000 0.115
2508.000 0.112
2509.000 0.114
2510.000 0.112
2511.000 0.118
2512.000 0.118
2513.000 0.117
2514.000 0.117
2515.000 0.117
2516.000 0.110
2517.000 0.114
2518.000 0.114
2519.000 0.117
2520.000 0.112
2521.000 0.114
2522.000 0.115
2523.000 0.117
2524.000 0.111
2525.000 0.114
2526.000 0.114
2527.000 0.113
2528.000 0.112
2529.000 0.117
2530.000 0.112
2531.000 0.112
2532.000 0.111
2533.000 0.109
2534.000 0.112
2535.000 0.117
2536.000 0.114
2537.000 0.114
2538.000 0.117
2539.000 0.112
2540.000 0.122
2541.000 0.114
2542.000 0.120
2543.000 0.114
2544.000 0.110
2545.000 0.115
2546.000 0.109
2547.000 0.113
2548.000 0.114
2549.000 0.111
2550.000 0.119
2551.000 0.115
2552.000 0.115
2553.000 0.111
2554.000 0.116
2555.000 0.116
2556.000 0.115
2557.000 0.117
2558.000 0.120
2559.000 0.115
2560.000 0.115
2561.000 0.114
2562.000 0.119
2563.000 0.119
2564.000 0.119
2565.000 0.118
2566.000 0.117
2567.000 0.119
2568.000 0.116
2569.000 0.114
2570.000 0.122
2571.000 0.117
2572.000 0.117
2573.000 0.118
2574.000 0.119
2575.000 0.118
2576.000 0.115
2577.000 0.123
2578.000 0.119
2579.000 0.123
2580.000 0.119
2581.000 0.123
2582.000 0.123
2583.000 0.118
2584.000 0.118
2585.000 0.122
2586.000 0.119
2587.000 0.118
2588.000 0.129
2589.000 0.120
2590.000 0.122
2591.000 0.124
2592.000 0.127
2593.000 0.121
2594.000 0.123
2595.000 0.134
2596.000 0.135
2597.000 0.120
2598.000 0.123
2599.000 0.128
2600.000 0.124
