1801.000 0.245
1802.000 0.358
1803.000 0.349
1804.000 0.353
1805.000 0.353
1806.000 0.360
1807.000 0.350
1808.000 0.360
1809.000 0.366
1810.000 0.369
1811.000 0.366
1812.000 0.375
1813.000 0.375
1814.000 0.369
1815.000 0.368
1816.000 0.376
1817.000 0.377
1818.000 0.381
1819.000 0.372
1820.000 0.382
1821.000 0.382
1822.000 0.387
1823.000 0.382
1824.000 0.386
1825.000 0.390
1826.000 0.385
1827.000 0.390
1828.000 0.391
1829.000 0.396
1830.000 0.402
1831.000 0.406
1832.000 0.409
1833.000 0.410
1834.000 0.419
1835.000 0.406
1836.000 0.418
1837.000 0.412
1838.000 0.423
1839.000 0.416
1840.000 0.412
1841.000 0.420
1842.000 0.421
1843.000 0.433
1844.000 0.429
1845.000 0.444
1846.000 0.424
1847.000 0.415
1848.000 0.438
1849.000 0.426
1850.000 0.429
1851.000 0.416
1852.000 0.472
1853.000 0.425
1854.000 0.455
1855.000 0.440
1856.000 0.436
1857.000 0.459
1858.000 0.456
1859.000 0.442
1860.000 0.452
1861.000 0.454
1862.000 0.440
1863.000 0.442
1864.000 0.445
1865.000 0.464
1866.000 0.453
1867.000 0.475
1868.000 0.453
1869.000 0.467
1870.000 0.456
1871.000 0.447
1872.000 0.460
1873.000 0.472
1874.000 0.456
1875.000 0.472
1876.000 0.469
1877.000 0.466
1878.000 0.464
1879.000 0.473
1880.000 0.481
1881.000 0.461
1882.000 0.473
1883.000 0.466
1884.000 0.490
1885.000 0.461
1886.000 0.491
1887.000 0.480
1888.000 0.476
1889.000 0.473
1890.000 0.490
1891.000 0.483
1892.000 0.481
1893.000 0.483
1894.000 0.490
1895.000 0.472
1896.000 0.508
1897.000 0.487
1898.000 0.501
1899.000 0.493
1900.000 0.481
1901.000 0.512
1902.000 0.504
1903.000 0.487
1904.000 0.481
1905.000 0.509
1906.000 0.499
1907.000 0.513
1908.000 0.525
1909.000 0.521
1910.000 0.514
1911.000 0.491
1912.000 0.505
1913.000 0.514
1914.000 0.512
1915.000 0.508
1916.000 0.499
1917.000 0.526
1918.000 0.488
1919.000 0.503
1920.000 0.501
1921.000 0.515
1922.000 0.494
1923.000 0.526
1924.000 0.533
1925.000 0.516
1926.000 0.509
1927.000 0.481
1928.000 0.508
1929.000 0.533
1930.000 0.502
1931.000 0.539
1932.000 0.497
1933.000 0.543
1934.000 0.514
1935.000 0.533
1936.000 0.525
1937.000 0.511
1938.000 0.506
1939.000 0.501
1940.000 0.490
1941.000 0.523
1942.000 0.521
1943.000 0.533
1944.000 0.552
1945.000 0.508
1946.000 0.541
1947.000 0.535
1948.000 0.534
1949.000 0.523
1950.000 0.555
1951.000 0.524
1952.000 0.487
1953.000 0.519
1954.000 0.515
1955.000 0.542
1956.000 0.540
1957.000 0.510
1958.000 0.512
1959.000 0.557
1960.000 0.534
1961.000 0.520
1962.000 0.559
1963.000 0.537
1964.000 0.538
1965.000 0.553
1966.000 0.545
1967.000 0.528
1968.000 0.549
1969.000 0.565
1970.000 0.560
1971.000 0.538
1972.000 0.533
1973.000 0.540
1974.000 0.535
1975.000 0.540
1976.000 0.576
1977.000 0.565
1978.000 0.547
1979.000 0.540
1980.000 0.526
1981.000 0.549
1982.000 0.535
1983.000 0.566
1984.000 0.551
1985.000 0.529
1986.000 0.533
1987.000 0.541
1988.000 0.529
1989.000 0.538
1990.000 0.554
1991.000 0.550
1992.000 0.550
1993.000 0.536
1994.000 0.561
1995.000 0.556
1996.000 0.575
1997.000 0.558
1998.000 0.556
1999.000 0.589
2000.000 0.559
2001.000 0.550
2002.000 0.566
2003.000 0.577
2004.000 0.584
2005.000 0.558
2006.000 0.591
2007.000 0.565
2008.000 0.577
2009.000 0.583
2010.000 0.548
2011.000 0.591
2012.000 0.575
2013.000 0.584
2014.000 0.574
2015.000 0.577
2016.000 0.598
2017.000 0.595
2018.000 0.586
2019.000 0.594
2020.000 0.605
2021.000 0.614
2022.000 0.597
2023.000 0.600
2024.000 0.598
2025.000 0.589
2026.000 0.582
2027.000 0.600
2028.000 0.605
2029.000 0.601
2030.000 0.605
2031.000 0.605
2032.000 0.594
2033.000 0.610
2034.000 0.624
2035.000 0.624
2036.000 0.624
2037.000 0.633
2038.000 0.624
2039.000 0.629
2040.000 0.621
2041.000 0.629
2042.000 0.626
2043.000 0.636
2044.000 0.647
2045.000 0.633
2046.000 0.637
2047.000 0.649
2048.000 0.643
2049.000 0.637
2050.000 0.646
2051.000 0.651
2052.000 0.658
2053.000 0.664
2054.000 0.656
2055.000 0.671
2056.000 0.675
2057.000 0.674
2058.000 0.668
2059.000 0.683
2060.000 0.680
2061.000 0.692
2062.000 0.670
2063.000 0.689
2064.000 0.693
2065.000 0.695
2066.000 0.704
2067.000 0.707
2068.000 0.722
2069.000 0.717
2070.000 0.724
2071.000 0.722
2072.000 0.722
2073.000 0.721
2074.000 0.747
2075.000 0.748
2076.000 0.731
2077.000 0.752
2078.000 0.750
2079.000 0.755
2080.000 0.768
2081.000 0.763
2082.000 0.774
2083.000 0.777
2084.000 0.782
2085.000 0.782
2086.000 0.804
2087.000 0.805
2088.000 0.804
2089.000 0.813
2090.000 0.832
2091.000 0.820
2092.000 0.841
2093.000 0.846
2094.000 0.844
2095.000 0.857
2096.000 0.868
2097.000 0.866
2098.000 0.868
2099.000 0.889
2100.000 0.890
2101.000 0.899
2102.000 0.913
2103.000 0.919
2104.000 0.946
2105.000 0.947
2106.000 0.952
2107.000 0.960
2108.000 0.988
2109.000 0.990
2110.000 1.003
2111.000 1.017
2112.000 1.029
2113.000 1.028
2114.000 1.047
2115.000 1.079
2116.000 1.074
2117.000 1.100
2118.000 1.100
2119.000 1.124
2120.000 1.164
2121.000 1.158
2122.000 1.179
2123.000 1.189
2124.000 1.201
2125.000 1.231
2126.000 1.264
2127.000 1.291
2128.000 1.299
2129.000 1.342
2130.000 1.389
2131.000 1.424
2132.000 1.421
2133.000 1.460
2134.000 1.469
2135.000 1.502
2136.000 1.508
2137.000 1.565
2138.000 1.615
2139.000 1.681
2140.000 1.730
2141.000 1.783
2142.000 1.830
2143.000 1.907
2144.000 1.933
2145.000 2.050
2146.000 2.115
2147.000 2.180
2148.000 2.243
2149.000 2.392
2150.000 2.478
2151.000 2.601
2152.000 2.702
2153.000 2.837
2154.000 2.896
2155.000 2.995
2156.000 3.321
2157.000 3.467
2158.000 3.733
2159.000 3.999
2160.000 4.237
2161.000 4.530
2162.000 4.872
2163.000 5.201
2164.000 5.552
2165.000 5.812
2166.000 5.949
2167.000 6.136
2168.000 6.188
2169.000 6.094
2170.000 5.842
2171.000 5.454
2172.000 5.061
2173.000 4.601
2174.000 4.159
2175.000 3.825
2176.000 3.450
2177.000 3.121
2178.000 2.958
2179.000 2.625
2180.000 2.534
2181.000 2.354
2182.000 2.169
2183.000 2.012
2184.000 1.874
2185.000 1.755
2186.000 1.647
2187.000 1.553
2188.000 1.474
2189.000 1.353
2190.000 1.323
2191.000 1.385
2192.000 1.165
2193.000 1.120
2194.000 1.052
2195.000 1.006
2196.000 0.949
2197.000 0.851
2198.000 0.855
2199.000 0.816
2200.000 0.767
2201.000 0.744
2202.000 0.706
2203.000 0.678
2204.000 0.658
2205.000 0.623
2206.000 0.572
2207.000 0.561
2208.000 0.517
2209.000 0.511
2210.000 0.464
2211.000 0.436
2212.000 0.419
2213.000 0.407
2214.000 0.363
2215.000 0.365
2216.000 0.342
2217.000 0.340
2218.000 0.304
2219.000 0.285
2220.000 0.267
2221.000 0.260
2222.000 0.230
2223.000 0.213
2224.000 0.180
2225.000 0.171
2226.000 0.143
2227.000 0.155
2228.000 0.124
2229.000 0.107
2230.000 0.103
2231.000 0.087
2232.000 0.091
2233.000 0.062
2234.000 0.067
2235.000 0.064
2236.000 0.063
2237.000 0.088
2238.000 0.102
2239.000 0.107
2240.000 0.135
2241.000 0.151
2242.000 0.171
2243.000 0.188
2244.000 0.197
2245.000 0.233
2246.000 0.253
2247.000 0.270
2248.000 0.304
2249.000 0.332
2250.000 0.368
2251.000 0.378
2252.000 0.432
2253.000 0.453
2254.000 0.467
2255.000 0.513
2256.000 0.554
2257.000 0.594
2258.000 0.653
2259.000 0.720
2260.000 0.782
2261.000 0.841
2262.000 0.916
2263.000 0.943
2264.000 1.023
2265.000 1.112
2266.000 1.262
2267.000 1.330
2268.000 1.469
2269.000 1.617
2270.000 1.807
2271.000 2.010
2272.000 2.265
2273.000 2.544
2274.000 2.848
2275.000 3.175
2276.000 3.510
2277.000 3.659
2278.000 3.932
2279.000 4.067
2280.000 4.031
2281.000 3.839
2282.000 3.515
2283.000 3.147
2284.000 2.802
2285.000 2.515
2286.000 2.398
2287.000 2.125
2288.000 1.885
2289.000 1.815
2290.000 1.683
2291.000 1.584
2292.000 1.494
2293.000 1.426
2294.000 1.343
2295.000 1.276
2296.000 1.207
2297.000 1.149
2298.000 1.091
2299.000 1.080
2300.000 1.010
2301.000 0.975
2302.000 0.937
2303.000 0.905
2304.000 0.880
2305.000 0.849
2306.000 0.824
2307.000 0.806
2308.000 0.773
2309.000 0.758
2310.000 0.719
2311.000 0.718
2312.000 0.702
2313.000 0.675
2314.000 0.659
2315.000 0.632
2316.000 0.632
2317.000 0.626
2318.000 0.596
2319.000 0.585
2320.000 0.603
2321.000 0.576
2322.000 0.562
2323.000 0.557
2324.000 0.531
2325.000 0.514
2326.000 0.517
2327.000 0.512
2328.000 0.500
2329.000 0.542
2330.000 0.490
2331.000 0.482
2332.000 0.495
2333.000 0.451
2334.000 0.432
2335.000 0.420
2336.000 0.438
2337.000 0.435
2338.000 0.433
2339.000 0.412
2340.000 0.407
2341.000 0.400
2342.000 0.403
2343.000 0.396
2344.000 0.388
2345.000 0.394
2346.000 0.389
2347.000 0.367
2348.000 0.365
2349.000 0.362
2350.000 0.353
2351.000 0.351
2352.000 0.343
2353.000 0.345
2354.000 0.346
2355.000 0.334
2356.000 0.327
2357.000 0.329
2358.000 0.323
2359.000 0.315
2360.000 0.316
2361.000 0.314
2362.000 0.308
2363.000 0.305
2364.000 0.305
2365.000 0.302
2366.000 0.299
2367.000 0.300
2368.000 0.294
2369.000 0.284
2370.000 0.279
2371.000 0.281
2372.000 0.291
2373.000 0.279
2374.000 0.273
2375.000 0.279
2376.000 0.268
2377.000 0.265
2378.000 0.259
2379.000 0.265
2380.000 0.259
2381.000 0.255
2382.000 0.254
2383.000 0.249
2384.000 0.249
2385.000 0.244
2386.000 0.241
2387.000 0.239
2388.000 0.244
2389.000 0.241
2390.000 0.238
2391.000 0.235
2392.000 0.233
2393.000 0.232
2394.000 0.229
2395.000 0.226
2396.000 0.228
2397.000 0.226
2398.000 0.223
2399.000 0.219
2400.000 0.219
2401.000 0.220
2402.000 0.218
2403.000 0.214
2404.000 0.215
2405.000 0.211
2406.000 0.213
2407.000 0.208
2408.000 0.202
2409.000 0.199
2410.000 0.207
2411.000 0.201
2412.000 0.200
2413.000 0.195
2414.000 0.196
2415.000 0.192
2416.000 0.192
2417.000 0.188
2418.000 0.194
2419.000 0.195
2420.000 0.193
2421.000 0.184
2422.000 0.187
2423.000 0.195
2424.000 0.176
2425.000 0.185
2426.000 0.177
2427.000 0.181
2428.000 0.178
2429.000 0.178
2430.000 0.173
2431.000 0.176
2432.000 0.169
2433.000 0.179
2434.000 0.168
2435.000 0.176
2436.000 0.174
2437.000 0.172
2438.000 0.169
2439.000 0.165
2440.000 0.165
2441.000 0.162
2442.000 0.169
2443.000 0.167
2444.000 0.170
2445.000 0.171
2446.000 0.161
2447.000 0.166
2448.000 0.164
2449.000 0.159
2450.000 0.158
2451.000 0.161
2452.000 0.153
2453.000 0.157
2454.000 0.158
2455.000 0.159
2456.000 0.154
2457.000 0.156
2458.000 0.156
2459.000 0.164
2460.000 0.152
2461.000 0.148
2462.000 0.153
2463.000 0.151
2464.000 0.153
2465.000 0.147
2466.000 0.152
2467.000 0.143
2468.000 0.148
2469.000 0.151
2470.000 0.149
2471.000 0.153
2472.000 0.146
2473.000 0.145
2474.000 0.147
2475.000 0.147
2476.000 0.147
2477.000 0.142
2478.000 0.145
2479.000 0.142
2480.000 0.146
2481.000 0.142
2482.000 0.145
2483.000 0.139
2484.000 0.144
2485.000 0.142
2486.000 0.142
2487.000 0.138
2488.000 0.139
2489.000 0.141
2490.000 0.142
2491.000 0.142
2492.000 0.143
2493.000 0.140
2494.000 0.141
2495.000 0.141
2496.000 0.144
2497.000 0.142
2498.000 0.135
2499.000 0.139
2500.000 0.141
2501.000 0.138
2502.000 0.138
2503.000 0.132
2504.000 0.137
2505.000 0.139
2506.000 0.136
2507.000 0.134
2508.000 0.138
2509.000 0.134
2510.000 0.141
2511.000 0.138
2512.000 0.139
2513.000 0.132
2514.000 0.138
2515.000 0.140
2516.000 0.136
2517.000 0.141
2518.000 0.132
2519.000 0.140
2520.000 0.137
2521.000 0.142
2522.000 0.138
2523.000 0.136
2524.000 0.137
2525.000 0.143
2526.000 0.140
2527.000 0.136
2528.000 0.143
2529.000 0.137
2530.000 0.136
2531.000 0.138
2532.000 0.135
2533.000 0.140
2534.000 0.141
2535.000 0.133
2536.000 0.144
2537.000 0.138
2538.000 0.135
2539.000 0.139
2540.000 0.138
2541.000 0.137
2542.000 0.138
2543.000 0.133
2544.000 0.136
2545.000 0.137
2546.000 0.134
2547.000 0.133
2548.000 0.136
2549.000 0.137
2550.000 0.138
2551.000 0.141
2552.000 0.138
2553.000 0.145
2554.000 0.139
2555.000 0.138
2556.000 0.141
2557.000 0.144
2558.000 0.136
2559.000 0.145
2560.000 0.140
2561.000 0.141
2562.000 0.145
2563.000 0.135
2564.000 0.135
2565.000 0.142
2566.000 0.137
2567.000 0.144
2568.000 0.142
2569.000 0.149
2570.000 0.148
2571.000 0.146
2572.000 0.145
2573.000 0.147
2574.000 0.141
2575.000 0.144
2576.000 0.144
2577.000 0.144
2578.000 0.142
2579.000 0.148
2580.000 0.147
2581.000 0.142
2582.000 0.146
2583.000 0.142
2584.000 0.147
2585.000 0.151
2586.000 0.152
2587.000 0.146
2588.000 0.145
2589.000 0.149
2590.000 0.143
2591.000 0.153
2592.000 0.149
2593.000 0.148
2594.000 0.149
2595.000 0.146
2596.000 0.148
2597.000 0.154
2598.000 0.151
2599.000 0.151
2600.000 0.156
