1801.000 0.138
1802.000 0.175
1803.000 0.180
1804.000 0.173
1805.000 0.182
1806.000 0.187
1807.000 0.178
1808.000 0.181
1809.000 0.178
1810.000 0.179
1811.000 0.186
1812.000 0.191
1813.000 0.181
1814.000 0.182
1815.000 0.189
1816.000 0.188
1817.000 0.182
1818.000 0.187
1819.000 0.181
1820.000 0.193
1821.000 0.187
1822.000 0.198
1823.000 0.203
1824.000 0.195
1825.000 0.190
1826.000 0.191
1827.000 0.189
1828.000 0.193
1829.000 0.191
1830.000 0.195
1831.000 0.201
1832.000 0.199
1833.000 0.198
1834.000 0.195
1835.000 0.189
1836.000 0.196
1837.000 0.204
1838.000 0.200
1839.000 0.205
1840.000 0.203
1841.000 0.200
1842.000 0.208
1843.000 0.205
1844.000 0.222
1845.000 0.209
1846.000 0.208
1847.000 0.207
1848.000 0.210
1849.000 0.204
1850.000 0.211
1851.000 0.208
1852.000 0.221
1853.000 0.210
1854.000 0.213
1855.000 0.216
1856.000 0.222
1857.000 0.216
1858.000 0.214
1859.000 0.217
1860.000 0.206
1861.000 0.206
1862.000 0.215
1863.000 0.223
1864.000 0.222
1865.000 0.218
1866.000 0.228
1867.000 0.218
1868.000 0.224
1869.000 0.217
1870.000 0.228
1871.000 0.228
1872.000 0.222
1873.000 0.217
1874.000 0.230
1875.000 0.233
1876.000 0.221
1877.000 0.236
1878.000 0.233
1879.000 0.229
1880.000 0.217
1881.000 0.237
1882.000 0.226
1883.000 0.224
1884.000 0.226
1885.000 0.225
1886.000 0.224
1887.000 0.225
1888.000 0.236
1889.000 0.235
1890.000 0.236
1891.000 0.230
1892.000 0.233
1893.000 0.222
1894.000 0.240
1895.000 0.239
1896.000 0.227
1897.000 0.230
1898.000 0.240
1899.000 0.233
1900.000 0.239
1901.000 0.231
1902.000 0.244
1903.000 0.238
1904.000 0.220
1905.000 0.237
1906.000 0.237
1907.000 0.248
1908.000 0.238
1909.000 0.239
1910.000 0.242
1911.000 0.242
1912.000 0.236
1913.000 0.229
1914.000 0.249
1915.000 0.232
1916.000 0.253
1917.000 0.234
1918.000 0.250
1919.000 0.239
1920.000 0.233
1921.000 0.235
1922.000 0.245
1923.000 0.222
1924.000 0.250
1925.000 0.245
1926.000 0.246
1927.000 0.232
1928.000 0.238
1929.000 0.259
1930.000 0.234
1931.000 0.242
1932.000 0.243
1933.000 0.252
1934.000 0.232
1935.000 0.259
1936.000 0.246
1937.000 0.232
1938.000 0.251
1939.000 0.238
1940.000 0.248
1941.000 0.251
1942.000 0.239
1943.000 0.241
1944.000 0.257
1945.000 0.236
1946.000 0.256
1947.000 0.244
1948.000 0.254
1949.000 0.247
1950.000 0.244
1951.000 0.259
1952.000 0.239
1953.000 0.245
1954.000 0.244
1955.000 0.262
1956.000 0.240
1957.000 0.251
1958.000 0.245
1959.000 0.241
1960.000 0.246
1961.000 0.259
1962.000 0.251
1963.000 0.240
1964.000 0.263
1965.000 0.253
1966.000 0.265
1967.000 0.261
1968.000 0.256
1969.000 0.253
1970.000 0.255
1971.000 0.264
1972.000 0.259
1973.000 0.250
1974.000 0.246
1975.000 0.261
1976.000 0.246
1977.000 0.268
1978.000 0.266
1979.000 0.254
1980.000 0.268
1981.000 0.267
1982.000 0.274
1983.000 0.270
1984.000 0.266
1985.000 0.264
1986.000 0.265
1987.000 0.287
1988.000 0.272
1989.000 0.277
1990.000 0.262
1991.000 0.269
1992.000 0.258
1993.000 0.275
1994.000 0.271
1995.000 0.284
1996.000 0.268
1997.000 0.280
1998.000 0.263
1999.000 0.279
2000.000 0.281
2001.000 0.281
2002.000 0.273
2003.000 0.273
2004.000 0.270
2005.000 0.271
2006.000 0.286
2007.000 0.281
2008.000 0.282
2009.000 0.292
2010.000 0.281
2011.000 0.287
2012.000 0.279
2013.000 0.290
2014.000 0.281
2015.000 0.284
2016.000 0.293
2017.000 0.299
2018.000 0.290
2019.000 0.293
2020.000 0.286
2021.000 0.294
2022.000 0.316
2023.000 0.291
2024.000 0.303
2025.000 0.302
2026.000 0.291
2027.000 0.307
2028.000 0.301
2029.000 0.317
2030.000 0.303
2031.000 0.305
2032.000 0.312
2033.000 0.309
2034.000 0.326
2035.000 0.321
2036.000 0.317
2037.000 0.315
2038.000 0.320
2039.000 0.317
2040.000 0.331
2041.000 0.325
2042.000 0.320
2043.000 0.326
2044.000 0.327
2045.000 0.331
2046.000 0.341
2047.000 0.338
2048.000 0.342
2049.000 0.339
2050.000 0.352
2051.000 0.347
2052.000 0.349
2053.000 0.351
2054.000 0.351
2055.000 0.357
2056.000 0.352
2057.000 0.354
2058.000 0.372
2059.000 0.364
2060.000 0.362
2061.000 0.366
2062.000 0.366
2063.000 0.371
2064.000 0.369
2065.000 0.387
2066.000 0.380
2067.000 0.386
2068.000 0.390
2069.000 0.388
2070.000 0.399
2071.000 0.398
2072.000 0.400
2073.000 0.403
2074.000 0.404
2075.000 0.411
2076.000 0.418
2077.000 0.412
2078.000 0.432
2079.000 0.435
2080.000 0.431
2081.000 0.431
2082.000 0.441
2083.000 0.446
2084.000 0.447
2085.000 0.454
2086.000 0.450
2087.000 0.462
2088.000 0.465
2089.000 0.474
2090.000 0.483
2091.000 0.497
2092.000 0.494
2093.000 0.494
2094.000 0.509
2095.000 0.514
2096.000 0.515
2097.000 0.533
2098.000 0.529
2099.000 0.543
2100.000 0.552
2101.000 0.552
2102.000 0.566
2103.000 0.570
2104.000 0.593
2105.000 0.582
2106.000 0.591
2107.000 0.605
2108.000 0.604
2109.000 0.626
2110.000 0.632
2111.000 0.639
2112.000 0.667
2113.000 0.667
2114.000 0.687
2115.000 0.699
2116.000 0.698
2117.000 0.723
2118.000 0.751
2119.000 0.728
2120.000 0.760
2121.000 0.779
2122.000 0.793
2123.000 0.822
2124.000 0.831
2125.000 0.855
2126.000 0.885
2127.000 0.915
2128.000 0.918
2129.000 0.942
2130.000 0.950
2131.000 1.001
2132.000 1.004
2133.000 1.049
2134.000 1.078
2135.000 1.106
2136.000 1.141
2137.000 1.195
2138.000 1.239
2139.000 1.281
2140.000 1.326
2141.000 1.378
2142.000 1.401
2143.000 1.489
2144.000 1.517
2145.000 1.578
2146.000 1.653
2147.000 1.731
2148.000 1.826
2149.000 1.923
2150.000 2.040
2151.000 2.127
2152.000 2.270
2153.000 2.333
2154.000 2.481
2155.000 2.637
2156.000 2.844
2157.000 3.017
2158.000 3.266
2159.000 3.531
2160.000 3.783
2161.000 4.123
2162.000 4.412
2163.000 4.778
2164.000 5.122
2165.000 5.472
2166.000 5.606
2167.000 5.845
2168.000 5.981
2169.000 5.973
2170.000 5.846
2171.000 5.573
2172.000 5.249
2173.000 4.857
2174.000 4.492
2175.000 4.155
2176.000 3.844
2177.000 3.553
2178.000 3.335
2179.000 3.203
2180.000 3.009
2181.000 2.743
2182.000 2.659
2183.000 2.536
2184.000 2.383
2185.000 2.309
2186.000 2.155
2187.000 2.097
2188.000 2.003
2189.000 1.924
2190.000 1.842
2191.000 1.817
2192.000 1.755
2193.000 1.701
2194.000 1.662
2195.000 1.604
2196.000 1.555
2197.000 1.508
2198.000 1.480
2199.000 1.450
2200.000 1.418
2201.000 1.369
2202.000 1.362
2203.000 1.362
2204.000 1.326
2205.000 1.296
2206.000 1.272
2207.000 1.247
2208.000 1.221
2209.000 1.203
2210.000 1.187
2211.000 1.195
2212.000 1.167
2213.000 1.154
2214.000 1.135
2215.000 1.125
2216.000 1.107
2217.000 1.108
2218.000 1.112
2219.000 1.094
2220.000 1.093
2221.000 1.103
2222.000 1.092
2223.000 1.076
2224.000 1.071
2225.000 1.051
2226.000 1.063
2227.000 1.048
2228.000 1.058
2229.000 1.051
2230.000 1.047
2231.000 1.067
2232.000 1.076
2233.000 1.069
2234.000 1.059
2235.000 1.075
2236.000 1.072
2237.000 1.080
2238.000 1.075
2239.000 1.090
2240.000 1.096
2241.000 1.091
2242.000 1.113
2243.000 1.139
2244.000 1.145
2245.000 1.181
2246.000 1.185
2247.000 1.202
2248.000 1.230
2249.000 1.224
2250.000 1.247
2251.000 1.282
2252.000 1.331
2253.000 1.337
2254.000 1.386
2255.000 1.401
2256.000 1.440
2257.000 1.490
2258.000 1.528
2259.000 1.575
2260.000 1.656
2261.000 1.730
2262.000 1.779
2263.000 1.832
2264.000 1.900
2265.000 2.019
2266.000 2.169
2267.000 2.268
2268.000 2.406
2269.000 2.573
2270.000 2.780
2271.000 2.958
2272.000 3.243
2273.000 3.601
2274.000 3.908
2275.000 4.243
2276.000 4.434
2277.000 4.633
2278.000 4.916
2279.000 4.929
2280.000 4.852
2281.000 4.667
2282.000 4.161
2283.000 3.711
2284.000 3.086
2285.000 2.777
2286.000 2.361
2287.000 2.190
2288.000 1.997
2289.000 1.869
2290.000 1.730
2291.000 1.548
2292.000 1.442
2293.000 1.343
2294.000 1.213
2295.000 1.172
2296.000 1.115
2297.000 1.007
2298.000 0.974
2299.000 0.918
2300.000 0.880
2301.000 0.822
2302.000 0.780
2303.000 0.701
2304.000 0.727
2305.000 0.639
2306.000 0.662
2307.000 0.618
2308.000 0.599
2309.000 0.559
2310.000 0.544
2311.000 0.535
2312.000 0.513
2313.000 0.485
2314.000 0.481
2315.000 0.446
2316.000 0.439
2317.000 0.411
2318.000 0.420
2319.000 0.410
2320.000 0.343
2321.000 0.444
2322.000 0.386
2323.000 0.346
2324.000 0.333
2325.000 0.312
2326.000 0.324
2327.000 0.311
2328.000 0.305
2329.000 0.334
2330.000 0.293
2331.000 0.279
2332.000 0.279
2333.000 0.272
2334.000 0.261
2335.000 0.239
2336.000 0.229
2337.000 0.249
2338.000 0.227
2339.000 0.204
2340.000 0.258
2341.000 0.239
2342.000 0.249
2343.000 0.233
2344.000 0.202
2345.000 0.204
2346.000 0.211
2347.000 0.182
2348.000 0.187
2349.000 0.186
2350.000 0.171
2351.000 0.175
2352.000 0.171
2353.000 0.169
2354.000 0.165
2355.000 0.164
2356.000 0.164
2357.000 0.153
2358.000 0.151
2359.000 0.150
2360.000 0.151
2361.000 0.153
2362.000 0.150
2363.000 0.143
2364.000 0.137
2365.000 0.151
2366.000 0.135
2367.000 0.127
2368.000 0.137
2369.000 0.127
2370.000 0.122
2371.000 0.121
2372.000 0.125
2373.000 0.116
2374.000 0.117
2375.000 0.117
2376.000 0.114
2377.000 0.118
2378.000 0.108
2379.000 0.111
2380.000 0.110
2381.000 0.115
2382.000 0.103
2383.000 0.106
2384.000 0.103
2385.000 0.105
2386.000 0.104
2387.000 0.103
2388.000 0.102
2389.000 0.109
2390.000 0.088
2391.000 0.094
2392.000 0.101
2393.000 0.111
2394.000 0.089
2395.000 0.089
2396.000 0.137
2397.000 0.096
2398.000 0.088
2399.000 0.100
2400.000 0.084
2401.000 0.080
2402.000 0.075
2403.000 0.082
2404.000 0.086
2405.000 0.086
2406.000 0.079
2407.000 0.079
2408.000 0.082
2409.000 0.083
2410.000 0.081
2411.000 0.076
2412.000 0.179
2413.000 0.100
2414.000 0.078
2415.000 0.076
2416.000 0.073
2417.000 0.072
2418.000 0.068
2419.000 0.071
2420.000 0.069
2421.000 0.066
2422.000 0.066
2423.000 0.071
2424.000 0.066
2425.000 0.071
2426.000 0.064
2427.000 0.062
2428.000 0.066
2429.000 0.066
2430.000 0.072
2431.000 0.062
2432.000 0.065
2433.000 0.065
2434.000 0.064
2435.000 0.060
2436.000 0.065
2437.000 0.060
2438.000 0.063
2439.000 0.060
2440.000 0.057
2441.000 0.056
2442.000 0.060
2443.000 0.059
2444.000 0.060
2445.000 0.055
2446.000 0.054
2447.000 0.054
2448.000 0.060
2449.000 0.057
2450.000 0.052
2451.000 0.057
2452.000 0.052
2453.000 0.052
2454.000 0.062
2455.000 0.052
2456.000 0.052
2457.000 0.051
2458.000 0.054
2459.000 0.054
2460.000 0.050
2461.000 0.055
2462.000 0.044
2463.000 0.050
2464.000 0.050
2465.000 0.047
2466.000 0.053
2467.000 0.045
2468.000 0.050
2469.000 0.049
2470.000 0.051
2471.000 0.054
2472.000 0.045
2473.000 0.076
2474.000 0.050
2475.000 0.049
2476.000 0.053
2477.000 0.044
2478.000 0.046
2479.000 0.047
2480.000 0.050
2481.000 0.048
2482.000 0.042
2483.000 0.046
2484.000 0.043
2485.000 0.045
2486.000 0.044
2487.000 0.045
2488.000 0.043
2489.000 0.045
2490.000 0.048
2491.000 0.048
2492.000 0.047
2493.000 0.043
2494.000 0.049
2495.000 0.045
2496.000 0.048
2497.000 0.043
2498.000 0.044
2499.000 0.046
2500.000 0.048
2501.000 0.040
2502.000 0.046
2503.000 0.046
2504.000 0.039
2505.000 0.044
2506.000 0.046
2507.000 0.050
2508.000 0.041
2509.000 0.046
2510.000 0.047
2511.000 0.045
2512.000 0.045
2513.000 0.043
2514.000 0.047
2515.000 0.043
2516.000 0.048
2517.000 0.047
2518.000 0.041
2519.000 0.049
2520.000 0.045
2521.000 0.041
2522.000 0.047
2523.000 0.044
2524.000 0.043
2525.000 0.047
2526.000 0.043
2527.000 0.043
2528.000 0.047
2529.000 0.049
2530.000 0.047
2531.000 0.042
2532.000 0.042
2533.000 0.045
2534.000 0.037
2535.000 0.049
2536.000 0.043
2537.000 0.048
2538.000 0.044
2539.000 0.046
2540.000 0.047
2541.000 0.044
2542.000 0.048
2543.000 0.049
2544.000 0.046
2545.000 0.039
2546.000 0.044
2547.000 0.046
2548.000 0.046
2549.000 0.046
2550.000 0.048
2551.000 0.051
2552.000 0.048
2553.000 0.046
2554.000 0.044
2555.000 0.045
2556.000 0.041
2557.000 0.048
2558.000 0.046
2559.000 0.044
2560.000 0.048
2561.000 0.046
2562.000 0.049
2563.000 0.043
2564.000 0.048
2565.000 0.045
2566.000 0.046
2567.000 0.049
2568.000 0.047
2569.000 0.052
2570.000 0.049
2571.000 0.048
2572.000 0.049
2573.000 0.052
2574.000 0.050
2575.000 0.051
2576.000 0.051
2577.000 0.051
2578.000 0.047
2579.000 0.056
2580.000 0.047
2581.000 0.052
2582.000 0.053
2583.000 0.049
2584.000 0.055
2585.000 0.056
2586.000 0.051
2587.000 0.051
2588.000 0.046
2589.000 0.052
2590.000 0.053
2591.000 0.049
2592.000 0.053
2593.000 0.049
2594.000 0.051
2595.000 0.049
2596.000 0.051
2597.000 0.049
2598.000 0.050
2599.000 0.051
2600.000 0.052
