1801.000 0.364
1802.000 0.356
1803.000 0.368
1804.000 0.363
1805.000 0.367
1806.000 0.369
1807.000 0.378
1808.000 0.374
1809.000 0.380
1810.000 0.384
1811.000 0.380
1812.000 0.383
1813.000 0.385
1814.000 0.388
1815.000 0.396
1816.000 0.372
1817.000 0.400
1818.000 0.406
1819.000 0.410
1820.000 0.403
1821.000 0.410
1822.000 0.224
1823.000 0.449
1824.000 0.394
1825.000 0.504
1826.000 0.415
1827.000 0.411
1828.000 0.431
1829.000 0.444
1830.000 0.425
1831.000 0.419
1832.000 0.425
1833.000 0.431
1834.000 0.432
1835.000 0.423
1836.000 0.437
1837.000 0.431
1838.000 0.442
1839.000 0.433
1840.000 0.429
1841.000 0.448
1842.000 0.453
1843.000 0.424
1844.000 0.481
1845.000 0.434
1846.000 0.455
1847.000 0.447
1848.000 0.459
1849.000 0.446
1850.000 0.463
1851.000 0.452
1852.000 0.460
1853.000 0.455
1854.000 0.455
1855.000 0.485
1856.000 0.451
1857.000 0.475
1858.000 0.473
1859.000 0.473
1860.000 0.482
1861.000 0.480
1862.000 0.474
1863.000 0.483
1864.000 0.464
1865.000 0.467
1866.000 0.486
1867.000 0.477
1868.000 0.487
1869.000 0.484
1870.000 0.482
1871.000 0.489
1872.000 0.490
1873.000 0.496
1874.000 0.514
1875.000 0.489
1876.000 0.491
1877.000 0.469
1878.000 0.506
1879.000 0.497
1880.000 0.507
1881.000 0.504
1882.000 0.498
1883.000 0.512
1884.000 0.496
1885.000 0.500
1886.000 0.518
1887.000 0.501
1888.000 0.504
1889.000 0.506
1890.000 0.524
1891.000 0.507
1892.000 0.522
1893.000 0.517
1894.000 0.520
1895.000 0.527
1896.000 0.509
1897.000 0.499
1898.000 0.525
1899.000 0.512
1900.000 0.532
1901.000 0.522
1902.000 0.518
1903.000 0.524
1904.000 0.523
1905.000 0.537
1906.000 0.533
1907.000 0.540
1908.000 0.524
1909.000 0.517
1910.000 0.516
1911.000 0.525
1912.000 0.521
1913.000 0.533
1914.000 0.533
1915.000 0.535
1916.000 0.533
1917.000 0.533
1918.000 0.523
1919.000 0.544
1920.000 0.551
1921.000 0.532
1922.000 0.539
1923.000 0.538
1924.000 0.528
1925.000 0.529
1926.000 0.541
1927.000 0.540
1928.000 0.560
1929.000 0.527
1930.000 0.551
1931.000 0.541
1932.000 0.531
1933.000 0.554
1934.000 0.566
1935.000 0.543
1936.000 0.570
1937.000 0.555
1938.000 0.577
1939.000 0.538
1940.000 0.546
1941.000 0.548
1942.000 0.544
1943.000 0.554
1944.000 0.549
1945.000 0.556
1946.000 0.558
1947.000 0.543
1948.000 0.556
1949.000 0.535
1950.000 0.567
1951.000 0.544
1952.000 0.547
1953.000 0.551
1954.000 0.559
1955.000 0.570
1956.000 0.561
1957.000 0.554
1958.000 0.521
1959.000 0.544
1960.000 0.567
1961.000 0.568
1962.000 0.553
1963.000 0.572
1964.000 0.552
1965.000 0.568
1966.000 0.547
1967.000 0.561
1968.000 0.582
1969.000 0.565
1970.000 0.586
1971.000 0.557
1972.000 0.557
1973.000 0.562
1974.000 0.563
1975.000 0.566
1976.000 0.571
1977.000 0.560
1978.000 0.562
1979.000 0.579
1980.000 0.570
1981.000 0.590
1982.000 0.588
1983.000 0.552
1984.000 0.596
1985.000 0.587
1986.000 0.585
1987.000 0.579
1988.000 0.572
1989.000 0.579
1990.000 0.595
1991.000 0.587
1992.000 0.569
1993.000 0.579
1994.000 0.603
1995.000 0.579
1996.000 0.568
1997.000 0.590
1998.000 0.609
1999.000 0.585
2000.000 0.599
2001.000 0.601
2002.000 0.589
2003.000 0.581
2004.000 0.583
2005.000 0.588
2006.000 0.600
2007.000 0.594
2008.000 0.597
2009.000 0.614
2010.000 0.582
2011.000 0.615
2012.000 0.598
2013.000 0.607
2014.000 0.589
2015.000 0.602
2016.000 0.619
2017.000 0.608
2018.000 0.600
2019.000 0.594
2020.000 0.623
2021.000 0.614
2022.000 0.605
2023.000 0.609
2024.000 0.623
2025.000 0.633
2026.000 0.611
2027.000 0.635
2028.000 0.632
2029.000 0.653
2030.000 0.643
2031.000 0.646
2032.000 0.624
2033.000 0.644
2034.000 0.662
2035.000 0.653
2036.000 0.669
2037.000 0.652
2038.000 0.669
2039.000 0.654
2040.000 0.640
2041.000 0.668
2042.000 0.653
2043.000 0.637
2044.000 0.680
2045.000 0.665
2046.000 0.668
2047.000 0.689
2048.000 0.667
2049.000 0.664
2050.000 0.681
2051.000 0.674
2052.000 0.685
2053.000 0.688
2054.000 0.674
2055.000 0.702
2056.000 0.678
2057.000 0.708
2058.000 0.709
2059.000 0.706
2060.000 0.714
2061.000 0.709
2062.000 0.714
2063.000 0.720
2064.000 0.735
2065.000 0.674
2066.000 0.713
2067.000 0.736
2068.000 0.739
2069.000 0.750
2070.000 0.748
2071.000 0.757
2072.000 0.747
2073.000 0.746
2074.000 0.786
2075.000 0.770
2076.000 0.779
2077.000 0.779
2078.000 0.783
2079.000 0.803
2080.000 0.779
2081.000 0.802
2082.000 0.804
2083.000 0.810
2084.000 0.821
2085.000 0.830
2086.000 0.839
2087.000 0.843
2088.000 0.829
2089.000 0.839
2090.000 0.853
2091.000 0.859
2092.000 0.875
2093.000 0.871
2094.000 0.872
2095.000 0.867
2096.000 0.900
2097.000 0.892
2098.000 0.910
2099.000 0.911
2100.000 0.953
2101.000 0.938
2102.000 0.945
2103.000 0.953
2104.000 0.975
2105.000 0.968
2106.000 0.979
2107.000 1.003
2108.000 0.988
2109.000 1.031
2110.000 1.037
2111.000 1.048
2112.000 1.068
2113.000 1.092
2114.000 1.082
2115.000 1.103
2116.000 1.115
2117.000 1.121
2118.000 1.119
2119.000 1.140
2120.000 1.197
2121.000 1.191
2122.000 1.199
2123.000 1.225
2124.000 1.255
2125.000 1.297
2126.000 1.282
2127.000 1.311
2128.000 1.326
2129.000 1.335
2130.000 1.375
2131.000 1.440
2132.000 1.448
2133.000 1.493
2134.000 1.518
2135.000 1.527
2136.000 1.576
2137.000 1.617
2138.000 1.713
2139.000 1.703
2140.000 1.746
2141.000 1.810
2142.000 1.836
2143.000 1.895
2144.000 1.974
2145.000 2.039
2146.000 2.109
2147.000 2.180
2148.000 2.276
2149.000 2.389
2150.000 2.425
2151.000 2.586
2152.000 2.760
2153.000 2.830
2154.000 2.974
2155.000 3.111
2156.000 3.336
2157.000 3.507
2158.000 3.738
2159.000 4.022
2160.000 4.279
2161.000 4.588
2162.000 4.907
2163.000 5.069
2164.000 5.559
2165.000 5.719
2166.000 5.953
2167.000 6.100
2168.000 6.139
2169.000 6.024
2170.000 5.728
2171.000 5.379
2172.000 4.936
2173.000 4.486
2174.000 4.250
2175.000 3.682
2176.000 3.307
2177.000 3.176
2178.000 2.894
2179.000 2.638
2180.000 2.404
2181.000 2.235
2182.000 2.099
2183.000 1.909
2184.000 1.796
2185.000 1.663
2186.000 1.567
2187.000 1.470
2188.000 1.381
2189.000 1.294
2190.000 1.200
2191.000 1.203
2192.000 1.137
2193.000 1.035
2194.000 0.942
2195.000 0.926
2196.000 0.876
2197.000 0.819
2198.000 0.774
2199.000 0.729
2200.000 0.720
2201.000 0.659
2202.000 0.644
2203.000 0.574
2204.000 0.573
2205.000 0.552
2206.000 0.494
2207.000 0.469
2208.000 0.397
2209.000 0.378
2210.000 0.376
2211.000 0.355
2212.000 0.330
2213.000 0.320
2214.000 0.305
2215.000 0.314
2216.000 0.256
2217.000 0.230
2218.000 0.178
2219.000 0.193
2220.000 0.171
2221.000 0.166
2222.000 0.173
2223.000 0.102
2224.000 0.133
2225.000 0.305
2226.000 0.109
2227.000 0.064
2228.000 0.077
2229.000 0.088
2230.000 0.095
2231.000 0.105
2232.000 0.107
2233.000 0.109
2234.000 0.146
2235.000 0.147
2236.000 0.181
2237.000 0.200
2238.000 0.220
2239.000 0.234
2240.000 0.268
2241.000 0.295
2242.000 0.303
2243.000 0.352
2244.000 0.362
2245.000 0.387
2246.000 0.417
2247.000 0.462
2248.000 0.473
2249.000 0.524
2250.000 0.544
2251.000 0.576
2252.000 0.617
2253.000 0.637
2254.000 0.707
2255.000 0.755
2256.000 0.800
2257.000 0.854
2258.000 0.908
2259.000 0.968
2260.000 1.048
2261.000 1.122
2262.000 1.203
2263.000 1.248
2264.000 1.347
2265.000 1.469
2266.000 1.608
2267.000 1.746
2268.000 1.917
2269.000 2.120
2270.000 2.348
2271.000 2.461
2272.000 2.851
2273.000 3.184
2274.000 3.638
2275.000 3.870
2276.000 4.255
2277.000 4.632
2278.000 4.964
2279.000 5.073
2280.000 4.999
2281.000 4.741
2282.000 4.500
2283.000 3.928
2284.000 3.621
2285.000 3.268
2286.000 2.935
2287.000 2.385
2288.000 2.380
2289.000 2.256
2290.000 2.099
2291.000 1.926
2292.000 1.856
2293.000 1.761
2294.000 1.636
2295.000 1.532
2296.000 1.517
2297.000 1.492
2298.000 1.373
2299.000 1.324
2300.000 1.222
2301.000 1.154
2302.000 1.138
2303.000 1.101
2304.000 1.099
2305.000 1.050
2306.000 0.994
2307.000 0.966
2308.000 0.937
2309.000 0.935
2310.000 0.837
2311.000 0.805
2312.000 0.845
2313.000 0.823
2314.000 0.759
2315.000 0.781
2316.000 0.785
2317.000 0.736
2318.000 0.732
2319.000 0.664
2320.000 0.741
2321.000 0.649
2322.000 0.690
2323.000 0.702
2324.000 0.582
2325.000 0.620
2326.000 0.641
2327.000 0.602
2328.000 0.562
2329.000 0.565
2330.000 0.568
2331.000 0.571
2332.000 0.526
2333.000 0.537
2334.000 0.524
2335.000 0.531
2336.000 0.522
2337.000 0.525
2338.000 0.489
2339.000 0.469
2340.000 0.494
2341.000 0.483
2342.000 0.461
2343.000 0.449
2344.000 0.459
2345.000 0.453
2346.000 0.446
2347.000 0.436
2348.000 0.429
2349.000 0.431
2350.000 0.417
2351.000 0.416
2352.000 0.406
2353.000 0.411
2354.000 0.397
2355.000 0.409
2356.000 0.439
2357.000 0.383
2358.000 0.377
2359.000 0.361
2360.000 0.376
2361.000 0.369
2362.000 0.354
2363.000 0.347
2364.000 0.368
2365.000 0.342
2366.000 0.343
2367.000 0.342
2368.000 0.324
2369.000 0.333
2370.000 0.340
2371.000 0.319
2372.000 0.327
2373.000 0.327
2374.000 0.322
2375.000 0.315
2376.000 0.305
2377.000 0.312
2378.000 0.307
2379.000 0.293
2380.000 0.288
2381.000 0.296
2382.000 0.297
2383.000 0.291
2384.000 0.287
2385.000 0.288
2386.000 0.294
2387.000 0.299
2388.000 0.276
2389.000 0.290
2390.000 0.280
2391.000 0.270
2392.000 0.269
2393.000 0.262
2394.000 0.272
2395.000 0.260
2396.000 0.254
2397.000 0.260
2398.000 0.256
2399.000 0.253
2400.000 0.252
2401.000 0.249
2402.000 0.245
2403.000 0.248
2404.000 0.244
2405.000 0.238
2406.000 0.244
2407.000 0.236
2408.000 0.230
2409.000 0.239
2410.000 0.231
2411.000 0.227
2412.000 0.229
2413.000 0.223
2414.000 0.227
2415.000 0.228
2416.000 0.228
2417.000 0.227
2418.000 0.226
2419.000 0.224
2420.000 0.218
2421.000 0.226
2422.000 0.212
2423.000 0.220
2424.000 0.215
2425.000 0.224
2426.000 0.209
2427.000 0.208
2428.000 0.212
2429.000 0.209
2430.000 0.206
2431.000 0.210
2432.000 0.206
2433.000 0.202
2434.000 0.199
2435.000 0.204
2436.000 0.201
2437.000 0.205
2438.000 0.197
2439.000 0.196
2440.000 0.194
2441.000 0.194
2442.000 0.195
2443.000 0.191
2444.000 0.193
2445.000 0.183
2446.000 0.194
2447.000 0.192
2448.000 0.182
2449.000 0.187
2450.000 0.183
2451.000 0.186
2452.000 0.183
2453.000 0.185
2454.000 0.183
2455.000 0.180
2456.000 0.184
2457.000 0.189
2458.000 0.176
2459.000 0.180
2460.000 0.180
2461.000 0.174
2462.000 0.178
2463.000 0.172
2464.000 0.172
2465.000 0.174
2466.000 0.177
2467.000 0.172
2468.000 0.175
2469.000 0.172
2470.000 0.173
2471.000 0.174
2472.000 0.168
2473.000 0.167
2474.000 0.170
2475.000 0.166
2476.000 0.162
2477.000 0.166
2478.000 0.169
2479.000 0.170
2480.000 0.165
2481.000 0.171
2482.000 0.175
2483.000 0.177
2484.000 0.166
2485.000 0.180
2486.000 0.169
2487.000 0.163
2488.000 0.167
2489.000 0.162
2490.000 0.166
2491.000 0.165
2492.000 0.158
2493.000 0.158
2494.000 0.159
2495.000 0.168
2496.000 0.168
2497.000 0.161
2498.000 0.162
2499.000 0.159
2500.000 0.163
2501.000 0.161
2502.000 0.163
2503.000 0.168
2504.000 0.162
2505.000 0.158
2506.000 0.159
2507.000 0.160
2508.000 0.158
2509.000 0.162
2510.000 0.157
2511.000 0.157
2512.000 0.155
2513.000 0.155
2514.000 0.155
2515.000 0.158
2516.000 0.162
2517.000 0.158
2518.000 0.159
2519.000 0.155
2520.000 0.159
2521.000 0.159
2522.000 0.163
2523.000 0.159
2524.000 0.162
2525.000 0.159
2526.000 0.155
2527.000 0.162
2528.000 0.155
2529.000 0.157
2530.000 0.163
2531.000 0.154
2532.000 0.156
2533.000 0.160
2534.000 0.156
2535.000 0.161
2536.000 0.160
2537.000 0.159
2538.000 0.158
2539.000 0.164
2540.000 0.163
2541.000 0.158
2542.000 0.158
2543.000 0.157
2544.000 0.156
2545.000 0.159
2546.000 0.159
2547.000 0.161
2548.000 0.161
2549.000 0.159
2550.000 0.140
2551.000 0.155
2552.000 0.162
2553.000 0.163
2554.000 0.160
2555.000 0.154
2556.000 0.164
2557.000 0.155
2558.000 0.160
2559.000 0.160
2560.000 0.164
2561.000 0.166
2562.000 0.158
2563.000 0.161
2564.000 0.165
2565.000 0.163
2566.000 0.160
2567.000 0.167
2568.000 0.163
2569.000 0.164
2570.000 0.167
2571.000 0.158
2572.000 0.162
2573.000 0.171
2574.000 0.167
2575.000 0.170
2576.000 0.165
2577.000 0.168
2578.000 0.169
2579.000 0.170
2580.000 0.176
2581.000 0.165
2582.000 0.173
2583.000 0.170
2584.000 0.168
2585.000 0.178
2586.000 0.164
2587.000 0.169
2588.000 0.170
2589.000 0.171
2590.000 0.169
2591.000 0.172
2592.000 0.173
2593.000 0.172
2594.000 0.178
2595.000 0.178
2596.000 0.177
2597.000 0.172
2598.000 0.171
2599.000 0.174
2600.000 0.178
