1801.000 0.299
1802.000 0.372
1803.000 0.362
1804.000 0.363
1805.000 0.383
1806.000 0.387
1807.000 0.381
1808.000 0.390
1809.000 0.389
1810.000 0.384
1811.000 0.374
1812.000 0.389
1813.000 0.393
1814.000 0.421
1815.000 0.419
1816.000 0.390
1817.000 0.398
1818.000 0.404
1819.000 0.404
1820.000 0.393
1821.000 0.402
1822.000 0.412
1823.000 0.400
1824.000 0.412
1825.000 0.416
1826.000 0.418
1827.000 0.413
1828.000 0.414
1829.000 0.420
1830.000 0.440
1831.000 0.420
1832.000 0.442
1833.000 0.425
1834.000 0.433
1835.000 0.435
1836.000 0.432
1837.000 0.443
1838.000 0.432
1839.000 0.428
1840.000 0.444
1841.000 0.435
1842.000 0.453
1843.000 0.433
1844.000 0.449
1845.000 0.453
1846.000 0.459
1847.000 0.448
1848.000 0.456
1849.000 0.457
1850.000 0.457
1851.000 0.460
1852.000 0.455
1853.000 0.468
1854.000 0.457
1855.000 0.467
1856.000 0.469
1857.000 0.467
1858.000 0.467
1859.000 0.475
1860.000 0.474
1861.000 0.474
1862.000 0.481
1863.000 0.474
1864.000 0.481
1865.000 0.490
1866.000 0.493
1867.000 0.486
1868.000 0.481
1869.000 0.490
1870.000 0.482
1871.000 0.495
1872.000 0.498
1873.000 0.488
1874.000 0.490
1875.000 0.502
1876.000 0.507
1877.000 0.505
1878.000 0.506
1879.000 0.509
1880.000 0.492
1881.000 0.493
1882.000 0.515
1883.000 0.492
1884.000 0.512
1885.000 0.494
1886.000 0.510
1887.000 0.507
1888.000 0.502
1889.000 0.529
1890.000 0.530
1891.000 0.526
1892.000 0.525
1893.000 0.521
1894.000 0.531
1895.000 0.533
1896.000 0.522
1897.000 0.509
1898.000 0.523
1899.000 0.501
1900.000 0.516
1901.000 0.518
1902.000 0.516
1903.000 0.504
1904.000 0.552
1905.000 0.532
1906.000 0.519
1907.000 0.513
1908.000 0.508
1909.000 0.554
1910.000 0.504
1911.000 0.572
1912.000 0.491
1913.000 0.541
1914.000 0.529
1915.000 0.539
1916.000 0.506
1917.000 0.520
1918.000 0.545
1919.000 0.524
1920.000 0.532
1921.000 0.556
1922.000 0.533
1923.000 0.519
1924.000 0.510
1925.000 0.532
1926.000 0.534
1927.000 0.538
1928.000 0.538
1929.000 0.524
1930.000 0.536
1931.000 0.538
1932.000 0.510
1933.000 0.564
1934.000 0.537
1935.000 0.582
1936.000 0.566
1937.000 0.523
1938.000 0.537
1939.000 0.580
1940.000 0.567
1941.000 0.551
1942.000 0.545
1943.000 0.530
1944.000 0.537
1945.000 0.571
1946.000 0.560
1947.000 0.559
1948.000 0.553
1949.000 0.563
1950.000 0.540
1951.000 0.555
1952.000 0.564
1953.000 0.543
1954.000 0.546
1955.000 0.571
1956.000 0.553
1957.000 0.558
1958.000 0.555
1959.000 0.535
1960.000 0.563
1961.000 0.574
1962.000 0.570
1963.000 0.547
1964.000 0.556
1965.000 0.562
1966.000 0.566
1967.000 0.588
1968.000 0.570
1969.000 0.549
1970.000 0.581
1971.000 0.562
1972.000 0.587
1973.000 0.559
1974.000 0.550
1975.000 0.589
1976.000 0.575
1977.000 0.561
1978.000 0.575
1979.000 0.577
1980.000 0.540
1981.000 0.580
1982.000 0.561
1983.000 0.558
1984.000 0.584
1985.000 0.598
1986.000 0.574
1987.000 0.583
1988.000 0.551
1989.000 0.561
1990.000 0.579
1991.000 0.588
1992.000 0.603
1993.000 0.599
1994.000 0.561
1995.000 0.581
1996.000 0.589
1997.000 0.591
1998.000 0.590
1999.000 0.594
2000.000 0.595
2001.000 0.584
2002.000 0.606
2003.000 0.591
2004.000 0.605
2005.000 0.623
2006.000 0.609
2007.000 0.608
2008.000 0.617
2009.000 0.623
2010.000 0.597
2011.000 0.606
2012.000 0.610
2013.000 0.597
2014.000 0.616
2015.000 0.624
2016.000 0.607
2017.000 0.626
2018.000 0.634
2019.000 0.633
2020.000 0.626
2021.000 0.639
2022.000 0.637
2023.000 0.640
2024.000 0.629
2025.000 0.631
2026.000 0.654
2027.000 0.625
2028.000 0.644
2029.000 0.638
2030.000 0.646
2031.000 0.629
2032.000 0.640
2033.000 0.653
2034.000 0.636
2035.000 0.645
2036.000 0.647
2037.000 0.647
2038.000 0.647
2039.000 0.657
2040.000 0.658
2041.000 0.660
2042.000 0.655
2043.000 0.675
2044.000 0.664
2045.000 0.684
2046.000 0.663
2047.000 0.685
2048.000 0.685
2049.000 0.716
2050.000 0.690
2051.000 0.689
2052.000 0.684
2053.000 0.681
2054.000 0.695
2055.000 0.693
2056.000 0.710
2057.000 0.769
2058.000 0.686
2059.000 0.720
2060.000 0.736
2061.000 0.708
2062.000 0.724
2063.000 0.740
2064.000 0.716
2065.000 0.748
2066.000 0.742
2067.000 0.751
2068.000 0.759
2069.000 0.730
2070.000 0.771
2071.000 0.775
2072.000 0.763
2073.000 0.775
2074.000 0.752
2075.000 0.782
2076.000 0.758
2077.000 0.783
2078.000 0.772
2079.000 0.794
2080.000 0.800
2081.000 0.804
2082.000 0.817
2083.000 0.820
2084.000 0.858
2085.000 0.837
2086.000 0.829
2087.000 0.834
2088.000 0.858
2089.000 0.858
2090.000 0.862
2091.000 0.854
2092.000 0.859
2093.000 0.880
2094.000 0.885
2095.000 0.875
2096.000 0.884
2097.000 0.910
2098.000 0.925
2099.000 0.938
2100.000 0.935
2101.000 0.933
2102.000 0.946
2103.000 0.960
2104.000 0.975
2105.000 0.993
2106.000 0.982
2107.000 0.997
2108.000 1.000
2109.000 1.024
2110.000 1.026
2111.000 1.065
2112.000 1.057
2113.000 1.056
2114.000 1.088
2115.000 1.122
2116.000 1.093
2117.000 1.136
2118.000 1.155
2119.000 1.145
2120.000 1.187
2121.000 1.196
2122.000 1.257
2123.000 1.222
2124.000 1.283
2125.000 1.288
2126.000 1.260
2127.000 1.462
2128.000 1.296
2129.000 1.345
2130.000 1.441
2131.000 1.429
2132.000 1.381
2133.000 1.501
2134.000 1.460
2135.000 1.699
2136.000 1.589
2137.000 1.326
2138.000 2.300
2139.000 1.650
2140.000 1.704
2141.000 1.767
2142.000 1.850
2143.000 1.868
2144.000 1.902
2145.000 2.025
2146.000 2.241
2147.000 2.245
2148.000 2.311
2149.000 2.402
2150.000 2.498
2151.000 2.598
2152.000 2.778
2153.000 2.878
2154.000 2.946
2155.000 3.076
2156.000 3.394
2157.000 3.486
2158.000 3.689
2159.000 3.940
2160.000 4.232
2161.000 4.512
2162.000 4.869
2163.000 5.205
2164.000 5.518
2165.000 5.615
2166.000 5.847
2167.000 6.124
2168.000 6.096
2169.000 6.064
2170.000 5.804
2171.000 5.406
2172.000 4.954
2173.000 4.477
2174.000 4.114
2175.000 3.652
2176.000 3.309
2177.000 3.049
2178.000 2.900
2179.000 2.700
2180.000 2.423
2181.000 2.221
2182.000 1.967
2183.000 1.867
2184.000 1.754
2185.000 1.662
2186.000 1.563
2187.000 1.485
2188.000 1.364
2189.000 1.329
2190.000 1.177
2191.000 1.239
2192.000 1.081
2193.000 1.040
2194.000 0.997
2195.000 1.157
2196.000 0.986
2197.000 0.677
2198.000 0.784
2199.000 0.759
2200.000 0.728
2201.000 0.822
2202.000 0.657
2203.000 0.551
2204.000 0.473
2205.000 0.460
2206.000 0.470
2207.000 0.426
2208.000 0.399
2209.000 0.458
2210.000 0.361
2211.000 0.441
2212.000 0.315
2213.000 0.232
2214.000 0.368
2215.000 0.527
2216.000 0.236
2217.000 0.240
2218.000 0.190
2219.000 0.193
2220.000 0.354
2221.000 0.175
2222.000 0.105
2223.000 0.219
2224.000 0.111
2225.000 0.134
2226.000 0.118
2227.000 0.100
2228.000 0.084
2229.000 0.176
2230.000 0.113
2231.000 0.100
2232.000 0.128
2233.000 0.162
2234.000 0.140
2235.000 0.188
2236.000 0.278
2237.000 0.214
2238.000 0.246
2239.000 0.247
2240.000 0.270
2241.000 0.306
2242.000 0.325
2243.000 0.370
2244.000 0.410
2245.000 0.408
2246.000 0.451
2247.000 0.475
2248.000 0.523
2249.000 0.530
2250.000 0.577
2251.000 0.579
2252.000 0.661
2253.000 0.675
2254.000 0.710
2255.000 0.783
2256.000 0.829
2257.000 0.881
2258.000 0.945
2259.000 1.016
2260.000 1.103
2261.000 1.171
2262.000 1.214
2263.000 1.275
2264.000 1.482
2265.000 1.529
2266.000 1.636
2267.000 1.821
2268.000 1.953
2269.000 2.178
2270.000 2.389
2271.000 2.680
2272.000 2.949
2273.000 3.111
2274.000 3.491
2275.000 3.911
2276.000 4.514
2277.000 4.707
2278.000 5.039
2279.000 5.217
2280.000 5.238
2281.000 4.978
2282.000 4.513
2283.000 3.974
2284.000 3.540
2285.000 3.208
2286.000 2.964
2287.000 2.752
2288.000 2.577
2289.000 2.235
2290.000 2.226
2291.000 2.021
2292.000 2.007
2293.000 1.870
2294.000 1.702
2295.000 1.617
2296.000 1.501
2297.000 1.434
2298.000 1.424
2299.000 1.310
2300.000 1.230
2301.000 1.215
2302.000 1.037
2303.000 1.122
2304.000 1.092
2305.000 1.058
2306.000 1.019
2307.000 1.003
2308.000 0.971
2309.000 0.908
2310.000 0.906
2311.000 0.908
2312.000 0.847
2313.000 0.834
2314.000 0.825
2315.000 0.783
2316.000 0.776
2317.000 0.747
2318.000 0.742
2319.000 0.731
2320.000 0.712
2321.000 0.683
2322.000 0.685
2323.000 0.666
2324.000 0.646
2325.000 0.629
2326.000 0.627
2327.000 0.627
2328.000 0.611
2329.000 0.591
2330.000 0.576
2331.000 0.556
2332.000 0.547
2333.000 0.543
2334.000 0.526
2335.000 0.541
2336.000 0.527
2337.000 0.527
2338.000 0.545
2339.000 0.498
2340.000 0.495
2341.000 0.453
2342.000 0.504
2343.000 0.476
2344.000 0.504
2345.000 0.605
2346.000 0.497
2347.000 0.471
2348.000 0.437
2349.000 0.431
2350.000 0.437
2351.000 0.441
2352.000 0.429
2353.000 0.420
2354.000 0.428
2355.000 0.380
2356.000 0.473
2357.000 0.422
2358.000 0.392
2359.000 0.382
2360.000 0.376
2361.000 0.378
2362.000 0.371
2363.000 0.367
2364.000 0.354
2365.000 0.349
2366.000 0.362
2367.000 0.354
2368.000 0.377
2369.000 0.320
2370.000 0.330
2371.000 0.329
2372.000 0.337
2373.000 0.344
2374.000 0.316
2375.000 0.324
2376.000 0.320
2377.000 0.310
2378.000 0.313
2379.000 0.308
2380.000 0.306
2381.000 0.305
2382.000 0.294
2383.000 0.302
2384.000 0.301
2385.000 0.293
2386.000 0.295
2387.000 0.286
2388.000 0.282
2389.000 0.276
2390.000 0.268
2391.000 0.277
2392.000 0.281
2393.000 0.272
2394.000 0.266
2395.000 0.262
2396.000 0.261
2397.000 0.266
2398.000 0.259
2399.000 0.264
2400.000 0.255
2401.000 0.256
2402.000 0.254
2403.000 0.259
2404.000 0.236
2405.000 0.256
2406.000 0.250
2407.000 0.240
2408.000 0.234
2409.000 0.240
2410.000 0.241
2411.000 0.235
2412.000 0.236
2413.000 0.229
2414.000 0.234
2415.000 0.238
2416.000 0.232
2417.000 0.227
2418.000 0.232
2419.000 0.226
2420.000 0.222
2421.000 0.221
2422.000 0.216
2423.000 0.217
2424.000 0.217
2425.000 0.216
2426.000 0.212
2427.000 0.210
2428.000 0.215
2429.000 0.208
2430.000 0.209
2431.000 0.209
2432.000 0.205
2433.000 0.205
2434.000 0.207
2435.000 0.205
2436.000 0.202
2437.000 0.202
2438.000 0.198
2439.000 0.199
2440.000 0.207
2441.000 0.209
2442.000 0.193
2443.000 0.195
2444.000 0.188
2445.000 0.197
2446.000 0.195
2447.000 0.190
2448.000 0.200
2449.000 0.193
2450.000 0.187
2451.000 0.189
2452.000 0.184
2453.000 0.189
2454.000 0.194
2455.000 0.184
2456.000 0.182
2457.000 0.188
2458.000 0.187
2459.000 0.180
2460.000 0.179
2461.000 0.179
2462.000 0.185
2463.000 0.182
2464.000 0.177
2465.000 0.174
2466.000 0.190
2467.000 0.175
2468.000 0.173
2469.000 0.172
2470.000 0.173
2471.000 0.173
2472.000 0.177
2473.000 0.170
2474.000 0.171
2475.000 0.171
2476.000 0.176
2477.000 0.175
2478.000 0.170
2479.000 0.170
2480.000 0.168
2481.000 0.177
2482.000 0.171
2483.000 0.170
2484.000 0.167
2485.000 0.172
2486.000 0.169
2487.000 0.168
2488.000 0.167
2489.000 0.167
2490.000 0.166
2491.000 0.177
2492.000 0.169
2493.000 0.162
2494.000 0.165
2495.000 0.165
2496.000 0.163
2497.000 0.167
2498.000 0.157
2499.000 0.152
2500.000 0.174
2501.000 0.163
2502.000 0.162
2503.000 0.166
2504.000 0.168
2505.000 0.162
2506.000 0.166
2507.000 0.165
2508.000 0.159
2509.000 0.164
2510.000 0.170
2511.000 0.160
2512.000 0.193
2513.000 0.153
2514.000 0.161
2515.000 0.170
2516.000 0.155
2517.000 0.162
2518.000 0.163
2519.000 0.168
2520.000 0.161
2521.000 0.163
2522.000 0.163
2523.000 0.163
2524.000 0.167
2525.000 0.160
2526.000 0.158
2527.000 0.161
2528.000 0.153
2529.000 0.177
2530.000 0.170
2531.000 0.165
2532.000 0.169
2533.000 0.163
2534.000 0.166
2535.000 0.170
2536.000 0.164
2537.000 0.163
2538.000 0.160
2539.000 0.170
2540.000 0.157
2541.000 0.160
2542.000 0.164
2543.000 0.165
2544.000 0.159
2545.000 0.163
2546.000 0.164
2547.000 0.165
2548.000 0.168
2549.000 0.169
2550.000 0.170
2551.000 0.163
2552.000 0.162
2553.000 0.164
2554.000 0.170
2555.000 0.164
2556.000 0.168
2557.000 0.166
2558.000 0.167
2559.000 0.169
2560.000 0.164
2561.000 0.167
2562.000 0.164
2563.000 0.169
2564.000 0.164
2565.000 0.172
2566.000 0.172
2567.000 0.165
2568.000 0.174
2569.000 0.173
2570.000 0.173
2571.000 0.165
2572.000 0.170
2573.000 0.191
2574.000 0.182
2575.000 0.158
2576.000 0.164
2577.000 0.170
2578.000 0.172
2579.000 0.171
2580.000 0.169
2581.000 0.171
2582.000 0.182
2583.000 0.177
2584.000 0.170
2585.000 0.180
2586.000 0.175
2587.000 0.175
2588.000 0.174
2589.000 0.175
2590.000 0.183
2591.000 0.178
2592.000 0.175
2593.000 0.174
2594.000 0.180
2595.000 0.169
2596.000 0.178
2597.000 0.178
2598.000 0.179
2599.000 0.180
2600.000 0.186
