1801.000 0.369
1802.000 0.372
1803.000 0.369
1804.000 0.378
1805.000 0.372
1806.000 0.384
1807.000 0.386
1808.000 0.397
1809.000 0.383
1810.000 0.382
1811.000 0.379
1812.000 0.384
1813.000 0.398
1814.000 0.393
1815.000 0.396
1816.000 0.395
1817.000 0.406
1818.000 0.407
1819.000 0.409
1820.000 0.400
1821.000 0.420
1822.000 0.424
1823.000 0.410
1824.000 0.416
1825.000 0.419
1826.000 0.411
1827.000 0.426
1828.000 0.430
1829.000 0.417
1830.000 0.423
1831.000 0.427
1832.000 0.423
1833.000 0.447
1834.000 0.434
1835.000 0.434
1836.000 0.440
1837.000 0.441
1838.000 0.446
1839.000 0.431
1840.000 0.455
1841.000 0.443
1842.000 0.454
1843.000 0.463
1844.000 0.455
1845.000 0.461
1846.000 0.462
1847.000 0.453
1848.000 0.466
1849.000 0.459
1850.000 0.468
1851.000 0.466
1852.000 0.459
1853.000 0.483
1854.000 0.472
1855.000 0.472
1856.000 0.478
1857.000 0.479
1858.000 0.414
1859.000 0.485
1860.000 0.497
1861.000 0.477
1862.000 0.471
1863.000 0.490
1864.000 0.457
1865.000 0.493
1866.000 0.489
1867.000 0.480
1868.000 0.496
1869.000 0.485
1870.000 0.505
1871.000 0.488
1872.000 0.501
1873.000 0.498
1874.000 0.502
1875.000 0.488
1876.000 0.487
1877.000 0.489
1878.000 0.501
1879.000 0.497
1880.000 0.506
1881.000 0.489
1882.000 0.490
1883.000 0.495
1884.000 0.504
1885.000 0.518
1886.000 0.495
1887.000 0.524
1888.000 0.532
1889.000 0.517
1890.000 0.499
1891.000 0.509
1892.000 0.518
1893.000 0.530
1894.000 0.517
1895.000 0.514
1896.000 0.517
1897.000 0.549
1898.000 0.528
1899.000 0.528
1900.000 0.550
1901.000 0.510
1902.000 0.541
1903.000 0.527
1904.000 0.526
1905.000 0.528
1906.000 0.512
1907.000 0.528
1908.000 0.523
1909.000 0.536
1910.000 0.524
1911.000 0.514
1912.000 0.526
1913.000 0.548
1914.000 0.531
1915.000 0.535
1916.000 0.549
1917.000 0.552
1918.000 0.520
1919.000 0.564
1920.000 0.534
1921.000 0.524
1922.000 0.540
1923.000 0.582
1924.000 0.582
1925.000 0.558
1926.000 0.566
1927.000 0.566
1928.000 0.541
1929.000 0.557
1930.000 0.550
1931.000 0.573
1932.000 0.537
1933.000 0.585
1934.000 0.532
1935.000 0.565
1936.000 0.565
1937.000 0.542
1938.000 0.538
1939.000 0.523
1940.000 0.589
1941.000 0.577
1942.000 0.565
1943.000 0.556
1944.000 0.572
1945.000 0.537
1946.000 0.528
1947.000 0.584
1948.000 0.529
1949.000 0.561
1950.000 0.561
1951.000 0.625
1952.000 0.543
1953.000 0.542
1954.000 0.574
1955.000 0.587
1956.000 0.587
1957.000 0.596
1958.000 0.591
1959.000 0.587
1960.000 0.602
1961.000 0.560
1962.000 0.538
1963.000 0.599
1964.000 0.567
1965.000 0.605
1966.000 0.601
1967.000 0.572
1968.000 0.548
1969.000 0.597
1970.000 0.593
1971.000 0.583
1972.000 0.562
1973.000 0.558
1974.000 0.557
1975.000 0.603
1976.000 0.591
1977.000 0.554
1978.000 0.576
1979.000 0.626
1980.000 0.593
1981.000 0.636
1982.000 0.584
1983.000 0.604
1984.000 0.612
1985.000 0.621
1986.000 0.582
1987.000 0.596
1988.000 0.574
1989.000 0.589
1990.000 0.587
1991.000 0.578
1992.000 0.605
1993.000 0.624
1994.000 0.606
1995.000 0.589
1996.000 0.627
1997.000 0.590
1998.000 0.630
1999.000 0.591
2000.000 0.615
2001.000 0.606
2002.000 0.577
2003.000 0.633
2004.000 0.637
2005.000 0.597
2006.000 0.612
2007.000 0.601
2008.000 0.604
2009.000 0.634
2010.000 0.628
2011.000 0.603
2012.000 0.648
2013.000 0.607
2014.000 0.646
2015.000 0.626
2016.000 0.629
2017.000 0.640
2018.000 0.643
2019.000 0.619
2020.000 0.619
2021.000 0.610
2022.000 0.636
2023.000 0.643
2024.000 0.652
2025.000 0.660
2026.000 0.639
2027.000 0.659
2028.000 0.667
2029.000 0.601
2030.000 0.722
2031.000 0.623
2032.000 0.659
2033.000 0.666
2034.000 0.736
2035.000 0.674
2036.000 0.646
2037.000 0.681
2038.000 0.652
2039.000 0.645
2040.000 0.662
2041.000 0.666
2042.000 0.708
2043.000 0.664
2044.000 0.682
2045.000 0.669
2046.000 0.688
2047.000 0.633
2048.000 0.716
2049.000 0.681
2050.000 0.694
2051.000 0.718
2052.000 0.707
2053.000 0.695
2054.000 0.699
2055.000 0.711
2056.000 0.702
2057.000 0.726
2058.000 0.712
2059.000 0.699
2060.000 0.741
2061.000 0.735
2062.000 0.739
2063.000 0.735
2064.000 0.764
2065.000 0.748
2066.000 0.732
2067.000 0.724
2068.000 0.777
2069.000 0.771
2070.000 1.129
2071.000 0.930
2072.000 0.890
2073.000 1.013
2074.000 0.794
2075.000 0.894
2076.000 0.899
2077.000 0.827
2078.000 0.820
2079.000 0.805
2080.000 0.815
2081.000 0.824
2082.000 0.805
2083.000 0.742
2084.000 0.890
2085.000 0.859
2086.000 0.864
2087.000 0.860
2088.000 0.887
2089.000 0.850
2090.000 0.869
2091.000 0.868
2092.000 0.889
2093.000 0.871
2094.000 0.904
2095.000 0.906
2096.000 0.916
2097.000 0.943
2098.000 0.934
2099.000 0.953
2100.000 0.940
2101.000 0.946
2102.000 0.975
2103.000 0.961
2104.000 1.032
2105.000 0.999
2106.000 1.016
2107.000 1.023
2108.000 1.032
2109.000 1.030
2110.000 1.155
2111.000 0.928
2112.000 1.044
2113.000 1.022
2114.000 1.132
2115.000 1.123
2116.000 1.149
2117.000 1.176
2118.000 1.202
2119.000 1.188
2120.000 1.186
2121.000 1.216
2122.000 1.255
2123.000 1.234
2124.000 1.293
2125.000 1.312
2126.000 1.309
2127.000 1.310
2128.000 1.362
2129.000 1.411
2130.000 1.408
2131.000 1.417
2132.000 1.482
2133.000 1.490
2134.000 1.546
2135.000 1.567
2136.000 1.613
2137.000 1.660
2138.000 1.692
2139.000 1.729
2140.000 1.748
2141.000 1.849
2142.000 1.883
2143.000 1.955
2144.000 2.020
2145.000 2.090
2146.000 2.121
2147.000 2.208
2148.000 2.525
2149.000 2.371
2150.000 2.528
2151.000 2.640
2152.000 2.731
2153.000 2.853
2154.000 3.007
2155.000 3.220
2156.000 3.375
2157.000 3.598
2158.000 3.835
2159.000 3.952
2160.000 4.383
2161.000 4.537
2162.000 4.878
2163.000 5.366
2164.000 5.581
2165.000 5.897
2166.000 6.180
2167.000 6.355
2168.000 6.353
2169.000 6.121
2170.000 5.938
2171.000 5.734
2172.000 5.050
2173.000 4.794
2174.000 4.135
2175.000 3.958
2176.000 3.514
2177.000 3.226
2178.000 2.931
2179.000 2.675
2180.000 2.437
2181.000 2.247
2182.000 2.119
2183.000 1.894
2184.000 1.878
2185.000 1.709
2186.000 1.597
2187.000 1.511
2188.000 1.391
2189.000 1.316
2190.000 1.230
2191.000 1.167
2192.000 1.097
2193.000 1.022
2194.000 0.996
2195.000 0.911
2196.000 0.897
2197.000 0.834
2198.000 0.776
2199.000 0.708
2200.000 0.725
2201.000 0.656
2202.000 0.610
2203.000 0.570
2204.000 0.535
2205.000 0.511
2206.000 0.485
2207.000 0.458
2208.000 0.431
2209.000 0.407
2210.000 0.373
2211.000 0.363
2212.000 0.313
2213.000 0.309
2214.000 0.268
2215.000 0.225
2216.000 0.254
2217.000 0.505
2218.000 0.207
2219.000 0.178
2220.000 0.343
2221.000 0.151
2222.000 0.158
2223.000 0.113
2224.000 0.076
2225.000 0.123
2226.000 0.087
2227.000 0.158
2228.000 0.134
2229.000 0.074
2230.000 0.110
2231.000 0.125
2232.000 0.168
2233.000 0.150
2234.000 0.149
2235.000 0.197
2236.000 0.213
2237.000 0.329
2238.000 0.221
2239.000 0.259
2240.000 0.323
2241.000 0.346
2242.000 0.412
2243.000 0.391
2244.000 0.413
2245.000 0.512
2246.000 0.496
2247.000 0.499
2248.000 0.531
2249.000 0.569
2250.000 0.604
2251.000 0.632
2252.000 0.689
2253.000 0.738
2254.000 0.774
2255.000 0.790
2256.000 0.887
2257.000 0.950
2258.000 1.008
2259.000 1.039
2260.000 1.122
2261.000 1.198
2262.000 1.281
2263.000 1.359
2264.000 1.490
2265.000 1.605
2266.000 1.728
2267.000 1.892
2268.000 2.012
2269.000 2.337
2270.000 2.582
2271.000 2.605
2272.000 2.964
2273.000 3.308
2274.000 3.722
2275.000 4.192
2276.000 4.582
2277.000 4.984
2278.000 5.301
2279.000 5.630
2280.000 5.440
2281.000 5.117
2282.000 4.837
2283.000 4.354
2284.000 3.830
2285.000 3.436
2286.000 3.062
2287.000 2.903
2288.000 2.565
2289.000 2.390
2290.000 2.219
2291.000 2.176
2292.000 1.868
2293.000 1.931
2294.000 1.782
2295.000 1.583
2296.000 1.557
2297.000 1.449
2298.000 1.420
2299.000 1.372
2300.000 1.303
2301.000 1.272
2302.000 1.178
2303.000 1.239
2304.000 1.092
2305.000 1.086
2306.000 1.048
2307.000 1.032
2308.000 0.974
2309.000 0.950
2310.000 0.936
2311.000 0.925
2312.000 0.854
2313.000 0.878
2314.000 0.816
2315.000 0.835
2316.000 0.793
2317.000 0.785
2318.000 0.758
2319.000 0.755
2320.000 0.718
2321.000 0.716
2322.000 0.695
2323.000 0.678
2324.000 0.676
2325.000 0.655
2326.000 0.645
2327.000 0.619
2328.000 0.531
2329.000 0.921
2330.000 0.612
2331.000 0.683
2332.000 0.598
2333.000 0.569
2334.000 0.584
2335.000 0.588
2336.000 0.658
2337.000 0.539
2338.000 0.971
2339.000 0.531
2340.000 0.493
2341.000 0.498
2342.000 0.497
2343.000 0.482
2344.000 0.484
2345.000 0.482
2346.000 0.460
2347.000 0.457
2348.000 0.446
2349.000 0.475
2350.000 0.507
2351.000 0.462
2352.000 0.444
2353.000 0.402
2354.000 0.413
2355.000 0.369
2356.000 0.436
2357.000 0.394
2358.000 0.367
2359.000 0.348
2360.000 0.371
2361.000 0.378
2362.000 0.383
2363.000 0.376
2364.000 0.371
2365.000 0.383
2366.000 0.357
2367.000 0.358
2368.000 0.360
2369.000 0.348
2370.000 0.348
2371.000 0.348
2372.000 0.348
2373.000 0.339
2374.000 0.345
2375.000 0.326
2376.000 0.329
2377.000 0.322
2378.000 0.324
2379.000 0.321
2380.000 0.324
2381.000 0.311
2382.000 0.319
2383.000 0.309
2384.000 0.372
2385.000 0.604
2386.000 0.273
2387.000 0.296
2388.000 0.298
2389.000 0.350
2390.000 0.445
2391.000 0.287
2392.000 0.277
2393.000 0.280
2394.000 0.275
2395.000 0.271
2396.000 0.307
2397.000 0.272
2398.000 0.270
2399.000 0.265
2400.000 0.258
2401.000 0.295
2402.000 0.259
2403.000 0.258
2404.000 0.254
2405.000 0.254
2406.000 0.258
2407.000 0.253
2408.000 0.250
2409.000 0.244
2410.000 0.244
2411.000 0.247
2412.000 0.234
2413.000 0.243
2414.000 0.238
2415.000 0.232
2416.000 0.235
2417.000 0.238
2418.000 0.277
2419.000 0.247
2420.000 0.229
2421.000 0.236
2422.000 0.228
2423.000 0.226
2424.000 0.229
2425.000 0.224
2426.000 0.222
2427.000 0.224
2428.000 0.223
2429.000 0.223
2430.000 0.267
2431.000 0.225
2432.000 0.216
2433.000 0.216
2434.000 0.211
2435.000 0.210
2436.000 0.207
2437.000 0.207
2438.000 0.214
2439.000 0.204
2440.000 0.206
2441.000 0.202
2442.000 0.208
2443.000 0.196
2444.000 0.200
2445.000 0.200
2446.000 0.199
2447.000 0.196
2448.000 0.193
2449.000 0.200
2450.000 0.199
2451.000 0.194
2452.000 0.184
2453.000 0.191
2454.000 0.193
2455.000 0.192
2456.000 0.190
2457.000 0.188
2458.000 0.181
2459.000 0.195
2460.000 0.188
2461.000 0.185
2462.000 0.187
2463.000 0.184
2464.000 0.180
2465.000 0.186
2466.000 0.195
2467.000 0.175
2468.000 0.178
2469.000 0.179
2470.000 0.182
2471.000 0.177
2472.000 0.178
2473.000 0.184
2474.000 0.178
2475.000 0.174
2476.000 0.183
2477.000 0.177
2478.000 0.176
2479.000 0.176
2480.000 0.177
2481.000 0.173
2482.000 0.179
2483.000 0.172
2484.000 0.172
2485.000 0.171
2486.000 0.170
2487.000 0.173
2488.000 0.173
2489.000 0.170
2490.000 0.175
2491.000 0.168
2492.000 0.171
2493.000 0.175
2494.000 0.175
2495.000 0.168
2496.000 0.170
2497.000 0.166
2498.000 0.168
2499.000 0.165
2500.000 0.163
2501.000 0.167
2502.000 0.169
2503.000 0.165
2504.000 0.171
2505.000 0.162
2506.000 0.175
2507.000 0.167
2508.000 0.187
2509.000 0.180
2510.000 0.169
2511.000 0.190
2512.000 0.183
2513.000 0.179
2514.000 0.168
2515.000 0.165
2516.000 0.163
2517.000 0.165
2518.000 0.167
2519.000 0.174
2520.000 0.180
2521.000 0.165
2522.000 0.162
2523.000 0.160
2524.000 0.166
2525.000 0.163
2526.000 0.177
2527.000 0.170
2528.000 0.160
2529.000 0.247
2530.000 0.165
2531.000 0.164
2532.000 0.167
2533.000 0.164
2534.000 0.166
2535.000 0.175
2536.000 0.167
2537.000 0.168
2538.000 0.170
2539.000 0.164
2540.000 0.166
2541.000 0.169
2542.000 0.170
2543.000 0.157
2544.000 0.163
2545.000 0.170
2546.000 0.170
2547.000 0.169
2548.000 0.164
2549.000 0.167
2550.000 0.164
2551.000 0.177
2552.000 0.170
2553.000 0.170
2554.000 0.163
2555.000 0.172
2556.000 0.171
2557.000 0.176
2558.000 0.171
2559.000 0.174
2560.000 0.173
2561.000 0.167
2562.000 0.173
2563.000 0.171
2564.000 0.175
2565.000 0.172
2566.000 0.172
2567.000 0.175
2568.000 0.167
2569.000 0.169
2570.000 0.171
2571.000 0.178
2572.000 0.173
2573.000 0.174
2574.000 0.171
2575.000 0.173
2576.000 0.178
2577.000 0.164
2578.000 0.172
2579.000 0.170
2580.000 0.181
2581.000 0.175
2582.000 0.174
2583.000 0.180
2584.000 0.181
2585.000 0.183
2586.000 0.183
2587.000 0.174
2588.000 0.179
2589.000 0.182
2590.000 0.179
2591.000 0.180
2592.000 0.179
2593.000 0.185
2594.000 0.183
2595.000 0.185
2596.000 0.183
2597.000 0.188
2598.000 0.183
2599.000 0.188
2600.000 0.183
