1801.000 0.365
1802.000 0.363
1803.000 0.376
1804.000 0.365
1805.000 0.384
1806.000 0.373
1807.000 0.394
1808.000 0.385
1809.000 0.385
1810.000 0.385
1811.000 0.378
1812.000 0.384
1813.000 0.393
1814.000 0.378
1815.000 0.399
1816.000 0.393
1817.000 0.400
1818.000 0.398
1819.000 0.398
1820.000 0.408
1821.000 0.409
1822.000 0.399
1823.000 0.413
1824.000 0.417
1825.000 0.413
1826.000 0.412
1827.000 0.416
1828.000 0.409
1829.000 0.418
1830.000 0.420
1831.000 0.425
1832.000 0.434
1833.000 0.424
1834.000 0.434
1835.000 0.425
1836.000 0.434
1837.000 0.428
1838.000 0.448
1839.000 0.439
1840.000 0.447
1841.000 0.444
1842.000 0.444
1843.000 0.444
1844.000 0.454
1845.000 0.451
1846.000 0.458
1847.000 0.460
1848.000 0.454
1849.000 0.459
1850.000 0.460
1851.000 0.463
1852.000 0.474
1853.000 0.474
1854.000 0.468
1855.000 0.464
1856.000 0.474
1857.000 0.472
1858.000 0.484
1859.000 0.476
1860.000 0.480
1861.000 0.481
1862.000 0.483
1863.000 0.478
1864.000 0.484
1865.000 0.484
1866.000 0.483
1867.000 0.487
1868.000 0.491
1869.000 0.490
1870.000 0.486
1871.000 0.497
1872.000 0.501
1873.000 0.489
1874.000 0.485
1875.000 0.508
1876.000 0.485
1877.000 0.478
1878.000 0.522
1879.000 0.493
1880.000 0.484
1881.000 0.507
1882.000 0.500
1883.000 0.501
1884.000 0.515
1885.000 0.522
1886.000 0.497
1887.000 0.519
1888.000 0.512
1889.000 0.511
1890.000 0.514
1891.000 0.517
1892.000 0.517
1893.000 0.515
1894.000 0.527
1895.000 0.510
1896.000 0.513
1897.000 0.528
1898.000 0.523
1899.000 0.529
1900.000 0.517
1901.000 0.528
1902.000 0.534
1903.000 0.518
1904.000 0.520
1905.000 0.540
1906.000 0.548
1907.000 0.554
1908.000 0.544
1909.000 0.538
1910.000 0.546
1911.000 0.511
1912.000 0.527
1913.000 0.527
1914.000 0.542
1915.000 0.532
1916.000 0.517
1917.000 0.528
1918.000 0.558
1919.000 0.538
1920.000 0.529
1921.000 0.538
1922.000 0.529
1923.000 0.544
1924.000 0.540
1925.000 0.577
1926.000 0.544
1927.000 0.553
1928.000 0.543
1929.000 0.543
1930.000 0.552
1931.000 0.560
1932.000 0.559
1933.000 0.553
1934.000 0.543
1935.000 0.567
1936.000 0.557
1937.000 0.521
1938.000 0.553
1939.000 0.546
1940.000 0.543
1941.000 0.514
1942.000 0.547
1943.000 0.563
1944.000 0.571
1945.000 0.544
1946.000 0.564
1947.000 0.560
1948.000 0.553
1949.000 0.578
1950.000 0.557
1951.000 0.551
1952.000 0.556
1953.000 0.550
1954.000 0.553
1955.000 0.562
1956.000 0.586
1957.000 0.571
1958.000 0.557
1959.000 0.571
1960.000 0.567
1961.000 0.578
1962.000 0.546
1963.000 0.610
1964.000 0.561
1965.000 0.595
1966.000 0.590
1967.000 0.548
1968.000 0.571
1969.000 0.578
1970.000 0.587
1971.000 0.605
1972.000 0.601
1973.000 0.588
1974.000 0.570
1975.000 0.557
1976.000 0.607
1977.000 0.590
1978.000 0.593
1979.000 0.573
1980.000 0.585
1981.000 0.580
1982.000 0.581
1983.000 0.591
1984.000 0.594
1985.000 0.557
1986.000 0.578
1987.000 0.595
1988.000 0.611
1989.000 0.574
1990.000 0.572
1991.000 0.597
1992.000 0.598
1993.000 0.598
1994.000 0.610
1995.000 0.603
1996.000 0.589
1997.000 0.597
1998.000 0.604
1999.000 0.627
2000.000 0.588
2001.000 0.588
2002.000 0.615
2003.000 0.591
2004.000 0.602
2005.000 0.596
2006.000 0.614
2007.000 0.614
2008.000 0.606
2009.000 0.602
2010.000 0.605
2011.000 0.639
2012.000 0.631
2013.000 0.614
2014.000 0.601
2015.000 0.599
2016.000 0.596
2017.000 0.632
2018.000 0.640
2019.000 0.658
2020.000 0.651
2021.000 0.648
2022.000 0.616
2023.000 0.631
2024.000 0.641
2025.000 0.641
2026.000 0.636
2027.000 0.640
2028.000 0.624
2029.000 0.650
2030.000 0.619
2031.000 0.654
2032.000 0.668
2033.000 0.669
2034.000 0.658
2035.000 0.645
2036.000 0.656
2037.000 0.661
2038.000 0.655
2039.000 0.659
2040.000 0.653
2041.000 0.676
2042.000 0.667
2043.000 0.665
2044.000 0.702
2045.000 0.693
2046.000 0.673
2047.000 0.686
2048.000 0.686
2049.000 0.679
2050.000 0.687
2051.000 0.688
2052.000 0.686
2053.000 0.695
2054.000 0.704
2055.000 0.715
2056.000 0.709
2057.000 0.715
2058.000 0.703
2059.000 0.715
2060.000 0.724
2061.000 0.715
2062.000 0.729
2063.000 0.730
2064.000 0.735
2065.000 0.726
2066.000 0.744
2067.000 0.745
2068.000 0.743
2069.000 0.747
2070.000 0.753
2071.000 0.760
2072.000 0.755
2073.000 0.775
2074.000 0.761
2075.000 0.786
2076.000 0.774
2077.000 0.801
2078.000 0.801
2079.000 0.792
2080.000 0.800
2081.000 0.816
2082.000 0.814
2083.000 0.819
2084.000 0.829
2085.000 0.842
2086.000 0.835
2087.000 0.837
2088.000 0.852
2089.000 0.853
2090.000 0.859
2091.000 0.867
2092.000 0.867
2093.000 0.889
2094.000 0.885
2095.000 0.894
2096.000 0.900
2097.000 0.920
2098.000 0.916
2099.000 0.909
2100.000 0.931
2101.000 0.944
2102.000 0.944
2103.000 0.965
2104.000 0.970
2105.000 0.983
2106.000 0.994
2107.000 0.988
2108.000 1.014
2109.000 1.028
2110.000 1.029
2111.000 1.055
2112.000 1.051
2113.000 1.068
2114.000 1.073
2115.000 1.086
2116.000 1.118
2117.000 1.127
2118.000 1.140
2119.000 1.168
2120.000 1.169
2121.000 1.195
2122.000 1.219
2123.000 1.230
2124.000 1.245
2125.000 1.266
2126.000 1.306
2127.000 1.322
2128.000 1.341
2129.000 1.358
2130.000 1.390
2131.000 1.410
2132.000 1.422
2133.000 1.482
2134.000 1.518
2135.000 1.530
2136.000 1.588
2137.000 1.619
2138.000 1.661
2139.000 1.704
2140.000 1.739
2141.000 1.809
2142.000 1.856
2143.000 1.902
2144.000 1.953
2145.000 2.049
2146.000 2.097
2147.000 2.160
2148.000 2.243
2149.000 2.330
2150.000 2.449
2151.000 2.566
2152.000 2.706
2153.000 2.825
2154.000 2.991
2155.000 3.150
2156.000 3.264
2157.000 3.449
2158.000 3.685
2159.000 3.923
2160.000 4.221
2161.000 4.497
2162.000 4.837
2163.000 5.185
2164.000 5.492
2165.000 5.807
2166.000 6.081
2167.000 5.285
2168.000 6.178
2169.000 5.958
2170.000 5.822
2171.000 5.400
2172.000 4.863
2173.000 4.419
2174.000 3.992
2175.000 3.528
2176.000 3.235
2177.000 2.968
2178.000 2.678
2179.000 2.470
2180.000 2.255
2181.000 2.162
2182.000 2.003
2183.000 1.818
2184.000 1.684
2185.000 1.576
2186.000 1.096
2187.000 1.350
2188.000 1.269
2189.000 1.225
2190.000 1.349
2191.000 0.956
2192.000 1.055
2193.000 0.909
2194.000 0.878
2195.000 0.883
2196.000 0.723
2197.000 0.738
2198.000 0.700
2199.000 0.680
2200.000 0.626
2201.000 0.564
2202.000 0.570
2203.000 0.482
2204.000 0.494
2205.000 0.485
2206.000 0.407
2207.000 0.391
2208.000 0.371
2209.000 0.340
2210.000 0.312
2211.000 0.300
2212.000 0.293
2213.000 0.246
2214.000 0.227
2215.000 0.193
2216.000 0.170
2217.000 0.149
2218.000 0.138
2219.000 0.099
2220.000 0.085
2221.000 0.215
2222.000 0.224
2223.000 0.056
2224.000 0.062
2225.000 0.077
2226.000 0.087
2227.000 0.081
2228.000 0.104
2229.000 0.140
2230.000 0.135
2231.000 0.152
2232.000 0.179
2233.000 0.202
2234.000 0.248
2235.000 0.237
2236.000 0.265
2237.000 0.290
2238.000 0.332
2239.000 0.326
2240.000 0.375
2241.000 0.393
2242.000 0.475
2243.000 0.463
2244.000 0.484
2245.000 0.497
2246.000 0.555
2247.000 0.537
2248.000 0.591
2249.000 0.643
2250.000 0.656
2251.000 0.704
2252.000 0.727
2253.000 0.788
2254.000 0.831
2255.000 0.879
2256.000 0.946
2257.000 0.976
2258.000 1.040
2259.000 1.109
2260.000 1.205
2261.000 1.263
2262.000 1.511
2263.000 1.506
2264.000 1.599
2265.000 1.681
2266.000 1.794
2267.000 1.921
2268.000 2.106
2269.000 2.320
2270.000 2.615
2271.000 2.816
2272.000 3.146
2273.000 3.473
2274.000 3.848
2275.000 4.297
2276.000 4.727
2277.000 4.950
2278.000 5.310
2279.000 5.621
2280.000 5.560
2281.000 5.427
2282.000 5.020
2283.000 4.523
2284.000 4.018
2285.000 3.549
2286.000 3.239
2287.000 2.902
2288.000 2.693
2289.000 2.576
2290.000 2.371
2291.000 2.202
2292.000 2.080
2293.000 1.889
2294.000 1.798
2295.000 1.734
2296.000 1.654
2297.000 1.565
2298.000 1.506
2299.000 1.435
2300.000 1.347
2301.000 1.305
2302.000 1.289
2303.000 1.227
2304.000 1.168
2305.000 1.133
2306.000 1.083
2307.000 1.056
2308.000 1.035
2309.000 0.999
2310.000 0.976
2311.000 0.942
2312.000 0.907
2313.000 0.897
2314.000 0.873
2315.000 0.869
2316.000 0.847
2317.000 0.850
2318.000 0.767
2319.000 0.777
2320.000 0.750
2321.000 0.728
2322.000 0.593
2323.000 0.646
2324.000 0.736
2325.000 0.649
2326.000 0.675
2327.000 0.687
2328.000 0.679
2329.000 0.628
2330.000 0.607
2331.000 0.609
2332.000 0.598
2333.000 0.569
2334.000 0.565
2335.000 0.577
2336.000 0.560
2337.000 0.550
2338.000 0.547
2339.000 0.543
2340.000 0.522
2341.000 0.521
2342.000 0.506
2343.000 0.527
2344.000 0.497
2345.000 0.477
2346.000 0.483
2347.000 0.488
2348.000 0.469
2349.000 0.449
2350.000 0.458
2351.000 0.434
2352.000 0.435
2353.000 0.447
2354.000 0.421
2355.000 0.423
2356.000 0.408
2357.000 0.415
2358.000 0.410
2359.000 0.408
2360.000 0.396
2361.000 0.388
2362.000 0.381
2363.000 0.376
2364.000 0.382
2365.000 0.381
2366.000 0.370
2367.000 0.376
2368.000 0.358
2369.000 0.361
2370.000 0.351
2371.000 0.351
2372.000 0.345
2373.000 0.341
2374.000 0.346
2375.000 0.341
2376.000 0.337
2377.000 0.332
2378.000 0.339
2379.000 0.327
2380.000 0.326
2381.000 0.318
2382.000 0.316
2383.000 0.310
2384.000 0.304
2385.000 0.307
2386.000 0.304
2387.000 0.301
2388.000 0.298
2389.000 0.297
2390.000 0.298
2391.000 0.291
2392.000 0.288
2393.000 0.289
2394.000 0.280
2395.000 0.279
2396.000 0.279
2397.000 0.277
2398.000 0.269
2399.000 0.276
2400.000 0.272
2401.000 0.268
2402.000 0.266
2403.000 0.263
2404.000 0.258
2405.000 0.254
2406.000 0.255
2407.000 0.296
2408.000 0.315
2409.000 0.296
2410.000 0.261
2411.000 0.246
2412.000 0.247
2413.000 0.251
2414.000 0.238
2415.000 0.246
2416.000 0.235
2417.000 0.241
2418.000 0.235
2419.000 0.232
2420.000 0.235
2421.000 0.231
2422.000 0.232
2423.000 0.227
2424.000 0.228
2425.000 0.219
2426.000 0.228
2427.000 0.225
2428.000 0.220
2429.000 0.220
2430.000 0.221
2431.000 0.213
2432.000 0.219
2433.000 0.215
2434.000 0.213
2435.000 0.212
2436.000 0.213
2437.000 0.206
2438.000 0.207
2439.000 0.215
2440.000 0.202
2441.000 0.203
2442.000 0.203
2443.000 0.201
2444.000 0.204
2445.000 0.198
2446.000 0.200
2447.000 0.200
2448.000 0.198
2449.000 0.194
2450.000 0.198
2451.000 0.200
2452.000 0.211
2453.000 0.196
2454.000 0.195
2455.000 0.190
2456.000 0.195
2457.000 0.184
2458.000 0.186
2459.000 0.189
2460.000 0.186
2461.000 0.192
2462.000 0.185
2463.000 0.185
2464.000 0.186
2465.000 0.177
2466.000 0.187
2467.000 0.181
2468.000 0.177
2469.000 0.183
2470.000 0.185
2471.000 0.183
2472.000 0.189
2473.000 0.181
2474.000 0.177
2475.000 0.182
2476.000 0.179
2477.000 0.176
2478.000 0.178
2479.000 0.173
2480.000 0.183
2481.000 0.177
2482.000 0.180
2483.000 0.175
2484.000 0.177
2485.000 0.172
2486.000 0.170
2487.000 0.173
2488.000 0.175
2489.000 0.174
2490.000 0.170
2491.000 0.179
2492.000 0.175
2493.000 0.178
2494.000 0.176
2495.000 0.172
2496.000 0.169
2497.000 0.170
2498.000 0.169
2499.000 0.167
2500.000 0.166
2501.000 0.170
2502.000 0.168
2503.000 0.168
2504.000 0.168
2505.000 0.167
2506.000 0.168
2507.000 0.166
2508.000 0.167
2509.000 0.168
2510.000 0.172
2511.000 0.169
2512.000 0.176
2513.000 0.169
2514.000 0.163
2515.000 0.172
2516.000 0.165
2517.000 0.168
2518.000 0.166
2519.000 0.169
2520.000 0.169
2521.000 0.169
2522.000 0.165
2523.000 0.173
2524.000 0.169
2525.000 0.167
2526.000 0.167
2527.000 0.167
2528.000 0.166
2529.000 0.169
2530.000 0.169
2531.000 0.166
2532.000 0.170
2533.000 0.170
2534.000 0.166
2535.000 0.169
2536.000 0.167
2537.000 0.165
2538.000 0.173
2539.000 0.165
2540.000 0.166
2541.000 0.171
2542.000 0.167
2543.000 0.165
2544.000 0.169
2545.000 0.165
2546.000 0.162
2547.000 0.172
2548.000 0.171
2549.000 0.166
2550.000 0.172
2551.000 0.174
2552.000 0.169
2553.000 0.169
2554.000 0.166
2555.000 0.168
2556.000 0.172
2557.000 0.172
2558.000 0.173
2559.000 0.172
2560.000 0.172
2561.000 0.172
2562.000 0.173
2563.000 0.172
2564.000 0.173
2565.000 0.175
2566.000 0.173
2567.000 0.173
2568.000 0.174
2569.000 0.173
2570.000 0.177
2571.000 0.175
2572.000 0.177
2573.000 0.175
2574.000 0.173
2575.000 0.173
2576.000 0.170
2577.000 0.177
2578.000 0.174
2579.000 0.179
2580.000 0.175
2581.000 0.186
2582.000 0.175
2583.000 0.180
2584.000 0.179
2585.000 0.181
2586.000 0.179
2587.000 0.186
2588.000 0.181
2589.000 0.186
2590.000 0.187
2591.000 0.180
2592.000 0.180
2593.000 0.181
2594.000 0.184
2595.000 0.183
2596.000 0.179
2597.000 0.192
2598.000 0.188
2599.000 0.187
2600.000 0.185
