1801.000 0.169
1802.000 0.186
1803.000 0.176
1804.000 0.181
1805.000 0.187
1806.000 0.190
1807.000 0.190
1808.000 0.187
1809.000 0.192
1810.000 0.190
1811.000 0.191
1812.000 0.190
1813.000 0.189
1814.000 0.195
1815.000 0.191
1816.000 0.194
1817.000 0.193
1818.000 0.199
1819.000 0.190
1820.000 0.199
1821.000 0.198
1822.000 0.202
1823.000 0.206
1824.000 0.197
1825.000 0.193
1826.000 0.199
1827.000 0.198
1828.000 0.204
1829.000 0.201
1830.000 0.199
1831.000 0.200
1832.000 0.211
1833.000 0.211
1834.000 0.205
1835.000 0.214
1836.000 0.203
1837.000 0.212
1838.000 0.208
1839.000 0.216
1840.000 0.216
1841.000 0.210
1842.000 0.212
1843.000 0.210
1844.000 0.207
1845.000 0.213
1846.000 0.221
1847.000 0.215
1848.000 0.211
1849.000 0.221
1850.000 0.216
1851.000 0.214
1852.000 0.226
1853.000 0.219
1854.000 0.213
1855.000 0.228
1856.000 0.223
1857.000 0.218
1858.000 0.215
1859.000 0.212
1860.000 0.218
1861.000 0.219
1862.000 0.216
1863.000 0.231
1864.000 0.236
1865.000 0.224
1866.000 0.225
1867.000 0.232
1868.000 0.224
1869.000 0.235
1870.000 0.232
1871.000 0.224
1872.000 0.236
1873.000 0.221
1874.000 0.245
1875.000 0.237
1876.000 0.244
1877.000 0.237
1878.000 0.241
1879.000 0.233
1880.000 0.226
1881.000 0.243
1882.000 0.244
1883.000 0.242
1884.000 0.235
1885.000 0.243
1886.000 0.242
1887.000 0.241
1888.000 0.247
1889.000 0.237
1890.000 0.238
1891.000 0.238
1892.000 0.244
1893.000 0.240
1894.000 0.230
1895.000 0.243
1896.000 0.249
1897.000 0.252
1898.000 0.233
1899.000 0.246
1900.000 0.246
1901.000 0.248
1902.000 0.233
1903.000 0.256
1904.000 0.255
1905.000 0.245
1906.000 0.237
1907.000 0.245
1908.000 0.241
1909.000 0.252
1910.000 0.246
1911.000 0.244
1912.000 0.241
1913.000 0.253
1914.000 0.257
1915.000 0.243
1916.000 0.251
1917.000 0.246
1918.000 0.255
1919.000 0.257
1920.000 0.237
1921.000 0.247
1922.000 0.246
1923.000 0.244
1924.000 0.261
1925.000 0.261
1926.000 0.257
1927.000 0.245
1928.000 0.248
1929.000 0.264
1930.000 0.249
1931.000 0.251
1932.000 0.266
1933.000 0.241
1934.000 0.250
1935.000 0.259
1936.000 0.249
1937.000 0.242
1938.000 0.265
1939.000 0.274
1940.000 0.273
1941.000 0.275
1942.000 0.267
1943.000 0.251
1944.000 0.270
1945.000 0.258
1946.000 0.254
1947.000 0.252
1948.000 0.252
1949.000 0.264
1950.000 0.243
1951.000 0.269
1952.000 0.261
1953.000 0.262
1954.000 0.252
1955.000 0.254
1956.000 0.254
1957.000 0.257
1958.000 0.248
1959.000 0.253
1960.000 0.267
1961.000 0.264
1962.000 0.255
1963.000 0.276
1964.000 0.261
1965.000 0.274
1966.000 0.262
1967.000 0.271
1968.000 0.268
1969.000 0.257
1970.000 0.270
1971.000 0.275
1972.000 0.275
1973.000 0.267
1974.000 0.272
1975.000 0.261
1976.000 0.274
1977.000 0.270
1978.000 0.260
1979.000 0.288
1980.000 0.273
1981.000 0.277
1982.000 0.279
1983.000 0.268
1984.000 0.277
1985.000 0.280
1986.000 0.265
1987.000 0.277
1988.000 0.284
1989.000 0.278
1990.000 0.279
1991.000 0.280
1992.000 0.284
1993.000 0.272
1994.000 0.271
1995.000 0.288
1996.000 0.277
1997.000 0.294
1998.000 0.282
1999.000 0.295
2000.000 0.297
2001.000 0.290
2002.000 0.282
2003.000 0.282
2004.000 0.286
2005.000 0.283
2006.000 0.287
2007.000 0.291
2008.000 0.286
2009.000 0.295
2010.000 0.299
2011.000 0.299
2012.000 0.310
2013.000 0.300
2014.000 0.305
2015.000 0.299
2016.000 0.295
2017.000 0.308
2018.000 0.312
2019.000 0.303
2020.000 0.300
2021.000 0.305
2022.000 0.309
2023.000 0.302
2024.000 0.307
2025.000 0.315
2026.000 0.320
2027.000 0.312
2028.000 0.314
2029.000 0.310
2030.000 0.326
2031.000 0.321
2032.000 0.322
2033.000 0.321
2034.000 0.328
2035.000 0.328
2036.000 0.324
2037.000 0.328
2038.000 0.328
2039.000 0.331
2040.000 0.338
2041.000 0.337
2042.000 0.346
2043.000 0.327
2044.000 0.343
2045.000 0.336
2046.000 0.352
2047.000 0.343
2048.000 0.348
2049.000 0.354
2050.000 0.358
2051.000 0.360
2052.000 0.355
2053.000 0.364
2054.000 0.356
2055.000 0.362
2056.000 0.369
2057.000 0.363
2058.000 0.366
2059.000 0.376
2060.000 0.374
2061.000 0.380
2062.000 0.383
2063.000 0.388
2064.000 0.388
2065.000 0.394
2066.000 0.389
2067.000 0.397
2068.000 0.401
2069.000 0.398
2070.000 0.406
2071.000 0.410
2072.000 0.417
2073.000 0.418
2074.000 0.414
2075.000 0.424
2076.000 0.426
2077.000 0.433
2078.000 0.433
2079.000 0.438
2080.000 0.445
2081.000 0.452
2082.000 0.453
2083.000 0.460
2084.000 0.457
2085.000 0.462
2086.000 0.471
2087.000 0.479
2088.000 0.484
2089.000 0.485
2090.000 0.487
2091.000 0.499
2092.000 0.507
2093.000 0.511
2094.000 0.511
2095.000 0.522
2096.000 0.520
2097.000 0.538
2098.000 0.546
2099.000 0.551
2100.000 0.560
2101.000 0.561
2102.000 0.576
2103.000 0.583
2104.000 0.583
2105.000 0.594
2106.000 0.594
2107.000 0.618
2108.000 0.620
2109.000 0.633
2110.000 0.642
2111.000 0.668
2112.000 0.681
2113.000 0.686
2114.000 0.699
2115.000 0.694
2116.000 0.700
2117.000 0.725
2118.000 0.763
2119.000 0.784
2120.000 0.775
2121.000 0.772
2122.000 0.824
2123.000 0.843
2124.000 0.831
2125.000 0.917
2126.000 0.889
2127.000 0.877
2128.000 0.914
2129.000 0.985
2130.000 0.996
2131.000 0.989
2132.000 1.030
2133.000 1.043
2134.000 1.106
2135.000 1.151
2136.000 1.171
2137.000 1.187
2138.000 1.233
2139.000 1.284
2140.000 1.301
2141.000 1.357
2142.000 1.397
2143.000 1.483
2144.000 1.550
2145.000 1.599
2146.000 1.685
2147.000 1.751
2148.000 1.824
2149.000 1.937
2150.000 2.032
2151.000 2.146
2152.000 2.301
2153.000 2.324
2154.000 2.559
2155.000 2.684
2156.000 2.821
2157.000 3.065
2158.000 3.249
2159.000 3.501
2160.000 3.782
2161.000 4.085
2162.000 4.378
2163.000 4.549
2164.000 4.859
2165.000 5.176
2166.000 5.554
2167.000 5.648
2168.000 5.783
2169.000 5.727
2170.000 5.592
2171.000 5.333
2172.000 4.991
2173.000 4.654
2174.000 4.486
2175.000 3.993
2176.000 3.840
2177.000 3.592
2178.000 3.322
2179.000 3.150
2180.000 2.931
2181.000 2.733
2182.000 2.628
2183.000 2.472
2184.000 2.335
2185.000 2.217
2186.000 2.142
2187.000 2.042
2188.000 2.025
2189.000 1.888
2190.000 1.853
2191.000 1.789
2192.000 1.712
2193.000 1.675
2194.000 1.618
2195.000 1.564
2196.000 1.534
2197.000 1.479
2198.000 1.444
2199.000 1.444
2200.000 1.405
2201.000 1.377
2202.000 1.319
2203.000 1.311
2204.000 1.295
2205.000 1.263
2206.000 1.238
2207.000 1.213
2208.000 1.208
2209.000 1.193
2210.000 1.170
2211.000 1.160
2212.000 1.141
2213.000 1.140
2214.000 1.108
2215.000 1.109
2216.000 1.101
2217.000 1.088
2218.000 1.083
2219.000 1.075
2220.000 1.053
2221.000 1.054
2222.000 1.034
2223.000 1.038
2224.000 1.028
2225.000 1.039
2226.000 1.027
2227.000 1.033
2228.000 1.030
2229.000 1.059
2230.000 1.028
2231.000 1.029
2232.000 1.020
2233.000 1.033
2234.000 1.034
2235.000 1.020
2236.000 1.042
2237.000 1.033
2238.000 1.036
2239.000 1.047
2240.000 1.058
2241.000 1.071
2242.000 1.062
2243.000 1.078
2244.000 1.088
2245.000 1.128
2246.000 1.123
2247.000 1.135
2248.000 1.167
2249.000 1.155
2250.000 1.197
2251.000 1.215
2252.000 1.233
2253.000 1.283
2254.000 1.300
2255.000 1.317
2256.000 1.374
2257.000 1.414
2258.000 1.430
2259.000 1.487
2260.000 1.544
2261.000 1.641
2262.000 1.545
2263.000 1.727
2264.000 1.830
2265.000 1.899
2266.000 1.961
2267.000 2.125
2268.000 2.259
2269.000 2.425
2270.000 2.648
2271.000 2.792
2272.000 2.927
2273.000 3.224
2274.000 3.531
2275.000 3.833
2276.000 4.116
2277.000 4.377
2278.000 4.580
2279.000 4.654
2280.000 4.554
2281.000 4.293
2282.000 3.837
2283.000 3.359
2284.000 3.103
2285.000 2.749
2286.000 2.396
2287.000 2.145
2288.000 1.928
2289.000 1.757
2290.000 1.585
2291.000 1.459
2292.000 1.333
2293.000 1.255
2294.000 1.156
2295.000 1.067
2296.000 1.016
2297.000 0.962
2298.000 0.903
2299.000 0.844
2300.000 0.777
2301.000 0.765
2302.000 0.711
2303.000 0.694
2304.000 0.662
2305.000 0.612
2306.000 0.583
2307.000 0.569
2308.000 0.542
2309.000 0.518
2310.000 0.487
2311.000 0.489
2312.000 0.456
2313.000 0.451
2314.000 0.436
2315.000 0.413
2316.000 0.402
2317.000 0.383
2318.000 0.379
2319.000 0.356
2320.000 0.336
2321.000 0.359
2322.000 0.335
2323.000 0.313
2324.000 0.298
2325.000 0.293
2326.000 0.287
2327.000 0.287
2328.000 0.277
2329.000 0.260
2330.000 0.264
2331.000 0.251
2332.000 0.241
2333.000 0.234
2334.000 0.234
2335.000 0.226
2336.000 0.220
2337.000 0.223
2338.000 0.207
2339.000 0.204
2340.000 0.203
2341.000 0.203
2342.000 0.192
2343.000 0.186
2344.000 0.181
2345.000 0.178
2346.000 0.167
2347.000 0.169
2348.000 0.174
2349.000 0.159
2350.000 0.160
2351.000 0.154
2352.000 0.145
2353.000 0.151
2354.000 0.147
2355.000 0.145
2356.000 0.145
2357.000 0.141
2358.000 0.137
2359.000 0.132
2360.000 0.132
2361.000 0.130
2362.000 0.128
2363.000 0.134
2364.000 0.126
2365.000 0.117
2366.000 0.117
2367.000 0.127
2368.000 0.109
2369.000 0.113
2370.000 0.109
2371.000 0.120
2372.000 0.106
2373.000 0.107
2374.000 0.102
2375.000 0.099
2376.000 0.102
2377.000 0.102
2378.000 0.103
2379.000 0.096
2380.000 0.097
2381.000 0.091
2382.000 0.095
2383.000 0.094
2384.000 0.095
2385.000 0.087
2386.000 0.086
2387.000 0.083
2388.000 0.083
2389.000 0.083
2390.000 0.081
2391.000 0.084
2392.000 0.086
2393.000 0.080
2394.000 0.082
2395.000 0.078
2396.000 0.076
2397.000 0.075
2398.000 0.079
2399.000 0.072
2400.000 0.074
2401.000 0.077
2402.000 0.077
2403.000 0.073
2404.000 0.070
2405.000 0.070
2406.000 0.070
2407.000 0.066
2408.000 0.077
2409.000 0.063
2410.000 0.061
2411.000 0.063
2412.000 0.061
2413.000 0.063
2414.000 0.067
2415.000 0.065
2416.000 0.060
2417.000 0.061
2418.000 0.066
2419.000 0.064
2420.000 0.067
2421.000 0.068
2422.000 0.058
2423.000 0.057
2424.000 0.059
2425.000 0.056
2426.000 0.058
2427.000 0.060
2428.000 0.056
2429.000 0.060
2430.000 0.056
2431.000 0.065
2432.000 0.068
2433.000 0.054
2434.000 0.053
2435.000 0.057
2436.000 0.056
2437.000 0.052
2438.000 0.068
2439.000 0.065
2440.000 0.089
2441.000 0.081
2442.000 0.054
2443.000 0.054
2444.000 0.047
2445.000 0.050
2446.000 0.053
2447.000 0.052
2448.000 0.051
2449.000 0.051
2450.000 0.052
2451.000 0.049
2452.000 0.052
2453.000 0.054
2454.000 0.052
2455.000 0.048
2456.000 0.040
2457.000 0.052
2458.000 0.048
2459.000 0.044
2460.000 0.039
2461.000 0.048
2462.000 0.042
2463.000 0.045
2464.000 0.048
2465.000 0.047
2466.000 0.043
2467.000 0.039
2468.000 0.046
2469.000 0.044
2470.000 0.044
2471.000 0.044
2472.000 0.042
2473.000 0.040
2474.000 0.043
2475.000 0.045
2476.000 0.043
2477.000 0.046
2478.000 0.042
2479.000 0.040
2480.000 0.043
2481.000 0.042
2482.000 0.045
2483.000 0.042
2484.000 0.048
2485.000 0.039
2486.000 0.040
2487.000 0.040
2488.000 0.041
2489.000 0.041
2490.000 0.043
2491.000 0.044
2492.000 0.038
2493.000 0.041
2494.000 0.039
2495.000 0.039
2496.000 0.040
2497.000 0.038
2498.000 0.041
2499.000 0.043
2500.000 0.039
2501.000 0.042
2502.000 0.037
2503.000 0.043
2504.000 0.040
2505.000 0.040
2506.000 0.046
2507.000 0.052
2508.000 0.043
2509.000 0.038
2510.000 0.036
2511.000 0.040
2512.000 0.038
2513.000 0.039
2514.000 0.043
2515.000 0.038
2516.000 0.039
2517.000 0.041
2518.000 0.040
2519.000 0.040
2520.000 0.040
2521.000 0.041
2522.000 0.045
2523.000 0.041
2524.000 0.040
2525.000 0.037
2526.000 0.038
2527.000 0.041
2528.000 0.041
2529.000 0.042
2530.000 0.042
2531.000 0.045
2532.000 0.040
2533.000 0.044
2534.000 0.045
2535.000 0.046
2536.000 0.038
2537.000 0.040
2538.000 0.041
2539.000 0.042
2540.000 0.036
2541.000 0.039
2542.000 0.040
2543.000 0.037
2544.000 0.037
2545.000 0.037
2546.000 0.042
2547.000 0.039
2548.000 0.040
2549.000 0.045
2550.000 0.042
2551.000 0.041
2552.000 0.040
2553.000 0.037
2554.000 0.039
2555.000 0.040
2556.000 0.039
2557.000 0.037
2558.000 0.044
2559.000 0.043
2560.000 0.043
2561.000 0.046
2562.000 0.042
2563.000 0.045
2564.000 0.043
2565.000 0.041
2566.000 0.042
2567.000 0.041
2568.000 0.038
2569.000 0.043
2570.000 0.039
2571.000 0.038
2572.000 0.042
2573.000 0.040
2574.000 0.043
2575.000 0.042
2576.000 0.049
2577.000 0.040
2578.000 0.041
2579.000 0.039
2580.000 0.043
2581.000 0.043
2582.000 0.043
2583.000 0.044
2584.000 0.048
2585.000 0.046
2586.000 0.050
2587.000 0.042
2588.000 0.041
2589.000 0.048
2590.000 0.046
2591.000 0.045
2592.000 0.049
2593.000 0.044
2594.000 0.043
2595.000 0.050
2596.000 0.046
2597.000 0.047
2598.000 0.040
2599.000 0.047
2600.000 0.043
