1801.000 0.193
1802.000 0.193
1803.000 0.188
1804.000 0.193
1805.000 0.192
1806.000 0.195
1807.000 0.199
1808.000 0.198
1809.000 0.201
1810.000 0.196
1811.000 0.195
1812.000 0.199
1813.000 0.202
1814.000 0.200
1815.000 0.198
1816.000 0.205
1817.000 0.201
1818.000 0.198
1819.000 0.204
1820.000 0.206
1821.000 0.206
1822.000 0.210
1823.000 0.208
1824.000 0.213
1825.000 0.210
1826.000 0.205
1827.000 0.215
1828.000 0.214
1829.000 0.203
1830.000 0.212
1831.000 0.218
1832.000 0.219
1833.000 0.219
1834.000 0.219
1835.000 0.210
1836.000 0.226
1837.000 0.213
1838.000 0.219
1839.000 0.221
1840.000 0.218
1841.000 0.225
1842.000 0.229
1843.000 0.235
1844.000 0.227
1845.000 0.225
1846.000 0.219
1847.000 0.225
1848.000 0.229
1849.000 0.230
1850.000 0.230
1851.000 0.227
1852.000 0.235
1853.000 0.223
1854.000 0.235
1855.000 0.228
1856.000 0.228
1857.000 0.230
1858.000 0.235
1859.000 0.230
1860.000 0.234
1861.000 0.234
1862.000 0.234
1863.000 0.243
1864.000 0.243
1865.000 0.246
1866.000 0.242
1867.000 0.232
1868.000 0.251
1869.000 0.236
1870.000 0.243
1871.000 0.249
1872.000 0.247
1873.000 0.253
1874.000 0.246
1875.000 0.240
1876.000 0.239
1877.000 0.244
1878.000 0.251
1879.000 0.254
1880.000 0.261
1881.000 0.242
1882.000 0.242
1883.000 0.254
1884.000 0.242
1885.000 0.258
1886.000 0.255
1887.000 0.247
1888.000 0.263
1889.000 0.249
1890.000 0.238
1891.000 0.258
1892.000 0.259
1893.000 0.245
1894.000 0.243
1895.000 0.241
1896.000 0.257
1897.000 0.262
1898.000 0.263
1899.000 0.255
1900.000 0.273
1901.000 0.249
1902.000 0.265
1903.000 0.253
1904.000 0.266
1905.000 0.254
1906.000 0.259
1907.000 0.263
1908.000 0.266
1909.000 0.272
1910.000 0.263
1911.000 0.257
1912.000 0.264
1913.000 0.259
1914.000 0.273
1915.000 0.256
1916.000 0.257
1917.000 0.255
1918.000 0.283
1919.000 0.255
1920.000 0.264
1921.000 0.269
1922.000 0.272
1923.000 0.265
1924.000 0.264
1925.000 0.271
1926.000 0.270
1927.000 0.277
1928.000 0.260
1929.000 0.277
1930.000 0.262
1931.000 0.280
1932.000 0.266
1933.000 0.269
1934.000 0.263
1935.000 0.270
1936.000 0.275
1937.000 0.269
1938.000 0.273
1939.000 0.280
1940.000 0.277
1941.000 0.275
1942.000 0.264
1943.000 0.266
1944.000 0.265
1945.000 0.293
1946.000 0.261
1947.000 0.276
1948.000 0.295
1949.000 0.267
1950.000 0.286
1951.000 0.277
1952.000 0.264
1953.000 0.269
1954.000 0.280
1955.000 0.271
1956.000 0.289
1957.000 0.277
1958.000 0.280
1959.000 0.269
1960.000 0.281
1961.000 0.275
1962.000 0.287
1963.000 0.283
1964.000 0.283
1965.000 0.275
1966.000 0.268
1967.000 0.281
1968.000 0.291
1969.000 0.288
1970.000 0.282
1971.000 0.283
1972.000 0.283
1973.000 0.299
1974.000 0.296
1975.000 0.274
1976.000 0.272
1977.000 0.292
1978.000 0.291
1979.000 0.276
1980.000 0.283
1981.000 0.293
1982.000 0.296
1983.000 0.299
1984.000 0.311
1985.000 0.293
1986.000 0.296
1987.000 0.287
1988.000 0.287
1989.000 0.286
1990.000 0.298
1991.000 0.287
1992.000 0.294
1993.000 0.287
1994.000 0.292
1995.000 0.305
1996.000 0.282
1997.000 0.301
1998.000 0.292
1999.000 0.304
2000.000 0.297
2001.000 0.293
2002.000 0.292
2003.000 0.287
2004.000 0.301
2005.000 0.302
2006.000 0.296
2007.000 0.304
2008.000 0.307
2009.000 0.325
2010.000 0.307
2011.000 0.321
2012.000 0.360
2013.000 0.345
2014.000 0.316
2015.000 0.315
2016.000 0.321
2017.000 0.326
2018.000 0.311
2019.000 0.322
2020.000 0.313
2021.000 0.315
2022.000 0.315
2023.000 0.321
2024.000 0.327
2025.000 0.325
2026.000 0.325
2027.000 0.331
2028.000 0.331
2029.000 0.332
2030.000 0.352
2031.000 0.331
2032.000 0.344
2033.000 0.339
2034.000 0.331
2035.000 0.340
2036.000 0.335
2037.000 0.334
2038.000 0.353
2039.000 0.365
2040.000 0.364
2041.000 0.346
2042.000 0.338
2043.000 0.355
2044.000 0.353
2045.000 0.352
2046.000 0.358
2047.000 0.352
2048.000 0.366
2049.000 0.362
2050.000 0.363
2051.000 0.369
2052.000 0.370
2053.000 0.375
2054.000 0.376
2055.000 0.371
2056.000 0.382
2057.000 0.385
2058.000 0.383
2059.000 0.391
2060.000 0.387
2061.000 0.397
2062.000 0.397
2063.000 0.392
2064.000 0.409
2065.000 0.408
2066.000 0.407
2067.000 0.404
2068.000 0.407
2069.000 0.424
2070.000 0.418
2071.000 0.419
2072.000 0.424
2073.000 0.429
2074.000 0.439
2075.000 0.437
2076.000 0.450
2077.000 0.456
2078.000 0.463
2079.000 0.454
2080.000 0.458
2081.000 0.465
2082.000 0.465
2083.000 0.467
2084.000 0.479
2085.000 0.490
2086.000 0.500
2087.000 0.491
2088.000 0.492
2089.000 0.505
2090.000 0.513
2091.000 0.514
2092.000 0.522
2093.000 0.523
2094.000 0.530
2095.000 0.537
2096.000 0.545
2097.000 0.549
2098.000 0.567
2099.000 0.566
2100.000 0.569
2101.000 0.578
2102.000 0.591
2103.000 0.602
2104.000 0.606
2105.000 0.615
2106.000 0.621
2107.000 0.628
2108.000 0.631
2109.000 0.659
2110.000 0.655
2111.000 0.674
2112.000 0.671
2113.000 0.690
2114.000 0.702
2115.000 0.720
2116.000 0.731
2117.000 0.745
2118.000 0.761
2119.000 0.763
2120.000 0.799
2121.000 0.801
2122.000 0.809
2123.000 0.848
2124.000 0.872
2125.000 0.868
2126.000 0.908
2127.000 0.962
2128.000 0.917
2129.000 0.967
2130.000 1.068
2131.000 0.994
2132.000 1.038
2133.000 1.095
2134.000 1.115
2135.000 1.191
2136.000 1.169
2137.000 1.212
2138.000 1.281
2139.000 1.292
2140.000 1.331
2141.000 1.383
2142.000 1.442
2143.000 1.495
2144.000 1.565
2145.000 1.654
2146.000 1.699
2147.000 1.915
2148.000 1.901
2149.000 1.975
2150.000 2.071
2151.000 2.111
2152.000 2.257
2153.000 2.404
2154.000 2.534
2155.000 2.716
2156.000 2.906
2157.000 3.121
2158.000 3.325
2159.000 3.583
2160.000 3.747
2161.000 4.013
2162.000 4.484
2163.000 4.835
2164.000 5.026
2165.000 5.401
2166.000 5.672
2167.000 5.942
2168.000 6.020
2169.000 6.005
2170.000 5.850
2171.000 5.545
2172.000 5.149
2173.000 4.965
2174.000 4.409
2175.000 4.241
2176.000 3.756
2177.000 3.603
2178.000 3.364
2179.000 3.149
2180.000 2.916
2181.000 2.769
2182.000 2.577
2183.000 2.440
2184.000 2.320
2185.000 2.294
2186.000 2.147
2187.000 2.070
2188.000 1.980
2189.000 1.934
2190.000 1.926
2191.000 1.776
2192.000 1.722
2193.000 1.670
2194.000 1.604
2195.000 1.539
2196.000 1.489
2197.000 1.481
2198.000 1.415
2199.000 1.510
2200.000 1.371
2201.000 1.339
2202.000 1.314
2203.000 1.290
2204.000 1.250
2205.000 1.221
2206.000 1.193
2207.000 1.179
2208.000 1.168
2209.000 1.171
2210.000 1.154
2211.000 1.117
2212.000 1.103
2213.000 1.094
2214.000 1.074
2215.000 1.067
2216.000 1.075
2217.000 1.092
2218.000 1.031
2219.000 1.033
2220.000 1.035
2221.000 1.016
2222.000 1.017
2223.000 0.997
2224.000 1.004
2225.000 0.980
2226.000 0.988
2227.000 0.976
2228.000 0.977
2229.000 0.994
2230.000 0.966
2231.000 0.974
2232.000 0.972
2233.000 0.971
2234.000 0.983
2235.000 0.966
2236.000 0.976
2237.000 0.996
2238.000 0.996
2239.000 1.000
2240.000 1.005
2241.000 1.024
2242.000 1.060
2243.000 1.016
2244.000 1.029
2245.000 1.042
2246.000 1.049
2247.000 1.065
2248.000 1.095
2249.000 1.093
2250.000 1.108
2251.000 1.143
2252.000 1.169
2253.000 1.191
2254.000 1.214
2255.000 1.252
2256.000 1.276
2257.000 1.317
2258.000 1.326
2259.000 1.379
2260.000 1.459
2261.000 1.517
2262.000 1.568
2263.000 1.633
2264.000 1.698
2265.000 1.812
2266.000 1.865
2267.000 1.971
2268.000 2.118
2269.000 2.266
2270.000 2.364
2271.000 2.667
2272.000 2.836
2273.000 2.986
2274.000 3.232
2275.000 3.513
2276.000 3.811
2277.000 4.067
2278.000 4.274
2279.000 4.341
2280.000 4.214
2281.000 3.885
2282.000 3.423
2283.000 3.162
2284.000 2.554
2285.000 2.325
2286.000 2.189
2287.000 1.881
2288.000 1.720
2289.000 1.570
2290.000 1.413
2291.000 1.308
2292.000 1.189
2293.000 1.078
2294.000 0.967
2295.000 0.997
2296.000 0.870
2297.000 0.812
2298.000 0.782
2299.000 0.755
2300.000 0.703
2301.000 0.674
2302.000 0.629
2303.000 0.619
2304.000 0.583
2305.000 0.540
2306.000 0.514
2307.000 0.506
2308.000 0.467
2309.000 0.443
2310.000 0.453
2311.000 0.421
2312.000 0.409
2313.000 0.381
2314.000 0.372
2315.000 0.370
2316.000 0.330
2317.000 0.336
2318.000 0.338
2319.000 0.303
2320.000 0.295
2321.000 0.291
2322.000 0.285
2323.000 0.267
2324.000 0.267
2325.000 0.262
2326.000 0.239
2327.000 0.247
2328.000 0.239
2329.000 0.216
2330.000 0.211
2331.000 0.222
2332.000 0.210
2333.000 0.202
2334.000 0.200
2335.000 0.205
2336.000 0.190
2337.000 0.183
2338.000 0.175
2339.000 0.174
2340.000 0.172
2341.000 0.161
2342.000 0.166
2343.000 0.155
2344.000 0.154
2345.000 0.147
2346.000 0.148
2347.000 0.146
2348.000 0.144
2349.000 0.136
2350.000 0.141
2351.000 0.137
2352.000 0.127
2353.000 0.127
2354.000 0.123
2355.000 0.124
2356.000 0.126
2357.000 0.118
2358.000 0.116
2359.000 0.115
2360.000 0.108
2361.000 0.110
2362.000 0.117
2363.000 0.102
2364.000 0.118
2365.000 0.105
2366.000 0.098
2367.000 0.106
2368.000 0.092
2369.000 0.096
2370.000 0.095
2371.000 0.098
2372.000 0.089
2373.000 0.083
2374.000 0.089
2375.000 0.090
2376.000 0.082
2377.000 0.087
2378.000 0.088
2379.000 0.080
2380.000 0.080
2381.000 0.072
2382.000 0.077
2383.000 0.074
2384.000 0.079
2385.000 0.079
2386.000 0.074
2387.000 0.074
2388.000 0.077
2389.000 0.079
2390.000 0.072
2391.000 0.069
2392.000 0.069
2393.000 0.073
2394.000 0.067
2395.000 0.065
2396.000 0.064
2397.000 0.065
2398.000 0.061
2399.000 0.061
2400.000 0.062
2401.000 0.062
2402.000 0.061
2403.000 0.060
2404.000 0.055
2405.000 0.061
2406.000 0.062
2407.000 0.053
2408.000 0.058
2409.000 0.061
2410.000 0.053
2411.000 0.058
2412.000 0.054
2413.000 0.063
2414.000 0.053
2415.000 0.051
2416.000 0.050
2417.000 0.056
2418.000 0.049
2419.000 0.047
2420.000 0.073
2421.000 0.056
2422.000 0.048
2423.000 0.048
2424.000 0.043
2425.000 0.051
2426.000 0.049
2427.000 0.050
2428.000 0.045
2429.000 0.044
2430.000 0.054
2431.000 0.044
2432.000 0.036
2433.000 0.055
2434.000 0.045
2435.000 0.043
2436.000 0.055
2437.000 0.044
2438.000 0.043
2439.000 0.043
2440.000 0.043
2441.000 0.045
2442.000 0.039
2443.000 0.039
2444.000 0.038
2445.000 0.038
2446.000 0.044
2447.000 0.038
2448.000 0.043
2449.000 0.042
2450.000 0.038
2451.000 0.042
2452.000 0.039
2453.000 0.038
2454.000 0.040
2455.000 0.038
2456.000 0.037
2457.000 0.036
2458.000 0.036
2459.000 0.039
2460.000 0.040
2461.000 0.037
2462.000 0.038
2463.000 0.038
2464.000 0.036
2465.000 0.035
2466.000 0.039
2467.000 0.039
2468.000 0.032
2469.000 0.033
2470.000 0.036
2471.000 0.031
2472.000 0.038
2473.000 0.034
2474.000 0.033
2475.000 0.036
2476.000 0.036
2477.000 0.034
2478.000 0.036
2479.000 0.030
2480.000 0.039
2481.000 0.031
2482.000 0.028
2483.000 0.038
2484.000 0.033
2485.000 0.030
2486.000 0.039
2487.000 0.027
2488.000 0.037
2489.000 0.035
2490.000 0.033
2491.000 0.036
2492.000 0.036
2493.000 0.036
2494.000 0.029
2495.000 0.029
2496.000 0.034
2497.000 0.040
2498.000 0.034
2499.000 0.033
2500.000 0.027
2501.000 0.028
2502.000 0.031
2503.000 0.037
2504.000 0.035
2505.000 0.032
2506.000 0.030
2507.000 0.032
2508.000 0.036
2509.000 0.028
2510.000 0.032
2511.000 0.027
2512.000 0.032
2513.000 0.024
2514.000 0.038
2515.000 0.032
2516.000 0.030
2517.000 0.028
2518.000 0.035
2519.000 0.033
2520.000 0.030
2521.000 0.033
2522.000 0.033
2523.000 0.031
2524.000 0.030
2525.000 0.034
2526.000 0.031
2527.000 0.035
2528.000 0.035
2529.000 0.029
2530.000 0.035
2531.000 0.035
2532.000 0.032
2533.000 0.036
2534.000 0.029
2535.000 0.033
2536.000 0.037
2537.000 0.029
2538.000 0.036
2539.000 0.034
2540.000 0.036
2541.000 0.033
2542.000 0.036
2543.000 0.033
2544.000 0.030
2545.000 0.036
2546.000 0.036
2547.000 0.029
2548.000 0.034
2549.000 0.036
2550.000 0.037
2551.000 0.031
2552.000 0.031
2553.000 0.035
2554.000 0.031
2555.000 0.039
2556.000 0.030
2557.000 0.038
2558.000 0.035
2559.000 0.036
2560.000 0.035
2561.000 0.039
2562.000 0.032
2563.000 0.029
2564.000 0.036
2565.000 0.037
2566.000 0.037
2567.000 0.031
2568.000 0.034
2569.000 0.038
2570.000 0.034
2571.000 0.034
2572.000 0.039
2573.000 0.031
2574.000 0.042
2575.000 0.036
2576.000 0.035
2577.000 0.036
2578.000 0.031
2579.000 0.030
2580.000 0.035
2581.000 0.030
2582.000 0.032
2583.000 0.037
2584.000 0.035
2585.000 0.038
2586.000 0.037
2587.000 0.039
2588.000 0.039
2589.000 0.036
2590.000 0.035
2591.000 0.034
2592.000 0.036
2593.000 0.037
2594.000 0.033
2595.000 0.039
2596.000 0.035
2597.000 0.037
2598.000 0.038
2599.000 0.035
2600.000 0.036
