1801.000 0.184
1802.000 0.195
1803.000 0.195
1804.000 0.205
1805.000 0.202
1806.000 0.205
1807.000 0.204
1808.000 0.200
1809.000 0.202
1810.000 0.207
1811.000 0.203
1812.000 0.202
1813.000 0.205
1814.000 0.215
1815.000 0.210
1816.000 0.209
1817.000 0.209
1818.000 0.209
1819.000 0.214
1820.000 0.212
1821.000 0.215
1822.000 0.210
1823.000 0.217
1824.000 0.218
1825.000 0.214
1826.000 0.209
1827.000 0.216
1828.000 0.218
1829.000 0.217
1830.000 0.216
1831.000 0.221
1832.000 0.223
1833.000 0.226
1834.000 0.228
1835.000 0.226
1836.000 0.222
1837.000 0.223
1838.000 0.232
1839.000 0.226
1840.000 0.223
1841.000 0.240
1842.000 0.233
1843.000 0.231
1844.000 0.235
1845.000 0.234
1846.000 0.234
1847.000 0.236
1848.000 0.237
1849.000 0.239
1850.000 0.233
1851.000 0.243
1852.000 0.237
1853.000 0.243
1854.000 0.247
1855.000 0.246
1856.000 0.245
1857.000 0.241
1858.000 0.239
1859.000 0.241
1860.000 0.251
1861.000 0.251
1862.000 0.247
1863.000 0.239
1864.000 0.243
1865.000 0.247
1866.000 0.241
1867.000 0.249
1868.000 0.251
1869.000 0.256
1870.000 0.249
1871.000 0.257
1872.000 0.249
1873.000 0.258
1874.000 0.261
1875.000 0.251
1876.000 0.253
1877.000 0.246
1878.000 0.264
1879.000 0.264
1880.000 0.266
1881.000 0.250
1882.000 0.261
1883.000 0.257
1884.000 0.253
1885.000 0.263
1886.000 0.264
1887.000 0.254
1888.000 0.266
1889.000 0.262
1890.000 0.263
1891.000 0.258
1892.000 0.262
1893.000 0.266
1894.000 0.261
1895.000 0.269
1896.000 0.267
1897.000 0.260
1898.000 0.268
1899.000 0.268
1900.000 0.261
1901.000 0.265
1902.000 0.259
1903.000 0.274
1904.000 0.265
1905.000 0.258
1906.000 0.268
1907.000 0.282
1908.000 0.265
1909.000 0.271
1910.000 0.270
1911.000 0.268
1912.000 0.269
1913.000 0.271
1914.000 0.267
1915.000 0.270
1916.000 0.269
1917.000 0.277
1918.000 0.262
1919.000 0.285
1920.000 0.271
1921.000 0.267
1922.000 0.264
1923.000 0.261
1924.000 0.276
1925.000 0.279
1926.000 0.282
1927.000 0.267
1928.000 0.269
1929.000 0.285
1930.000 0.271
1931.000 0.268
1932.000 0.282
1933.000 0.274
1934.000 0.288
1935.000 0.273
1936.000 0.259
1937.000 0.277
1938.000 0.290
1939.000 0.283
1940.000 0.265
1941.000 0.279
1942.000 0.292
1943.000 0.300
1944.000 0.278
1945.000 0.266
1946.000 0.288
1947.000 0.282
1948.000 0.280
1949.000 0.277
1950.000 0.290
1951.000 0.285
1952.000 0.277
1953.000 0.277
1954.000 0.277
1955.000 0.286
1956.000 0.280
1957.000 0.291
1958.000 0.288
1959.000 0.279
1960.000 0.274
1961.000 0.282
1962.000 0.293
1963.000 0.288
1964.000 0.301
1965.000 0.295
1966.000 0.292
1967.000 0.277
1968.000 0.297
1969.000 0.295
1970.000 0.294
1971.000 0.293
1972.000 0.285
1973.000 0.296
1974.000 0.292
1975.000 0.293
1976.000 0.291
1977.000 0.292
1978.000 0.291
1979.000 0.288
1980.000 0.296
1981.000 0.298
1982.000 0.289
1983.000 0.296
1984.000 0.293
1985.000 0.295
1986.000 0.297
1987.000 0.297
1988.000 0.305
1989.000 0.304
1990.000 0.310
1991.000 0.310
1992.000 0.302
1993.000 0.315
1994.000 0.300
1995.000 0.307
1996.000 0.305
1997.000 0.306
1998.000 0.301
1999.000 0.313
2000.000 0.303
2001.000 0.310
2002.000 0.314
2003.000 0.317
2004.000 0.317
2005.000 0.320
2006.000 0.319
2007.000 0.315
2008.000 0.316
2009.000 0.314
2010.000 0.323
2011.000 0.319
2012.000 0.321
2013.000 0.327
2014.000 0.325
2015.000 0.319
2016.000 0.331
2017.000 0.321
2018.000 0.318
2019.000 0.330
2020.000 0.327
2021.000 0.327
2022.000 0.326
2023.000 0.336
2024.000 0.344
2025.000 0.344
2026.000 0.337
2027.000 0.343
2028.000 0.332
2029.000 0.341
2030.000 0.342
2031.000 0.336
2032.000 0.347
2033.000 0.338
2034.000 0.347
2035.000 0.349
2036.000 0.350
2037.000 0.362
2038.000 0.363
2039.000 0.366
2040.000 0.355
2041.000 0.356
2042.000 0.368
2043.000 0.351
2044.000 0.361
2045.000 0.371
2046.000 0.370
2047.000 0.380
2048.000 0.369
2049.000 0.384
2050.000 0.364
2051.000 0.375
2052.000 0.381
2053.000 0.386
2054.000 0.380
2055.000 0.388
2056.000 0.392
2057.000 0.397
2058.000 0.403
2059.000 0.395
2060.000 0.410
2061.000 0.405
2062.000 0.421
2063.000 0.407
2064.000 0.413
2065.000 0.420
2066.000 0.420
2067.000 0.417
2068.000 0.436
2069.000 0.419
2070.000 0.430
2071.000 0.447
2072.000 0.441
2073.000 0.443
2074.000 0.454
2075.000 0.461
2076.000 0.448
2077.000 0.453
2078.000 0.454
2079.000 0.472
2080.000 0.473
2081.000 0.474
2082.000 0.484
2083.000 0.490
2084.000 0.502
2085.000 0.491
2086.000 0.517
2087.000 0.492
2088.000 0.522
2089.000 0.527
2090.000 0.518
2091.000 0.527
2092.000 0.525
2093.000 0.542
2094.000 0.541
2095.000 0.561
2096.000 0.552
2097.000 0.556
2098.000 0.576
2099.000 0.580
2100.000 0.618
2101.000 0.632
2102.000 0.609
2103.000 0.617
2104.000 0.656
2105.000 0.623
2106.000 0.637
2107.000 0.648
2108.000 0.658
2109.000 0.675
2110.000 0.671
2111.000 0.699
2112.000 0.691
2113.000 0.727
2114.000 0.710
2115.000 0.729
2116.000 0.759
2117.000 0.767
2118.000 0.736
2119.000 0.806
2120.000 0.794
2121.000 0.803
2122.000 0.842
2123.000 0.831
2124.000 0.837
2125.000 0.894
2126.000 0.968
2127.000 0.979
2128.000 0.930
2129.000 0.987
2130.000 1.020
2131.000 1.064
2132.000 1.082
2133.000 1.089
2134.000 1.125
2135.000 1.136
2136.000 1.163
2137.000 1.235
2138.000 1.274
2139.000 1.322
2140.000 1.347
2141.000 1.394
2142.000 1.413
2143.000 1.514
2144.000 1.537
2145.000 1.623
2146.000 1.689
2147.000 1.762
2148.000 1.866
2149.000 1.948
2150.000 2.065
2151.000 2.134
2152.000 2.295
2153.000 2.440
2154.000 2.508
2155.000 2.662
2156.000 2.907
2157.000 3.089
2158.000 3.270
2159.000 3.513
2160.000 3.760
2161.000 4.114
2162.000 4.425
2163.000 4.707
2164.000 4.899
2165.000 5.273
2166.000 5.526
2167.000 5.775
2168.000 5.892
2169.000 5.878
2170.000 5.733
2171.000 5.495
2172.000 5.118
2173.000 4.796
2174.000 4.484
2175.000 4.146
2176.000 3.996
2177.000 3.697
2178.000 3.273
2179.000 3.140
2180.000 3.026
2181.000 2.741
2182.000 2.586
2183.000 2.480
2184.000 2.350
2185.000 2.260
2186.000 2.128
2187.000 2.042
2188.000 1.953
2189.000 1.901
2190.000 1.820
2191.000 1.778
2192.000 1.703
2193.000 1.658
2194.000 1.591
2195.000 1.560
2196.000 1.502
2197.000 1.455
2198.000 1.415
2199.000 1.367
2200.000 1.374
2201.000 1.336
2202.000 1.297
2203.000 1.282
2204.000 1.250
2205.000 1.173
2206.000 1.158
2207.000 1.171
2208.000 1.144
2209.000 1.132
2210.000 1.138
2211.000 1.107
2212.000 1.073
2213.000 1.079
2214.000 1.078
2215.000 1.071
2216.000 1.056
2217.000 1.037
2218.000 1.014
2219.000 1.006
2220.000 0.988
2221.000 0.974
2222.000 0.995
2223.000 0.995
2224.000 0.994
2225.000 0.977
2226.000 0.962
2227.000 0.951
2228.000 0.942
2229.000 0.942
2230.000 0.952
2231.000 0.964
2232.000 0.943
2233.000 0.926
2234.000 0.944
2235.000 0.985
2236.000 1.027
2237.000 0.918
2238.000 0.966
2239.000 0.969
2240.000 0.978
2241.000 0.988
2242.000 0.983
2243.000 0.985
2244.000 0.985
2245.000 0.995
2246.000 1.027
2247.000 1.031
2248.000 1.045
2249.000 1.064
2250.000 1.099
2251.000 1.091
2252.000 1.105
2253.000 1.133
2254.000 1.173
2255.000 1.186
2256.000 1.217
2257.000 1.251
2258.000 1.289
2259.000 1.320
2260.000 1.388
2261.000 1.403
2262.000 1.504
2263.000 1.565
2264.000 1.630
2265.000 1.682
2266.000 1.783
2267.000 1.869
2268.000 2.006
2269.000 2.129
2270.000 2.285
2271.000 2.475
2272.000 2.703
2273.000 2.913
2274.000 3.047
2275.000 3.438
2276.000 3.583
2277.000 3.840
2278.000 4.064
2279.000 4.147
2280.000 4.077
2281.000 3.827
2282.000 3.399
2283.000 2.943
2284.000 2.538
2285.000 2.208
2286.000 2.085
2287.000 1.866
2288.000 1.650
2289.000 1.505
2290.000 1.332
2291.000 1.248
2292.000 1.145
2293.000 1.035
2294.000 0.964
2295.000 0.913
2296.000 0.839
2297.000 0.795
2298.000 0.720
2299.000 0.690
2300.000 0.667
2301.000 0.638
2302.000 0.569
2303.000 0.561
2304.000 0.527
2305.000 0.495
2306.000 0.489
2307.000 0.468
2308.000 0.445
2309.000 0.403
2310.000 0.397
2311.000 0.450
2312.000 0.396
2313.000 0.341
2314.000 0.325
2315.000 0.319
2316.000 0.314
2317.000 0.311
2318.000 0.295
2319.000 0.293
2320.000 0.282
2321.000 0.264
2322.000 0.264
2323.000 0.253
2324.000 0.246
2325.000 0.228
2326.000 0.228
2327.000 0.217
2328.000 0.213
2329.000 0.217
2330.000 0.206
2331.000 0.192
2332.000 0.185
2333.000 0.177
2334.000 0.184
2335.000 0.167
2336.000 0.170
2337.000 0.164
2338.000 0.166
2339.000 0.158
2340.000 0.152
2341.000 0.141
2342.000 0.148
2343.000 0.135
2344.000 0.141
2345.000 0.147
2346.000 0.134
2347.000 0.137
2348.000 0.133
2349.000 0.125
2350.000 0.131
2351.000 0.116
2352.000 0.116
2353.000 0.119
2354.000 0.110
2355.000 0.105
2356.000 0.110
2357.000 0.105
2358.000 0.102
2359.000 0.100
2360.000 0.097
2361.000 0.101
2362.000 0.090
2363.000 0.091
2364.000 0.094
2365.000 0.086
2366.000 0.091
2367.000 0.089
2368.000 0.085
2369.000 0.084
2370.000 0.079
2371.000 0.085
2372.000 0.078
2373.000 0.073
2374.000 0.074
2375.000 0.077
2376.000 0.077
2377.000 0.070
2378.000 0.071
2379.000 0.075
2380.000 0.069
2381.000 0.069
2382.000 0.068
2383.000 0.066
2384.000 0.062
2385.000 0.063
2386.000 0.072
2387.000 0.062
2388.000 0.066
2389.000 0.061
2390.000 0.061
2391.000 0.057
2392.000 0.056
2393.000 0.064
2394.000 0.055
2395.000 0.062
2396.000 0.051
2397.000 0.061
2398.000 0.062
2399.000 0.059
2400.000 0.049
2401.000 0.054
2402.000 0.051
2403.000 0.049
2404.000 0.057
2405.000 0.050
2406.000 0.051
2407.000 0.045
2408.000 0.051
2409.000 0.048
2410.000 0.047
2411.000 0.044
2412.000 0.050
2413.000 0.045
2414.000 0.043
2415.000 0.044
2416.000 0.044
2417.000 0.041
2418.000 0.045
2419.000 0.038
2420.000 0.038
2421.000 0.040
2422.000 0.040
2423.000 0.040
2424.000 0.042
2425.000 0.048
2426.000 0.047
2427.000 0.048
2428.000 0.040
2429.000 0.044
2430.000 0.035
2431.000 0.038
2432.000 0.040
2433.000 0.038
2434.000 0.037
2435.000 0.043
2436.000 0.037
2437.000 0.036
2438.000 0.037
2439.000 0.035
2440.000 0.037
2441.000 0.036
2442.000 0.035
2443.000 0.031
2444.000 0.036
2445.000 0.037
2446.000 0.030
2447.000 0.034
2448.000 0.030
2449.000 0.032
2450.000 0.029
2451.000 0.034
2452.000 0.029
2453.000 0.032
2454.000 0.034
2455.000 0.031
2456.000 0.039
2457.000 0.034
2458.000 0.034
2459.000 0.035
2460.000 0.035
2461.000 0.030
2462.000 0.027
2463.000 0.030
2464.000 0.031
2465.000 0.029
2466.000 0.037
2467.000 0.026
2468.000 0.030
2469.000 0.026
2470.000 0.028
2471.000 0.024
2472.000 0.032
2473.000 0.026
2474.000 0.029
2475.000 0.024
2476.000 0.026
2477.000 0.029
2478.000 0.031
2479.000 0.031
2480.000 0.032
2481.000 0.028
2482.000 0.034
2483.000 0.032
2484.000 0.029
2485.000 0.031
2486.000 0.023
2487.000 0.026
2488.000 0.026
2489.000 0.031
2490.000 0.025
2491.000 0.031
2492.000 0.035
2493.000 0.027
2494.000 0.024
2495.000 0.025
2496.000 0.029
2497.000 0.027
2498.000 0.028
2499.000 0.030
2500.000 0.026
2501.000 0.028
2502.000 0.024
2503.000 0.029
2504.000 0.028
2505.000 0.025
2506.000 0.020
2507.000 0.028
2508.000 0.027
2509.000 0.023
2510.000 0.028
2511.000 0.029
2512.000 0.029
2513.000 0.027
2514.000 0.031
2515.000 0.023
2516.000 0.027
2517.000 0.031
2518.000 0.028
2519.000 0.032
2520.000 0.026
2521.000 0.027
2522.000 0.023
2523.000 0.027
2524.000 0.025
2525.000 0.028
2526.000 0.023
2527.000 0.026
2528.000 0.029
2529.000 0.026
2530.000 0.035
2531.000 0.024
2532.000 0.028
2533.000 0.025
2534.000 0.025
2535.000 0.033
2536.000 0.030
2537.000 0.028
2538.000 0.034
2539.000 0.026
2540.000 0.023
2541.000 0.027
2542.000 0.030
2543.000 0.027
2544.000 0.028
2545.000 0.033
2546.000 0.030
2547.000 0.028
2548.000 0.026
2549.000 0.027
2550.000 0.028
2551.000 0.031
2552.000 0.026
2553.000 0.035
2554.000 0.031
2555.000 0.030
2556.000 0.025
2557.000 0.027
2558.000 0.030
2559.000 0.026
2560.000 0.030
2561.000 0.032
2562.000 0.031
2563.000 0.031
2564.000 0.026
2565.000 0.030
2566.000 0.027
2567.000 0.032
2568.000 0.029
2569.000 0.030
2570.000 0.035
2571.000 0.034
2572.000 0.033
2573.000 0.036
2574.000 0.036
2575.000 0.027
2576.000 0.028
2577.000 0.031
2578.000 0.032
2579.000 0.034
2580.000 0.031
2581.000 0.043
2582.000 0.152
2583.000 0.043
2584.000 0.027
2585.000 0.031
2586.000 0.033
2587.000 0.036
2588.000 0.031
2589.000 0.037
2590.000 0.031
2591.000 0.034
2592.000 0.028
2593.000 0.036
2594.000 0.032
2595.000 0.032
2596.000 0.032
2597.000 0.032
2598.000 0.034
2599.000 0.031
2600.000 0.032
