1801.000 0.167
1802.000 0.171
1803.000 0.173
1804.000 0.180
1805.000 0.173
1806.000 0.176
1807.000 0.171
1808.000 0.176
1809.000 0.179
1810.000 0.178
1811.000 0.178
1812.000 0.181
1813.000 0.184
1814.000 0.187
1815.000 0.184
1816.000 0.180
1817.000 0.186
1818.000 0.181
1819.000 0.187
1820.000 0.194
1821.000 0.188
1822.000 0.187
1823.000 0.197
1824.000 0.193
1825.000 0.200
1826.000 0.191
1827.000 0.191
1828.000 0.194
1829.000 0.190
1830.000 0.195
1831.000 0.196
1832.000 0.192
1833.000 0.195
1834.000 0.195
1835.000 0.197
1836.000 0.198
1837.000 0.202
1838.000 0.192
1839.000 0.205
1840.000 0.209
1841.000 0.208
1842.000 0.204
1843.000 0.208
1844.000 0.204
1845.000 0.204
1846.000 0.209
1847.000 0.213
1848.000 0.202
1849.000 0.214
1850.000 0.199
1851.000 0.214
1852.000 0.208
1853.000 0.208
1854.000 0.218
1855.000 0.214
1856.000 0.208
1857.000 0.209
1858.000 0.210
1859.000 0.221
1860.000 0.221
1861.000 0.224
1862.000 0.222
1863.000 0.206
1864.000 0.207
1865.000 0.216
1866.000 0.208
1867.000 0.216
1868.000 0.225
1869.000 0.232
1870.000 0.217
1871.000 0.212
1872.000 0.229
1873.000 0.225
1874.000 0.220
1875.000 0.220
1876.000 0.217
1877.000 0.212
1878.000 0.222
1879.000 0.228
1880.000 0.210
1881.000 0.234
1882.000 0.215
1883.000 0.230
1884.000 0.224
1885.000 0.214
1886.000 0.227
1887.000 0.229
1888.000 0.233
1889.000 0.229
1890.000 0.230
1891.000 0.220
1892.000 0.230
1893.000 0.233
1894.000 0.229
1895.000 0.225
1896.000 0.225
1897.000 0.226
1898.000 0.227
1899.000 0.240
1900.000 0.236
1901.000 0.219
1902.000 0.236
1903.000 0.237
1904.000 0.226
1905.000 0.244
1906.000 0.241
1907.000 0.240
1908.000 0.239
1909.000 0.225
1910.000 0.227
1911.000 0.246
1912.000 0.231
1913.000 0.236
1914.000 0.233
1915.000 0.242
1916.000 0.217
1917.000 0.248
1918.000 0.243
1919.000 0.246
1920.000 0.231
1921.000 0.225
1922.000 0.233
1923.000 0.231
1924.000 0.233
1925.000 0.253
1926.000 0.252
1927.000 0.228
1928.000 0.246
1929.000 0.248
1930.000 0.228
1931.000 0.251
1932.000 0.237
1933.000 0.251
1934.000 0.255
1935.000 0.237
1936.000 0.233
1937.000 0.223
1938.000 0.241
1939.000 0.233
1940.000 0.242
1941.000 0.246
1942.000 0.259
1943.000 0.235
1944.000 0.255
1945.000 0.231
1946.000 0.248
1947.000 0.236
1948.000 0.256
1949.000 0.240
1950.000 0.245
1951.000 0.260
1952.000 0.263
1953.000 0.263
1954.000 0.258
1955.000 0.261
1956.000 0.244
1957.000 0.245
1958.000 0.249
1959.000 0.250
1960.000 0.251
1961.000 0.232
1962.000 0.266
1963.000 0.244
1964.000 0.259
1965.000 0.262
1966.000 0.239
1967.000 0.277
1968.000 0.276
1969.000 0.244
1970.000 0.259
1971.000 0.259
1972.000 0.263
1973.000 0.264
1974.000 0.258
1975.000 0.257
1976.000 0.261
1977.000 0.266
1978.000 0.262
1979.000 0.258
1980.000 0.255
1981.000 0.260
1982.000 0.259
1983.000 0.259
1984.000 0.259
1985.000 0.260
1986.000 0.263
1987.000 0.254
1988.000 0.252
1989.000 0.260
1990.000 0.266
1991.000 0.271
1992.000 0.273
1993.000 0.269
1994.000 0.266
1995.000 0.269
1996.000 0.271
1997.000 0.266
1998.000 0.275
1999.000 0.276
2000.000 0.260
2001.000 0.280
2002.000 0.271
2003.000 0.279
2004.000 0.276
2005.000 0.284
2006.000 0.291
2007.000 0.281
2008.000 0.278
2009.000 0.282
2010.000 0.274
2011.000 0.287
2012.000 0.290
2013.000 0.275
2014.000 0.288
2015.000 0.286
2016.000 0.274
2017.000 0.282
2018.000 0.293
2019.000 0.292
2020.000 0.297
2021.000 0.300
2022.000 0.288
2023.000 0.293
2024.000 0.301
2025.000 0.300
2026.000 0.289
2027.000 0.295
2028.000 0.291
2029.000 0.303
2030.000 0.312
2031.000 0.306
2032.000 0.300
2033.000 0.303
2034.000 0.313
2035.000 0.309
2036.000 0.302
2037.000 0.307
2038.000 0.311
2039.000 0.323
2040.000 0.315
2041.000 0.319
2042.000 0.320
2043.000 0.324
2044.000 0.323
2045.000 0.335
2046.000 0.328
2047.000 0.332
2048.000 0.326
2049.000 0.341
2050.000 0.382
2051.000 0.342
2052.000 0.336
2053.000 0.332
2054.000 0.346
2055.000 0.354
2056.000 0.347
2057.000 0.348
2058.000 0.360
2059.000 0.359
2060.000 0.354
2061.000 0.370
2062.000 0.366
2063.000 0.362
2064.000 0.368
2065.000 0.368
2066.000 0.373
2067.000 0.376
2068.000 0.378
2069.000 0.386
2070.000 0.395
2071.000 0.386
2072.000 0.392
2073.000 0.410
2074.000 0.403
2075.000 0.406
2076.000 0.404
2077.000 0.398
2078.000 0.414
2079.000 0.433
2080.000 0.427
2081.000 0.422
2082.000 0.431
2083.000 0.422
2084.000 0.433
2085.000 0.441
2086.000 0.453
2087.000 0.469
2088.000 0.463
2089.000 0.473
2090.000 0.484
2091.000 0.467
2092.000 0.490
2093.000 0.491
2094.000 0.493
2095.000 0.498
2096.000 0.509
2097.000 0.517
2098.000 0.525
2099.000 0.538
2100.000 0.542
2101.000 0.543
2102.000 0.555
2103.000 0.548
2104.000 0.581
2105.000 0.578
2106.000 0.591
2107.000 0.599
2108.000 0.599
2109.000 0.620
2110.000 0.631
2111.000 0.622
2112.000 0.651
2113.000 0.656
2114.000 0.669
2115.000 0.689
2116.000 0.690
2117.000 0.713
2118.000 0.715
2119.000 0.735
2120.000 0.745
2121.000 0.781
2122.000 0.777
2123.000 0.812
2124.000 0.832
2125.000 0.834
2126.000 0.874
2127.000 0.870
2128.000 0.901
2129.000 0.922
2130.000 0.956
2131.000 0.983
2132.000 0.993
2133.000 1.024
2134.000 1.065
2135.000 1.102
2136.000 1.123
2137.000 1.159
2138.000 1.194
2139.000 1.239
2140.000 1.281
2141.000 1.317
2142.000 1.404
2143.000 1.433
2144.000 1.508
2145.000 1.567
2146.000 1.625
2147.000 1.711
2148.000 1.829
2149.000 1.865
2150.000 1.977
2151.000 2.108
2152.000 2.155
2153.000 2.284
2154.000 2.435
2155.000 2.558
2156.000 2.753
2157.000 2.945
2158.000 3.158
2159.000 3.399
2160.000 3.645
2161.000 3.963
2162.000 4.258
2163.000 4.607
2164.000 4.772
2165.000 5.103
2166.000 5.414
2167.000 5.612
2168.000 5.750
2169.000 5.756
2170.000 5.621
2171.000 5.439
2172.000 5.154
2173.000 4.822
2174.000 4.647
2175.000 4.316
2176.000 3.982
2177.000 3.691
2178.000 3.415
2179.000 3.161
2180.000 2.985
2181.000 2.824
2182.000 2.673
2183.000 2.534
2184.000 2.404
2185.000 2.291
2186.000 2.192
2187.000 2.138
2188.000 2.053
2189.000 1.990
2190.000 1.889
2191.000 1.849
2192.000 1.771
2193.000 1.735
2194.000 1.645
2195.000 1.621
2196.000 1.564
2197.000 1.543
2198.000 1.542
2199.000 1.480
2200.000 1.472
2201.000 1.407
2202.000 1.382
2203.000 1.382
2204.000 1.327
2205.000 1.299
2206.000 1.283
2207.000 1.259
2208.000 1.231
2209.000 1.226
2210.000 1.203
2211.000 1.196
2212.000 1.179
2213.000 1.200
2214.000 1.175
2215.000 1.148
2216.000 1.122
2217.000 1.132
2218.000 1.114
2219.000 1.108
2220.000 1.108
2221.000 1.112
2222.000 1.132
2223.000 1.093
2224.000 0.978
2225.000 1.063
2226.000 1.109
2227.000 1.089
2228.000 1.077
2229.000 1.082
2230.000 1.081
2231.000 1.074
2232.000 1.068
2233.000 1.100
2234.000 1.095
2235.000 1.086
2236.000 1.095
2237.000 1.096
2238.000 1.130
2239.000 1.122
2240.000 1.126
2241.000 1.140
2242.000 1.145
2243.000 1.166
2244.000 1.181
2245.000 1.191
2246.000 1.213
2247.000 1.218
2248.000 1.232
2249.000 1.257
2250.000 1.293
2251.000 1.322
2252.000 1.329
2253.000 1.366
2254.000 1.405
2255.000 1.448
2256.000 1.493
2257.000 1.542
2258.000 1.604
2259.000 1.641
2260.000 1.687
2261.000 1.755
2262.000 1.817
2263.000 1.905
2264.000 2.001
2265.000 2.081
2266.000 2.221
2267.000 2.375
2268.000 2.493
2269.000 2.686
2270.000 2.902
2271.000 3.013
2272.000 3.322
2273.000 3.604
2274.000 3.954
2275.000 4.287
2276.000 4.641
2277.000 4.942
2278.000 5.163
2279.000 5.248
2280.000 5.093
2281.000 4.710
2282.000 4.192
2283.000 3.655
2284.000 3.199
2285.000 2.993
2286.000 2.617
2287.000 2.352
2288.000 2.091
2289.000 1.912
2290.000 1.733
2291.000 1.607
2292.000 1.473
2293.000 1.363
2294.000 1.264
2295.000 1.168
2296.000 1.118
2297.000 1.085
2298.000 0.981
2299.000 0.952
2300.000 0.902
2301.000 0.855
2302.000 0.806
2303.000 0.767
2304.000 0.728
2305.000 0.692
2306.000 0.642
2307.000 0.631
2308.000 0.613
2309.000 0.589
2310.000 0.568
2311.000 0.537
2312.000 0.535
2313.000 0.503
2314.000 0.479
2315.000 0.464
2316.000 0.461
2317.000 0.433
2318.000 0.415
2319.000 0.408
2320.000 0.398
2321.000 0.368
2322.000 0.371
2323.000 0.368
2324.000 0.361
2325.000 0.334
2326.000 0.321
2327.000 0.322
2328.000 0.304
2329.000 0.311
2330.000 0.290
2331.000 0.281
2332.000 0.300
2333.000 0.275
2334.000 0.278
2335.000 0.264
2336.000 0.260
2337.000 0.248
2338.000 0.244
2339.000 0.242
2340.000 0.245
2341.000 0.231
2342.000 0.225
2343.000 0.220
2344.000 0.215
2345.000 0.200
2346.000 0.203
2347.000 0.198
2348.000 0.197
2349.000 0.190
2350.000 0.184
2351.000 0.179
2352.000 0.179
2353.000 0.171
2354.000 0.170
2355.000 0.167
2356.000 0.173
2357.000 0.161
2358.000 0.163
2359.000 0.161
2360.000 0.157
2361.000 0.158
2362.000 0.148
2363.000 0.147
2364.000 0.144
2365.000 0.139
2366.000 0.135
2367.000 0.137
2368.000 0.137
2369.000 0.132
2370.000 0.137
2371.000 0.133
2372.000 0.130
2373.000 0.127
2374.000 0.124
2375.000 0.124
2376.000 0.122
2377.000 0.120
2378.000 0.118
2379.000 0.114
2380.000 0.112
2381.000 0.117
2382.000 0.110
2383.000 0.113
2384.000 0.102
2385.000 0.106
2386.000 0.103
2387.000 0.107
2388.000 0.105
2389.000 0.103
2390.000 0.096
2391.000 0.100
2392.000 0.099
2393.000 0.102
2394.000 0.096
2395.000 0.097
2396.000 0.092
2397.000 0.093
2398.000 0.092
2399.000 0.091
2400.000 0.086
2401.000 0.095
2402.000 0.088
2403.000 0.082
2404.000 0.087
2405.000 0.082
2406.000 0.086
2407.000 0.085
2408.000 0.082
2409.000 0.076
2410.000 0.079
2411.000 0.083
2412.000 0.078
2413.000 0.076
2414.000 0.074
2415.000 0.072
2416.000 0.081
2417.000 0.074
2418.000 0.077
2419.000 0.073
2420.000 0.072
2421.000 0.068
2422.000 0.074
2423.000 0.072
2424.000 0.073
2425.000 0.073
2426.000 0.071
2427.000 0.066
2428.000 0.068
2429.000 0.070
2430.000 0.071
2431.000 0.065
2432.000 0.076
2433.000 0.077
2434.000 0.060
2435.000 0.061
2436.000 0.064
2437.000 0.063
2438.000 0.060
2439.000 0.060
2440.000 0.063
2441.000 0.063
2442.000 0.060
2443.000 0.065
2444.000 0.056
2445.000 0.061
2446.000 0.063
2447.000 0.059
2448.000 0.056
2449.000 0.059
2450.000 0.060
2451.000 0.056
2452.000 0.058
2453.000 0.060
2454.000 0.057
2455.000 0.055
2456.000 0.053
2457.000 0.051
2458.000 0.057
2459.000 0.061
2460.000 0.053
2461.000 0.061
2462.000 0.058
2463.000 0.052
2464.000 0.056
2465.000 0.051
2466.000 0.054
2467.000 0.052
2468.000 0.053
2469.000 0.056
2470.000 0.053
2471.000 0.051
2472.000 0.051
2473.000 0.052
2474.000 0.050
2475.000 0.054
2476.000 0.049
2477.000 0.048
2478.000 0.052
2479.000 0.051
2480.000 0.055
2481.000 0.049
2482.000 0.044
2483.000 0.051
2484.000 0.048
2485.000 0.049
2486.000 0.052
2487.000 0.051
2488.000 0.051
2489.000 0.053
2490.000 0.045
2491.000 0.049
2492.000 0.046
2493.000 0.048
2494.000 0.048
2495.000 0.059
2496.000 0.051
2497.000 0.055
2498.000 0.049
2499.000 0.051
2500.000 0.054
2501.000 0.046
2502.000 0.045
2503.000 0.051
2504.000 0.047
2505.000 0.045
2506.000 0.042
2507.000 0.048
2508.000 0.047
2509.000 0.049
2510.000 0.044
2511.000 0.049
2512.000 0.044
2513.000 0.050
2514.000 0.051
2515.000 0.043
2516.000 0.050
2517.000 0.049
2518.000 0.049
2519.000 0.047
2520.000 0.051
2521.000 0.045
2522.000 0.044
2523.000 0.045
2524.000 0.044
2525.000 0.045
2526.000 0.050
2527.000 0.043
2528.000 0.044
2529.000 0.044
2530.000 0.053
2531.000 0.053
2532.000 0.048
2533.000 0.049
2534.000 0.047
2535.000 0.046
2536.000 0.047
2537.000 0.048
2538.000 0.046
2539.000 0.043
2540.000 0.052
2541.000 0.049
2542.000 0.053
2543.000 0.045
2544.000 0.053
2545.000 0.046
2546.000 0.049
2547.000 0.053
2548.000 0.046
2549.000 0.047
2550.000 0.050
2551.000 0.050
2552.000 0.046
2553.000 0.049
2554.000 0.049
2555.000 0.050
2556.000 0.053
2557.000 0.052
2558.000 0.048
2559.000 0.045
2560.000 0.047
2561.000 0.046
2562.000 0.051
2563.000 0.047
2564.000 0.067
2565.000 0.050
2566.000 0.050
2567.000 0.056
2568.000 0.051
2569.000 0.049
2570.000 0.052
2571.000 0.050
2572.000 0.051
2573.000 0.055
2574.000 0.052
2575.000 0.051
2576.000 0.053
2577.000 0.052
2578.000 0.051
2579.000 0.051
2580.000 0.057
2581.000 0.046
2582.000 0.046
2583.000 0.050
2584.000 0.048
2585.000 0.054
2586.000 0.054
2587.000 0.053
2588.000 0.052
2589.000 0.055
2590.000 0.056
2591.000 0.053
2592.000 0.051
2593.000 0.050
2594.000 0.054
2595.000 0.060
2596.000 0.053
2597.000 0.057
2598.000 0.047
2599.000 0.059
2600.000 0.058
