1801.000 0.104
1802.000 0.223
1803.000 0.215
1804.000 0.217
1805.000 0.218
1806.000 0.213
1807.000 0.223
1808.000 0.226
1809.000 0.230
1810.000 0.222
1811.000 0.222
1812.000 0.223
1813.000 0.231
1814.000 0.228
1815.000 0.230
1816.000 0.236
1817.000 0.231
1818.000 0.234
1819.000 0.238
1820.000 0.233
1821.000 0.229
1822.000 0.236
1823.000 0.237
1824.000 0.234
1825.000 0.231
1826.000 0.240
1827.000 0.233
1828.000 0.240
1829.000 0.246
1830.000 0.249
1831.000 0.247
1832.000 0.243
1833.000 0.254
1834.000 0.246
1835.000 0.254
1836.000 0.253
1837.000 0.249
1838.000 0.250
1839.000 0.258
1840.000 0.254
1841.000 0.253
1842.000 0.260
1843.000 0.259
1844.000 0.260
1845.000 0.266
1846.000 0.257
1847.000 0.256
1848.000 0.258
1849.000 0.258
1850.000 0.267
1851.000 0.261
1852.000 0.263
1853.000 0.269
1854.000 0.274
1855.000 0.275
1856.000 0.269
1857.000 0.266
1858.000 0.262
1859.000 0.265
1860.000 0.264
1861.000 0.269
1862.000 0.268
1863.000 0.280
1864.000 0.266
1865.000 0.279
1866.000 0.284
1867.000 0.277
1868.000 0.287
1869.000 0.256
1870.000 0.281
1871.000 0.290
1872.000 0.280
1873.000 0.290
1874.000 0.281
1875.000 0.271
1876.000 0.277
1877.000 0.278
1878.000 0.299
1879.000 0.294
1880.000 0.299
1881.000 0.283
1882.000 0.291
1883.000 0.282
1884.000 0.304
1885.000 0.288
1886.000 0.276
1887.000 0.289
1888.000 0.294
1889.000 0.301
1890.000 0.303
1891.000 0.305
1892.000 0.305
1893.000 0.297
1894.000 0.281
1895.000 0.289
1896.000 0.312
1897.000 0.282
1898.000 0.296
1899.000 0.305
1900.000 0.287
1901.000 0.292
1902.000 0.305
1903.000 0.290
1904.000 0.288
1905.000 0.290
1906.000 0.298
1907.000 0.289
1908.000 0.288
1909.000 0.299
1910.000 0.305
1911.000 0.315
1912.000 0.301
1913.000 0.314
1914.000 0.309
1915.000 0.301
1916.000 0.306
1917.000 0.305
1918.000 0.314
1919.000 0.295
1920.000 0.296
1921.000 0.293
1922.000 0.287
1923.000 0.293
1924.000 0.290
1925.000 0.306
1926.000 0.307
1927.000 0.316
1928.000 0.298
1929.000 0.321
1930.000 0.319
1931.000 0.307
1932.000 0.306
1933.000 0.323
1934.000 0.306
1935.000 0.324
1936.000 0.320
1937.000 0.316
1938.000 0.305
1939.000 0.305
1940.000 0.335
1941.000 0.319
1942.000 0.316
1943.000 0.292
1944.000 0.329
1945.000 0.317
1946.000 0.300
1947.000 0.307
1948.000 0.317
1949.000 0.312
1950.000 0.299
1951.000 0.324
1952.000 0.323
1953.000 0.317
1954.000 0.324
1955.000 0.315
1956.000 0.325
1957.000 0.321
1958.000 0.321
1959.000 0.301
1960.000 0.311
1961.000 0.335
1962.000 0.309
1963.000 0.340
1964.000 0.306
1965.000 0.330
1966.000 0.340
1967.000 0.319
1968.000 0.308
1969.000 0.324
1970.000 0.298
1971.000 0.313
1972.000 0.328
1973.000 0.314
1974.000 0.320
1975.000 0.327
1976.000 0.333
1977.000 0.319
1978.000 0.333
1979.000 0.325
1980.000 0.324
1981.000 0.330
1982.000 0.324
1983.000 0.326
1984.000 0.347
1985.000 0.330
1986.000 0.328
1987.000 0.313
1988.000 0.337
1989.000 0.333
1990.000 0.336
1991.000 0.344
1992.000 0.321
1993.000 0.337
1994.000 0.339
1995.000 0.340
1996.000 0.333
1997.000 0.338
1998.000 0.357
1999.000 0.342
2000.000 0.347
2001.000 0.333
2002.000 0.342
2003.000 0.343
2004.000 0.331
2005.000 0.348
2006.000 0.344
2007.000 0.351
2008.000 0.357
2009.000 0.344
2010.000 0.368
2011.000 0.359
2012.000 0.370
2013.000 0.349
2014.000 0.342
2015.000 0.366
2016.000 0.360
2017.000 0.371
2018.000 0.373
2019.000 0.361
2020.000 0.369
2021.000 0.368
2022.000 0.366
2023.000 0.364
2024.000 0.373
2025.000 0.372
2026.000 0.371
2027.000 0.389
2028.000 0.369
2029.000 0.389
2030.000 0.389
2031.000 0.380
2032.000 0.377
2033.000 0.382
2034.000 0.382
2035.000 0.393
2036.000 0.391
2037.000 0.392
2038.000 0.389
2039.000 0.387
2040.000 0.402
2041.000 0.391
2042.000 0.407
2043.000 0.396
2044.000 0.414
2045.000 0.404
2046.000 0.403
2047.000 0.413
2048.000 0.412
2049.000 0.416
2050.000 0.421
2051.000 0.426
2052.000 0.437
2053.000 0.435
2054.000 0.415
2055.000 0.431
2056.000 0.435
2057.000 0.437
2058.000 0.423
2059.000 0.439
2060.000 0.443
2061.000 0.439
2062.000 0.456
2063.000 0.445
2064.000 0.447
2065.000 0.451
2066.000 0.454
2067.000 0.461
2068.000 0.459
2069.000 0.481
2070.000 0.460
2071.000 0.478
2072.000 0.478
2073.000 0.481
2074.000 0.474
2075.000 0.497
2076.000 0.490
2077.000 0.498
2078.000 0.508
2079.000 0.501
2080.000 0.500
2081.000 0.516
2082.000 0.529
2083.000 0.520
2084.000 0.530
2085.000 0.520
2086.000 0.530
2087.000 0.559
2088.000 0.556
2089.000 0.548
2090.000 0.568
2091.000 0.556
2092.000 0.580
2093.000 0.630
2094.000 0.580
2095.000 0.602
2096.000 0.593
2097.000 0.597
2098.000 0.608
2099.000 0.604
2100.000 0.635
2101.000 0.625
2102.000 0.644
2103.000 0.664
2104.000 0.651
2105.000 0.667
2106.000 0.663
2107.000 0.679
2108.000 0.682
2109.000 0.701
2110.000 0.722
2111.000 0.743
2112.000 0.757
2113.000 0.756
2114.000 0.815
2115.000 0.763
2116.000 0.791
2117.000 0.813
2118.000 0.825
2119.000 0.822
2120.000 0.861
2121.000 0.870
2122.000 0.886
2123.000 0.884
2124.000 0.930
2125.000 0.949
2126.000 0.951
2127.000 0.989
2128.000 1.014
2129.000 1.001
2130.000 1.077
2131.000 1.017
2132.000 1.152
2133.000 1.144
2134.000 1.187
2135.000 1.201
2136.000 1.260
2137.000 1.274
2138.000 1.335
2139.000 1.355
2140.000 1.446
2141.000 1.523
2142.000 1.490
2143.000 1.613
2144.000 1.635
2145.000 1.691
2146.000 1.777
2147.000 1.818
2148.000 1.881
2149.000 2.054
2150.000 2.094
2151.000 2.195
2152.000 2.393
2153.000 2.550
2154.000 2.613
2155.000 2.860
2156.000 2.972
2157.000 3.276
2158.000 3.344
2159.000 3.602
2160.000 3.859
2161.000 4.230
2162.000 4.585
2163.000 4.962
2164.000 5.347
2165.000 5.692
2166.000 5.833
2167.000 6.074
2168.000 6.199
2169.000 6.196
2170.000 5.943
2171.000 5.675
2172.000 5.296
2173.000 4.860
2174.000 4.396
2175.000 4.106
2176.000 3.783
2177.000 3.628
2178.000 3.381
2179.000 3.021
2180.000 2.909
2181.000 2.761
2182.000 2.562
2183.000 2.442
2184.000 2.287
2185.000 2.194
2186.000 2.141
2187.000 2.063
2188.000 1.823
2189.000 1.738
2190.000 1.796
2191.000 1.725
2192.000 1.653
2193.000 1.557
2194.000 1.561
2195.000 1.408
2196.000 1.446
2197.000 1.356
2198.000 1.374
2199.000 1.323
2200.000 1.310
2201.000 1.297
2202.000 1.247
2203.000 1.197
2204.000 1.205
2205.000 1.182
2206.000 1.113
2207.000 1.117
2208.000 1.113
2209.000 1.052
2210.000 1.034
2211.000 1.029
2212.000 1.017
2213.000 0.980
2214.000 0.972
2215.000 0.980
2216.000 0.970
2217.000 0.962
2218.000 0.930
2219.000 0.918
2220.000 0.915
2221.000 0.892
2222.000 0.895
2223.000 0.897
2224.000 0.896
2225.000 0.850
2226.000 0.846
2227.000 0.908
2228.000 0.844
2229.000 0.804
2230.000 0.855
2231.000 0.882
2232.000 0.844
2233.000 0.850
2234.000 0.845
2235.000 0.886
2236.000 0.845
2237.000 0.862
2238.000 0.823
2239.000 0.823
2240.000 0.834
2241.000 0.851
2242.000 0.850
2243.000 0.843
2244.000 0.873
2245.000 0.875
2246.000 0.886
2247.000 0.870
2248.000 0.888
2249.000 0.909
2250.000 0.914
2251.000 0.989
2252.000 0.954
2253.000 0.963
2254.000 1.031
2255.000 1.028
2256.000 1.149
2257.000 1.020
2258.000 1.075
2259.000 1.100
2260.000 1.139
2261.000 1.152
2262.000 1.223
2263.000 1.270
2264.000 1.314
2265.000 1.261
2266.000 1.493
2267.000 1.442
2268.000 1.638
2269.000 1.757
2270.000 1.777
2271.000 1.991
2272.000 2.098
2273.000 2.248
2274.000 2.440
2275.000 2.656
2276.000 2.869
2277.000 2.944
2278.000 3.088
2279.000 3.196
2280.000 3.126
2281.000 2.899
2282.000 2.584
2283.000 2.208
2284.000 1.872
2285.000 1.747
2286.000 1.253
2287.000 1.484
2288.000 1.158
2289.000 1.164
2290.000 1.357
2291.000 0.756
2292.000 0.793
2293.000 0.746
2294.000 0.714
2295.000 0.669
2296.000 0.613
2297.000 0.581
2298.000 0.502
2299.000 0.545
2300.000 0.426
2301.000 0.444
2302.000 0.428
2303.000 0.365
2304.000 0.424
2305.000 0.823
2306.000 0.387
2307.000 0.241
2308.000 0.281
2309.000 0.400
2310.000 0.259
2311.000 0.261
2312.000 0.254
2313.000 0.237
2314.000 0.233
2315.000 0.227
2316.000 0.203
2317.000 0.194
2318.000 0.182
2319.000 0.185
2320.000 0.173
2321.000 0.167
2322.000 0.164
2323.000 0.156
2324.000 0.149
2325.000 0.140
2326.000 0.143
2327.000 0.119
2328.000 0.131
2329.000 0.128
2330.000 0.122
2331.000 0.104
2332.000 0.169
2333.000 0.105
2334.000 0.113
2335.000 0.096
2336.000 0.100
2337.000 0.095
2338.000 0.093
2339.000 0.087
2340.000 0.082
2341.000 0.083
2342.000 0.083
2343.000 0.086
2344.000 0.074
2345.000 0.089
2346.000 0.092
2347.000 0.077
2348.000 0.064
2349.000 0.075
2350.000 0.061
2351.000 0.054
2352.000 0.069
2353.000 0.056
2354.000 0.078
2355.000 0.053
2356.000 0.056
2357.000 0.052
2358.000 0.054
2359.000 0.054
2360.000 0.058
2361.000 0.056
2362.000 0.057
2363.000 0.047
2364.000 0.104
2365.000 0.072
2366.000 0.051
2367.000 0.048
2368.000 0.066
2369.000 0.096
2370.000 0.047
2371.000 0.038
2372.000 0.035
2373.000 0.045
2374.000 0.051
2375.000 0.040
2376.000 0.037
2377.000 0.040
2378.000 0.032
2379.000 0.039
2380.000 0.032
2381.000 0.047
2382.000 0.030
2383.000 0.037
2384.000 0.030
2385.000 0.044
2386.000 0.032
2387.000 0.036
2388.000 0.042
2389.000 0.035
2390.000 0.030
2391.000 0.033
2392.000 0.034
2393.000 0.023
2394.000 0.022
2395.000 0.028
2396.000 0.028
2397.000 0.028
2398.000 0.031
2399.000 0.030
2400.000 0.021
2401.000 0.024
2402.000 0.021
2403.000 0.031
2404.000 0.028
2405.000 0.028
2406.000 0.020
2407.000 0.021
2408.000 0.022
2409.000 0.025
2410.000 0.018
2411.000 0.018
2412.000 0.017
2413.000 0.018
2414.000 0.019
2415.000 0.015
2416.000 0.038
2417.000 0.019
2418.000 0.029
2419.000 0.036
2420.000 0.022
2421.000 0.018
2422.000 0.028
2423.000 0.019
2424.000 0.023
2425.000 0.031
2426.000 0.028
2427.000 0.049
2428.000 0.018
2429.000 0.028
2430.000 0.015
2431.000 0.021
2432.000 0.102
2433.000 0.024
2434.000 0.014
2435.000 0.024
2436.000 0.012
2437.000 0.011
2438.000 0.017
2439.000 0.016
2440.000 0.015
2441.000 0.017
2442.000 0.015
2443.000 0.022
2444.000 0.016
2445.000 0.021
2446.000 0.019
2447.000 0.020
2448.000 0.016
2449.000 0.009
2450.000 0.034
2451.000 0.023
2452.000 0.007
2453.000 0.014
2454.000 0.010
2455.000 0.013
2456.000 0.013
2457.000 0.013
2458.000 0.016
2459.000 0.021
2460.000 0.015
2461.000 0.011
2462.000 0.014
2463.000 0.014
2464.000 0.012
2465.000 0.031
2466.000 0.012
2467.000 0.013
2468.000 0.018
2469.000 0.014
2470.000 0.010
2471.000 0.015
2472.000 0.014
2473.000 0.012
2474.000 0.017
2475.000 0.013
2476.000 0.013
2477.000 0.011
2478.000 0.010
2479.000 0.013
2480.000 0.008
2481.000 0.014
2482.000 0.012
2483.000 0.012
2484.000 0.014
2485.000 0.013
2486.000 0.013
2487.000 0.010
2488.000 0.008
2489.000 0.016
2490.000 0.010
2491.000 0.013
2492.000 0.011
2493.000 0.010
2494.000 0.013
2495.000 0.011
2496.000 0.009
2497.000 0.010
2498.000 0.016
2499.000 0.014
2500.000 0.011
2501.000 0.009
2502.000 0.010
2503.000 0.009
2504.000 0.015
2505.000 0.011
2506.000 0.012
2507.000 0.017
2508.000 0.015
2509.000 0.011
2510.000 0.011
2511.000 0.009
2512.000 0.013
2513.000 0.014
2514.000 0.010
2515.000 0.015
2516.000 0.014
2517.000 0.009
2518.000 0.012
2519.000 0.011
2520.000 0.011
2521.000 0.012
2522.000 0.012
2523.000 0.010
2524.000 0.011
2525.000 0.012
2526.000 0.012
2527.000 0.012
2528.000 0.012
2529.000 0.020
2530.000 0.016
2531.000 0.017
2532.000 0.014
2533.000 0.014
2534.000 0.007
2535.000 0.009
2536.000 0.011
2537.000 0.012
2538.000 0.012
2539.000 0.006
2540.000 0.011
2541.000 0.011
2542.000 0.010
2543.000 0.011
2544.000 0.009
2545.000 0.008
2546.000 0.011
2547.000 0.012
2548.000 0.013
2549.000 0.011
2550.000 0.011
2551.000 0.011
2552.000 0.008
2553.000 0.014
2554.000 0.011
2555.000 0.013
2556.000 0.013
2557.000 0.014
2558.000 0.016
2559.000 0.013
2560.000 0.008
2561.000 0.015
2562.000 0.015
2563.000 0.010
2564.000 0.015
2565.000 0.013
2566.000 0.012
2567.000 0.013
2568.000 0.020
2569.000 0.010
2570.000 0.012
2571.000 0.016
2572.000 0.012
2573.000 0.012
2574.000 0.014
2575.000 0.010
2576.000 0.016
2577.000 0.010
2578.000 0.012
2579.000 0.017
2580.000 0.013
2581.000 0.012
2582.000 0.017
2583.000 0.010
2584.000 0.014
2585.000 0.015
2586.000 0.015
2587.000 0.015
2588.000 0.018
2589.000 0.015
2590.000 0.016
2591.000 0.010
2592.000 0.016
2593.000 0.018
2594.000 0.012
2595.000 0.012
2596.000 0.013
2597.000 0.014
2598.000 0.013
2599.000 0.016
2600.000 0.016
