1801.000 0.220
1802.000 0.228
1803.000 0.226
1804.000 0.227
1805.000 0.228
1806.000 0.232
1807.000 0.230
1808.000 0.234
1809.000 0.232
1810.000 0.236
1811.000 0.234
1812.000 0.239
1813.000 0.239
1814.000 0.243
1815.000 0.234
1816.000 0.238
1817.000 0.238
1818.000 0.242
1819.000 0.243
1820.000 0.239
1821.000 0.239
1822.000 0.244
1823.000 0.251
1824.000 0.246
1825.000 0.247
1826.000 0.249
1827.000 0.249
1828.000 0.251
1829.000 0.254
1830.000 0.256
1831.000 0.262
1832.000 0.259
1833.000 0.249
1834.000 0.260
1835.000 0.253
1836.000 0.262
1837.000 0.256
1838.000 0.258
1839.000 0.263
1840.000 0.265
1841.000 0.261
1842.000 0.269
1843.000 0.271
1844.000 0.268
1845.000 0.270
1846.000 0.281
1847.000 0.278
1848.000 0.269
1849.000 0.280
1850.000 0.275
1851.000 0.275
1852.000 0.280
1853.000 0.280
1854.000 0.265
1855.000 0.276
1856.000 0.284
1857.000 0.280
1858.000 0.269
1859.000 0.268
1860.000 0.272
1861.000 0.284
1862.000 0.291
1863.000 0.288
1864.000 0.284
1865.000 0.278
1866.000 0.296
1867.000 0.293
1868.000 0.284
1869.000 0.292
1870.000 0.290
1871.000 0.291
1872.000 0.302
1873.000 0.298
1874.000 0.291
1875.000 0.287
1876.000 0.297
1877.000 0.299
1878.000 0.302
1879.000 0.300
1880.000 0.286
1881.000 0.308
1882.000 0.291
1883.000 0.298
1884.000 0.295
1885.000 0.314
1886.000 0.293
1887.000 0.302
1888.000 0.310
1889.000 0.309
1890.000 0.301
1891.000 0.292
1892.000 0.299
1893.000 0.299
1894.000 0.313
1895.000 0.321
1896.000 0.310
1897.000 0.293
1898.000 0.320
1899.000 0.291
1900.000 0.309
1901.000 0.297
1902.000 0.309
1903.000 0.307
1904.000 0.299
1905.000 0.317
1906.000 0.319
1907.000 0.315
1908.000 0.310
1909.000 0.308
1910.000 0.334
1911.000 0.340
1912.000 0.309
1913.000 0.297
1914.000 0.343
1915.000 0.304
1916.000 0.314
1917.000 0.323
1918.000 0.297
1919.000 0.332
1920.000 0.321
1921.000 0.307
1922.000 0.300
1923.000 0.299
1924.000 0.303
1925.000 0.305
1926.000 0.288
1927.000 0.314
1928.000 0.336
1929.000 0.327
1930.000 0.304
1931.000 0.343
1932.000 0.300
1933.000 0.339
1934.000 0.315
1935.000 0.329
1936.000 0.353
1937.000 0.334
1938.000 0.325
1939.000 0.325
1940.000 0.325
1941.000 0.311
1942.000 0.312
1943.000 0.313
1944.000 0.335
1945.000 0.337
1946.000 0.304
1947.000 0.327
1948.000 0.328
1949.000 0.341
1950.000 0.303
1951.000 0.324
1952.000 0.335
1953.000 0.326
1954.000 0.318
1955.000 0.329
1956.000 0.317
1957.000 0.318
1958.000 0.313
1959.000 0.359
1960.000 0.347
1961.000 0.319
1962.000 0.327
1963.000 0.336
1964.000 0.327
1965.000 0.341
1966.000 0.338
1967.000 0.316
1968.000 0.334
1969.000 0.336
1970.000 0.361
1971.000 0.340
1972.000 0.355
1973.000 0.352
1974.000 0.362
1975.000 0.340
1976.000 0.319
1977.000 0.347
1978.000 0.332
1979.000 0.348
1980.000 0.328
1981.000 0.344
1982.000 0.338
1983.000 0.330
1984.000 0.358
1985.000 0.374
1986.000 0.348
1987.000 0.337
1988.000 0.345
1989.000 0.334
1990.000 0.371
1991.000 0.362
1992.000 0.368
1993.000 0.328
1994.000 0.362
1995.000 0.372
1996.000 0.332
1997.000 0.363
1998.000 0.354
1999.000 0.334
2000.000 0.373
2001.000 0.350
2002.000 0.352
2003.000 0.346
2004.000 0.350
2005.000 0.349
2006.000 0.352
2007.000 0.354
2008.000 0.363
2009.000 0.359
2010.000 0.369
2011.000 0.384
2012.000 0.349
2013.000 0.379
2014.000 0.362
2015.000 0.365
2016.000 0.376
2017.000 0.389
2018.000 0.382
2019.000 0.379
2020.000 0.376
2021.000 0.367
2022.000 0.392
2023.000 0.382
2024.000 0.384
2025.000 0.383
2026.000 0.395
2027.000 0.400
2028.000 0.387
2029.000 0.403
2030.000 0.383
2031.000 0.390
2032.000 0.388
2033.000 0.408
2034.000 0.389
2035.000 0.399
2036.000 0.395
2037.000 0.399
2038.000 0.397
2039.000 0.399
2040.000 0.416
2041.000 0.411
2042.000 0.408
2043.000 0.419
2044.000 0.406
2045.000 0.424
2046.000 0.407
2047.000 0.421
2048.000 0.435
2049.000 0.427
2050.000 0.426
2051.000 0.424
2052.000 0.425
2053.000 0.436
2054.000 0.444
2055.000 0.445
2056.000 0.442
2057.000 0.446
2058.000 0.456
2059.000 0.443
2060.000 0.445
2061.000 0.458
2062.000 0.459
2063.000 0.444
2064.000 0.463
2065.000 0.469
2066.000 0.476
2067.000 0.481
2068.000 0.479
2069.000 0.484
2070.000 0.490
2071.000 0.488
2072.000 0.492
2073.000 0.490
2074.000 0.503
2075.000 0.504
2076.000 0.502
2077.000 0.516
2078.000 0.508
2079.000 0.547
2080.000 0.539
2081.000 0.525
2082.000 0.526
2083.000 0.529
2084.000 0.542
2085.000 0.542
2086.000 0.542
2087.000 0.558
2088.000 0.573
2089.000 0.568
2090.000 0.574
2091.000 0.579
2092.000 0.592
2093.000 0.594
2094.000 0.588
2095.000 0.613
2096.000 0.613
2097.000 0.616
2098.000 0.635
2099.000 0.646
2100.000 0.643
2101.000 0.645
2102.000 0.651
2103.000 0.668
2104.000 0.675
2105.000 0.690
2106.000 0.694
2107.000 0.701
2108.000 0.715
2109.000 0.712
2110.000 0.743
2111.000 0.741
2112.000 0.759
2113.000 0.774
2114.000 0.781
2115.000 0.792
2116.000 0.812
2117.000 0.834
2118.000 0.841
2119.000 0.854
2120.000 0.877
2121.000 0.903
2122.000 0.889
2123.000 0.911
2124.000 0.936
2125.000 0.955
2126.000 0.981
2127.000 1.004
2128.000 1.019
2129.000 1.065
2130.000 1.091
2131.000 1.094
2132.000 1.129
2133.000 1.156
2134.000 1.190
2135.000 1.231
2136.000 1.264
2137.000 1.310
2138.000 1.338
2139.000 1.380
2140.000 1.432
2141.000 1.496
2142.000 1.539
2143.000 1.580
2144.000 1.656
2145.000 1.690
2146.000 1.820
2147.000 1.902
2148.000 1.952
2149.000 2.014
2150.000 2.137
2151.000 2.241
2152.000 2.372
2153.000 2.489
2154.000 2.659
2155.000 2.808
2156.000 3.009
2157.000 3.239
2158.000 3.452
2159.000 3.600
2160.000 4.001
2161.000 4.223
2162.000 4.564
2163.000 4.922
2164.000 5.247
2165.000 5.647
2166.000 5.901
2167.000 6.067
2168.000 6.156
2169.000 6.081
2170.000 5.990
2171.000 5.695
2172.000 5.336
2173.000 4.923
2174.000 4.534
2175.000 4.136
2176.000 3.815
2177.000 3.520
2178.000 3.260
2179.000 3.048
2180.000 2.836
2181.000 2.755
2182.000 2.512
2183.000 2.429
2184.000 2.298
2185.000 2.184
2186.000 2.073
2187.000 1.976
2188.000 1.883
2189.000 1.798
2190.000 1.730
2191.000 1.672
2192.000 1.629
2193.000 1.561
2194.000 1.510
2195.000 1.447
2196.000 1.399
2197.000 1.391
2198.000 1.344
2199.000 1.310
2200.000 1.258
2201.000 1.247
2202.000 1.207
2203.000 1.177
2204.000 1.134
2205.000 1.127
2206.000 1.101
2207.000 1.104
2208.000 1.045
2209.000 1.044
2210.000 1.021
2211.000 0.986
2212.000 0.977
2213.000 0.989
2214.000 0.952
2215.000 0.957
2216.000 0.918
2217.000 0.918
2218.000 0.897
2219.000 0.896
2220.000 0.882
2221.000 0.868
2222.000 0.862
2223.000 0.843
2224.000 0.846
2225.000 0.823
2226.000 0.835
2227.000 0.825
2228.000 0.812
2229.000 0.824
2230.000 0.790
2231.000 0.805
2232.000 0.809
2233.000 0.800
2234.000 0.793
2235.000 0.792
2236.000 0.785
2237.000 0.792
2238.000 0.799
2239.000 0.789
2240.000 0.791
2241.000 0.797
2242.000 0.801
2243.000 0.796
2244.000 0.798
2245.000 0.819
2246.000 0.813
2247.000 0.824
2248.000 0.825
2249.000 0.868
2250.000 0.864
2251.000 0.859
2252.000 0.869
2253.000 0.899
2254.000 0.892
2255.000 0.891
2256.000 0.907
2257.000 0.944
2258.000 0.957
2259.000 0.999
2260.000 1.040
2261.000 1.076
2262.000 1.101
2263.000 1.142
2264.000 1.156
2265.000 1.222
2266.000 1.292
2267.000 1.332
2268.000 1.392
2269.000 1.537
2270.000 1.586
2271.000 1.736
2272.000 1.862
2273.000 1.969
2274.000 2.163
2275.000 2.322
2276.000 2.460
2277.000 2.627
2278.000 2.746
2279.000 2.777
2280.000 2.732
2281.000 2.595
2282.000 2.173
2283.000 2.037
2284.000 1.731
2285.000 1.492
2286.000 1.245
2287.000 1.130
2288.000 1.007
2289.000 0.892
2290.000 0.821
2291.000 0.747
2292.000 0.676
2293.000 0.637
2294.000 0.601
2295.000 0.559
2296.000 0.518
2297.000 0.465
2298.000 0.446
2299.000 0.406
2300.000 0.399
2301.000 0.410
2302.000 0.338
2303.000 0.333
2304.000 0.325
2305.000 0.290
2306.000 0.259
2307.000 0.269
2308.000 0.263
2309.000 0.238
2310.000 0.208
2311.000 0.215
2312.000 0.197
2313.000 0.183
2314.000 0.165
2315.000 0.158
2316.000 0.177
2317.000 0.170
2318.000 0.177
2319.000 0.138
2320.000 0.144
2321.000 0.179
2322.000 0.110
2323.000 0.120
2324.000 0.121
2325.000 0.115
2326.000 0.109
2327.000 0.101
2328.000 0.101
2329.000 0.087
2330.000 0.082
2331.000 0.085
2332.000 0.086
2333.000 0.113
2334.000 0.115
2335.000 0.066
2336.000 0.071
2337.000 0.098
2338.000 0.102
2339.000 0.079
2340.000 0.056
2341.000 0.145
2342.000 0.076
2343.000 0.183
2344.000 0.072
2345.000 0.063
2346.000 0.055
2347.000 0.055
2348.000 0.060
2349.000 0.055
2350.000 0.059
2351.000 0.038
2352.000 0.043
2353.000 0.044
2354.000 0.037
2355.000 0.045
2356.000 0.036
2357.000 0.031
2358.000 0.033
2359.000 0.036
2360.000 0.045
2361.000 0.062
2362.000 0.057
2363.000 0.077
2364.000 0.051
2365.000 0.133
2366.000 0.199
2367.000 0.093
2368.000 0.173
2369.000 0.144
2370.000 0.041
2371.000 0.051
2372.000 0.031
2373.000 0.028
2374.000 0.031
2375.000 0.021
2376.000 0.027
2377.000 0.060
2378.000 0.027
2379.000 0.018
2380.000 0.021
2381.000 0.027
2382.000 0.039
2383.000 0.094
2384.000 0.098
2385.000 0.119
2386.000 0.050
2387.000 0.076
2388.000 0.015
2389.000 0.017
2390.000 0.015
2391.000 0.015
2392.000 0.015
2393.000 0.019
2394.000 0.013
2395.000 0.017
2396.000 0.016
2397.000 0.017
2398.000 0.015
2399.000 0.021
2400.000 0.011
2401.000 0.021
2402.000 0.019
2403.000 0.014
2404.000 0.017
2405.000 0.098
2406.000 0.065
2407.000 0.032
2408.000 0.028
2409.000 0.019
2410.000 0.014
2411.000 0.020
2412.000 0.030
2413.000 0.009
2414.000 0.024
2415.000 0.011
2416.000 0.026
2417.000 0.070
2418.000 0.032
2419.000 0.034
2420.000 0.014
2421.000 0.009
2422.000 0.012
2423.000 0.015
2424.000 0.018
2425.000 0.025
2426.000 0.045
2427.000 0.006
2428.000 0.009
2429.000 0.014
2430.000 0.012
2431.000 0.020
2432.000 0.010
2433.000 0.039
2434.000 0.012
2435.000 0.011
2436.000 0.013
2437.000 0.009
2438.000 0.016
2439.000 0.017
2440.000 0.009
2441.000 0.012
2442.000 0.011
2443.000 0.009
2444.000 0.011
2445.000 0.009
2446.000 0.010
2447.000 0.009
2448.000 0.007
2449.000 0.014
2450.000 0.021
2451.000 0.018
2452.000 0.020
2453.000 0.010
2454.000 0.014
2455.000 0.012
2456.000 0.009
2457.000 0.009
2458.000 0.026
2459.000 0.012
2460.000 0.013
2461.000 0.013
2462.000 0.013
2463.000 0.007
2464.000 0.006
2465.000 0.012
2466.000 0.006
2467.000 0.032
2468.000 0.015
2469.000 0.013
2470.000 0.032
2471.000 0.014
2472.000 0.005
2473.000 0.009
2474.000 0.010
2475.000 0.010
2476.000 0.016
2477.000 0.008
2478.000 0.009
2479.000 0.007
2480.000 0.011
2481.000 0.009
2482.000 0.014
2483.000 0.007
2484.000 0.007
2485.000 0.008
2486.000 0.008
2487.000 0.007
2488.000 0.005
2489.000 0.010
2490.000 0.007
2491.000 0.007
2492.000 0.007
2493.000 0.007
2494.000 0.005
2495.000 0.004
2496.000 0.010
2497.000 0.010
2498.000 0.009
2499.000 0.010
2500.000 0.009
2501.000 0.009
2502.000 0.012
2503.000 0.007
2504.000 0.007
2505.000 0.009
2506.000 0.008
2507.000 0.010
2508.000 0.007
2509.000 0.012
2510.000 0.007
2511.000 0.007
2512.000 0.005
2513.000 0.007
2514.000 0.014
2515.000 0.008
2516.000 0.010
2517.000 0.013
2518.000 0.013
2519.000 0.012
2520.000 0.011
2521.000 0.010
2522.000 0.008
2523.000 0.007
2524.000 0.008
2525.000 0.009
2526.000 0.008
2527.000 0.011
2528.000 0.016
2529.000 0.006
2530.000 0.009
2531.000 0.011
2532.000 0.007
2533.000 0.007
2534.000 0.006
2535.000 0.006
2536.000 0.009
2537.000 0.008
2538.000 0.009
2539.000 0.008
2540.000 0.006
2541.000 0.008
2542.000 0.012
2543.000 0.009
2544.000 0.006
2545.000 0.008
2546.000 0.010
2547.000 0.008
2548.000 0.006
2549.000 0.009
2550.000 0.010
2551.000 0.009
2552.000 0.010
2553.000 0.015
2554.000 0.004
2555.000 0.008
2556.000 0.007
2557.000 0.011
2558.000 0.006
2559.000 0.007
2560.000 0.009
2561.000 0.005
2562.000 0.010
2563.000 0.008
2564.000 0.008
2565.000 0.007
2566.000 0.012
2567.000 0.009
2568.000 0.007
2569.000 0.008
2570.000 0.009
2571.000 0.007
2572.000 0.008
2573.000 0.007
2574.000 0.009
2575.000 0.007
2576.000 0.008
2577.000 0.011
2578.000 0.013
2579.000 0.011
2580.000 0.012
2581.000 0.008
2582.000 0.013
2583.000 0.007
2584.000 0.013
2585.000 0.008
2586.000 0.012
2587.000 0.007
2588.000 0.006
2589.000 0.010
2590.000 0.007
2591.000 0.012
2592.000 0.009
2593.000 0.008
2594.000 0.006
2595.000 0.007
2596.000 0.007
2597.000 0.007
2598.000 0.009
2599.000 0.011
2600.000 0.011
