1801.000 0.252
1802.000 0.245
1803.000 0.259
1804.000 0.248
1805.000 0.275
1806.000 0.248
1807.000 0.259
1808.000 0.267
1809.000 0.264
1810.000 0.265
1811.000 0.256
1812.000 0.256
1813.000 0.261
1814.000 0.259
1815.000 0.265
1816.000 0.269
1817.000 0.267
1818.000 0.267
1819.000 0.270
1820.000 0.276
1821.000 0.274
1822.000 0.280
1823.000 0.276
1824.000 0.268
1825.000 0.276
1826.000 0.281
1827.000 0.283
1828.000 0.288
1829.000 0.277
1830.000 0.284
1831.000 0.280
1832.000 0.281
1833.000 0.290
1834.000 0.295
1835.000 0.285
1836.000 0.286
1837.000 0.288
1838.000 0.292
1839.000 0.305
1840.000 0.291
1841.000 0.288
1842.000 0.291
1843.000 0.291
1844.000 0.293
1845.000 0.302
1846.000 0.292
1847.000 0.297
1848.000 0.289
1849.000 0.294
1850.000 0.306
1851.000 0.291
1852.000 0.310
1853.000 0.302
1854.000 0.299
1855.000 0.331
1856.000 0.303
1857.000 0.302
1858.000 0.293
1859.000 0.303
1860.000 0.308
1861.000 0.304
1862.000 0.312
1863.000 0.317
1864.000 0.347
1865.000 0.324
1866.000 0.314
1867.000 0.333
1868.000 0.309
1869.000 0.318
1870.000 0.308
1871.000 0.330
1872.000 0.322
1873.000 0.306
1874.000 0.318
1875.000 0.333
1876.000 0.325
1877.000 0.328
1878.000 0.319
1879.000 0.327
1880.000 0.367
1881.000 0.323
1882.000 0.337
1883.000 0.312
1884.000 0.335
1885.000 0.320
1886.000 0.348
1887.000 0.339
1888.000 0.324
1889.000 0.318
1890.000 0.329
1891.000 0.338
1892.000 0.337
1893.000 0.334
1894.000 0.342
1895.000 0.265
1896.000 0.353
1897.000 0.300
1898.000 0.321
1899.000 0.361
1900.000 0.323
1901.000 0.365
1902.000 0.330
1903.000 0.313
1904.000 0.364
1905.000 0.404
1906.000 0.344
1907.000 0.358
1908.000 0.364
1909.000 0.359
1910.000 0.337
1911.000 0.331
1912.000 0.358
1913.000 0.362
1914.000 0.322
1915.000 0.362
1916.000 0.338
1917.000 0.370
1918.000 0.348
1919.000 0.338
1920.000 0.333
1921.000 0.382
1922.000 0.377
1923.000 0.364
1924.000 0.639
1925.000 0.366
1926.000 0.359
1927.000 0.358
1928.000 0.364
1929.000 0.378
1930.000 0.363
1931.000 0.347
1932.000 0.371
1933.000 0.356
1934.000 0.355
1935.000 0.355
1936.000 0.348
1937.000 0.645
1938.000 0.350
1939.000 0.353
1940.000 0.364
1941.000 0.335
1942.000 0.352
1943.000 0.388
1944.000 0.393
1945.000 0.359
1946.000 0.371
1947.000 0.340
1948.000 0.365
1949.000 0.365
1950.000 0.400
1951.000 0.358
1952.000 0.349
1953.000 0.371
1954.000 0.374
1955.000 0.354
1956.000 0.372
1957.000 0.377
1958.000 0.362
1959.000 0.375
1960.000 0.379
1961.000 0.379
1962.000 0.357
1963.000 0.378
1964.000 0.333
1965.000 0.389
1966.000 0.364
1967.000 0.368
1968.000 0.360
1969.000 0.381
1970.000 0.395
1971.000 0.380
1972.000 0.366
1973.000 0.381
1974.000 0.384
1975.000 0.387
1976.000 0.383
1977.000 0.380
1978.000 0.390
1979.000 0.375
1980.000 0.378
1981.000 0.364
1982.000 0.366
1983.000 0.390
1984.000 0.377
1985.000 0.351
1986.000 0.360
1987.000 0.370
1988.000 0.355
1989.000 0.376
1990.000 0.363
1991.000 0.372
1992.000 0.397
1993.000 0.388
1994.000 0.386
1995.000 0.393
1996.000 0.384
1997.000 0.392
1998.000 0.379
1999.000 0.394
2000.000 0.410
2001.000 0.410
2002.000 0.387
2003.000 0.406
2004.000 0.403
2005.000 0.402
2006.000 0.377
2007.000 0.400
2008.000 0.403
2009.000 0.405
2010.000 0.392
2011.000 0.412
2012.000 0.400
2013.000 0.429
2014.000 0.396
2015.000 0.402
2016.000 0.424
2017.000 0.412
2018.000 0.401
2019.000 0.418
2020.000 0.415
2021.000 0.399
2022.000 0.419
2023.000 0.422
2024.000 0.423
2025.000 0.412
2026.000 0.410
2027.000 0.441
2028.000 0.442
2029.000 0.425
2030.000 0.442
2031.000 0.427
2032.000 0.421
2033.000 0.433
2034.000 0.432
2035.000 0.440
2036.000 0.451
2037.000 0.453
2038.000 0.441
2039.000 0.443
2040.000 0.445
2041.000 0.462
2042.000 0.450
2043.000 0.445
2044.000 0.448
2045.000 0.458
2046.000 0.444
2047.000 0.478
2048.000 0.468
2049.000 0.460
2050.000 0.452
2051.000 0.457
2052.000 0.463
2053.000 0.464
2054.000 0.477
2055.000 0.480
2056.000 0.491
2057.000 0.485
2058.000 0.483
2059.000 0.492
2060.000 0.496
2061.000 0.488
2062.000 0.520
2063.000 0.508
2064.000 0.502
2065.000 0.505
2066.000 0.498
2067.000 0.519
2068.000 0.511
2069.000 0.511
2070.000 0.518
2071.000 0.524
2072.000 0.521
2073.000 0.537
2074.000 0.541
2075.000 0.536
2076.000 0.534
2077.000 0.548
2078.000 0.549
2079.000 0.547
2080.000 0.616
2081.000 0.568
2082.000 0.569
2083.000 0.572
2084.000 0.584
2085.000 0.564
2086.000 0.602
2087.000 0.610
2088.000 0.616
2089.000 0.610
2090.000 0.606
2091.000 0.631
2092.000 0.627
2093.000 0.635
2094.000 0.640
2095.000 0.639
2096.000 0.644
2097.000 0.667
2098.000 0.666
2099.000 0.674
2100.000 0.686
2101.000 0.699
2102.000 0.701
2103.000 0.701
2104.000 0.700
2105.000 0.790
2106.000 0.737
2107.000 0.739
2108.000 0.740
2109.000 0.771
2110.000 0.782
2111.000 0.796
2112.000 0.809
2113.000 0.804
2114.000 0.821
2115.000 0.844
2116.000 0.838
2117.000 0.872
2118.000 0.884
2119.000 0.887
2120.000 0.909
2121.000 0.942
2122.000 0.941
2123.000 0.967
2124.000 0.965
2125.000 0.977
2126.000 1.043
2127.000 1.021
2128.000 1.077
2129.000 1.100
2130.000 1.115
2131.000 1.131
2132.000 1.179
2133.000 1.205
2134.000 1.253
2135.000 2.597
2136.000 1.434
2137.000 1.270
2138.000 1.220
2139.000 1.412
2140.000 1.490
2141.000 1.516
2142.000 1.560
2143.000 1.607
2144.000 1.681
2145.000 1.759
2146.000 1.823
2147.000 1.921
2148.000 2.012
2149.000 2.089
2150.000 2.132
2151.000 2.310
2152.000 2.366
2153.000 2.513
2154.000 2.641
2155.000 2.811
2156.000 2.990
2157.000 3.182
2158.000 3.412
2159.000 3.668
2160.000 3.922
2161.000 4.241
2162.000 4.386
2163.000 4.789
2164.000 5.301
2165.000 5.465
2166.000 5.746
2167.000 5.945
2168.000 6.053
2169.000 6.021
2170.000 5.785
2171.000 5.527
2172.000 5.118
2173.000 4.899
2174.000 4.332
2175.000 4.130
2176.000 3.634
2177.000 3.511
2178.000 3.232
2179.000 2.969
2180.000 2.820
2181.000 2.561
2182.000 2.403
2183.000 2.282
2184.000 2.148
2185.000 2.030
2186.000 1.927
2187.000 1.860
2188.000 1.791
2189.000 1.741
2190.000 1.659
2191.000 1.587
2192.000 1.540
2193.000 1.472
2194.000 1.416
2195.000 1.345
2196.000 1.324
2197.000 1.261
2198.000 1.222
2199.000 1.204
2200.000 1.160
2201.000 1.129
2202.000 1.105
2203.000 1.056
2204.000 1.053
2205.000 1.012
2206.000 0.978
2207.000 0.969
2208.000 0.934
2209.000 0.916
2210.000 0.922
2211.000 0.890
2212.000 0.881
2213.000 0.865
2214.000 0.831
2215.000 0.816
2216.000 0.801
2217.000 0.790
2218.000 0.778
2219.000 0.763
2220.000 0.761
2221.000 0.730
2222.000 0.736
2223.000 0.717
2224.000 0.709
2225.000 0.709
2226.000 0.693
2227.000 0.685
2228.000 0.696
2229.000 0.659
2230.000 0.649
2231.000 0.656
2232.000 0.647
2233.000 0.635
2234.000 0.630
2235.000 0.634
2236.000 0.635
2237.000 0.627
2238.000 0.615
2239.000 0.620
2240.000 0.605
2241.000 0.610
2242.000 0.607
2243.000 0.609
2244.000 0.597
2245.000 0.604
2246.000 0.608
2247.000 0.595
2248.000 0.599
2249.000 0.602
2250.000 0.598
2251.000 0.600
2252.000 0.619
2253.000 0.632
2254.000 0.617
2255.000 0.623
2256.000 0.630
2257.000 0.642
2258.000 0.653
2259.000 0.664
2260.000 0.680
2261.000 0.676
2262.000 0.705
2263.000 0.701
2264.000 0.729
2265.000 0.758
2266.000 0.784
2267.000 0.820
2268.000 0.864
2269.000 0.892
2270.000 0.916
2271.000 1.008
2272.000 1.028
2273.000 1.141
2274.000 1.187
2275.000 1.268
2276.000 1.357
2277.000 1.439
2278.000 1.496
2279.000 1.516
2280.000 1.472
2281.000 1.319
2282.000 1.144
2283.000 1.066
2284.000 0.807
2285.000 0.681
2286.000 0.635
2287.000 0.548
2288.000 0.473
2289.000 0.415
2290.000 0.353
2291.000 0.317
2292.000 0.276
2293.000 0.253
2294.000 0.226
2295.000 0.194
2296.000 0.173
2297.000 0.161
2298.000 0.149
2299.000 0.134
2300.000 0.126
2301.000 0.104
2302.000 0.100
2303.000 0.084
2304.000 0.088
2305.000 0.075
2306.000 0.067
2307.000 0.063
2308.000 0.070
2309.000 0.046
2310.000 0.101
2311.000 0.047
2312.000 0.050
2313.000 0.048
2314.000 0.039
2315.000 0.025
2316.000 0.029
2317.000 0.040
2318.000 0.020
2319.000 0.038
2320.000 0.032
2321.000 0.029
2322.000 0.022
2323.000 0.024
2324.000 0.020
2325.000 0.026
2326.000 0.032
2327.000 0.035
2328.000 0.077
2329.000 0.038
2330.000 0.047
2331.000 0.039
2332.000 0.030
2333.000 0.033
2334.000 0.057
2335.000 0.054
2336.000 0.034
2337.000 0.034
2338.000 0.039
2339.000 0.040
2340.000 0.034
2341.000 0.036
2342.000 0.038
2343.000 0.032
2344.000 0.043
2345.000 0.060
2346.000 0.043
2347.000 0.078
2348.000 0.040
2349.000 0.038
2350.000 0.036
2351.000 0.043
2352.000 0.037
2353.000 0.041
2354.000 0.037
2355.000 0.034
2356.000 0.038
2357.000 0.036
2358.000 0.031
2359.000 0.038
2360.000 0.037
2361.000 0.039
2362.000 0.040
2363.000 0.038
2364.000 0.038
2365.000 0.042
2366.000 0.048
2367.000 0.037
2368.000 0.041
2369.000 0.037
2370.000 0.039
2371.000 0.039
2372.000 0.048
2373.000 0.413
2374.000 0.154
2375.000 0.035
2376.000 0.045
2377.000 0.041
2378.000 0.038
2379.000 0.039
2380.000 0.038
2381.000 0.039
2382.000 0.035
2383.000 0.041
2384.000 0.042
2385.000 0.038
2386.000 0.035
2387.000 0.040
2388.000 0.041
2389.000 0.037
2390.000 0.041
2391.000 0.035
2392.000 0.042
2393.000 0.034
2394.000 0.037
2395.000 0.039
2396.000 0.032
2397.000 0.039
2398.000 0.034
2399.000 0.036
2400.000 0.036
2401.000 0.033
2402.000 0.032
2403.000 0.039
2404.000 0.037
2405.000 0.035
2406.000 0.037
2407.000 0.032
2408.000 0.034
2409.000 0.036
2410.000 0.035
2411.000 0.036
2412.000 0.032
2413.000 0.035
2414.000 0.035
2415.000 0.031
2416.000 0.035
2417.000 0.034
2418.000 0.036
2419.000 0.037
2420.000 0.031
2421.000 0.035
2422.000 0.035
2423.000 0.033
2424.000 0.037
2425.000 0.030
2426.000 0.033
2427.000 0.030
2428.000 0.033
2429.000 0.034
2430.000 0.029
2431.000 0.031
2432.000 0.028
2433.000 0.032
2434.000 0.035
2435.000 0.033
2436.000 0.032
2437.000 0.034
2438.000 0.031
2439.000 0.033
2440.000 0.029
2441.000 0.031
2442.000 0.035
2443.000 0.027
2444.000 0.031
2445.000 0.035
2446.000 0.032
2447.000 0.028
2448.000 0.029
2449.000 0.033
2450.000 0.033
2451.000 0.031
2452.000 0.028
2453.000 0.028
2454.000 0.031
2455.000 0.033
2456.000 0.032
2457.000 0.026
2458.000 0.031
2459.000 0.030
2460.000 0.026
2461.000 0.029
2462.000 0.032
2463.000 0.033
2464.000 0.026
2465.000 0.029
2466.000 0.031
2467.000 0.027
2468.000 0.029
2469.000 0.027
2470.000 0.029
2471.000 0.027
2472.000 0.028
2473.000 0.028
2474.000 0.030
2475.000 0.024
2476.000 0.032
2477.000 0.029
2478.000 0.032
2479.000 0.025
2480.000 0.027
2481.000 0.021
2482.000 0.027
2483.000 0.025
2484.000 0.027
2485.000 0.027
2486.000 0.031
2487.000 0.030
2488.000 0.026
2489.000 0.030
2490.000 0.024
2491.000 0.023
2492.000 0.023
2493.000 0.022
2494.000 0.030
2495.000 0.028
2496.000 0.026
2497.000 0.022
2498.000 0.032
2499.000 0.028
2500.000 0.026
2501.000 0.025
2502.000 0.024
2503.000 0.029
2504.000 0.027
2505.000 0.025
2506.000 0.028
2507.000 0.025
2508.000 0.024
2509.000 0.023
2510.000 0.027
2511.000 0.032
2512.000 0.023
2513.000 0.024
2514.000 0.022
2515.000 0.025
2516.000 0.027
2517.000 0.023
2518.000 0.027
2519.000 0.026
2520.000 0.029
2521.000 0.030
2522.000 0.026
2523.000 0.022
2524.000 0.027
2525.000 0.023
2526.000 0.026
2527.000 0.025
2528.000 0.021
2529.000 0.028
2530.000 0.030
2531.000 0.029
2532.000 0.023
2533.000 0.025
2534.000 0.022
2535.000 0.029
2536.000 0.023
2537.000 0.026
2538.000 0.026
2539.000 0.027
2540.000 0.021
2541.000 0.027
2542.000 0.028
2543.000 0.031
2544.000 0.024
2545.000 0.028
2546.000 0.021
2547.000 0.024
2548.000 0.024
2549.000 0.020
2550.000 0.024
2551.000 0.024
2552.000 0.025
2553.000 0.025
2554.000 0.025
2555.000 0.023
2556.000 0.025
2557.000 0.022
2558.000 0.022
2559.000 0.023
2560.000 0.024
2561.000 0.025
2562.000 0.019
2563.000 0.024
2564.000 0.023
2565.000 0.023
2566.000 0.022
2567.000 0.027
2568.000 0.021
2569.000 0.028
2570.000 0.021
2571.000 0.032
2572.000 0.023
2573.000 0.021
2574.000 0.024
2575.000 0.023
2576.000 0.019
2577.000 0.024
2578.000 0.019
2579.000 0.026
2580.000 0.029
2581.000 0.018
2582.000 0.021
2583.000 0.023
2584.000 0.025
2585.000 0.020
2586.000 0.027
2587.000 0.027
2588.000 0.021
2589.000 0.022
2590.000 0.026
2591.000 0.026
2592.000 0.023
2593.000 0.021
2594.000 0.026
2595.000 0.019
2596.000 0.027
2597.000 0.027
2598.000 0.019
2599.000 0.024
2600.000 0.023
