1801.000 0.257
1802.000 0.261
1803.000 0.269
1804.000 0.261
1805.000 0.259
1806.000 0.262
1807.000 0.268
1808.000 0.260
1809.000 0.269
1810.000 0.263
1811.000 0.266
1812.000 0.265
1813.000 0.271
1814.000 0.271
1815.000 0.270
1816.000 0.271
1817.000 0.282
1818.000 0.278
1819.000 0.285
1820.000 0.277
1821.000 0.280
1822.000 0.281
1823.000 0.276
1824.000 0.285
1825.000 0.283
1826.000 0.290
1827.000 0.288
1828.000 0.292
1829.000 0.294
1830.000 0.293
1831.000 0.294
1832.000 0.293
1833.000 0.307
1834.000 0.292
1835.000 0.290
1836.000 0.298
1837.000 0.301
1838.000 0.306
1839.000 0.306
1840.000 0.301
1841.000 0.305
1842.000 0.301
1843.000 0.297
1844.000 0.306
1845.000 0.307
1846.000 0.312
1847.000 0.314
1848.000 0.310
1849.000 0.309
1850.000 0.311
1851.000 0.311
1852.000 0.322
1853.000 0.315
1854.000 0.323
1855.000 0.322
1856.000 0.318
1857.000 0.319
1858.000 0.325
1859.000 0.317
1860.000 0.324
1861.000 0.322
1862.000 0.327
1863.000 0.316
1864.000 0.329
1865.000 0.342
1866.000 0.311
1867.000 0.322
1868.000 0.333
1869.000 0.336
1870.000 0.326
1871.000 0.330
1872.000 0.348
1873.000 0.328
1874.000 0.330
1875.000 0.328
1876.000 0.325
1877.000 0.340
1878.000 0.341
1879.000 0.356
1880.000 0.326
1881.000 0.356
1882.000 0.333
1883.000 0.347
1884.000 0.348
1885.000 0.354
1886.000 0.327
1887.000 0.352
1888.000 0.364
1889.000 0.356
1890.000 0.359
1891.000 0.348
1892.000 0.339
1893.000 0.364
1894.000 0.372
1895.000 0.364
1896.000 0.348
1897.000 0.338
1898.000 0.369
1899.000 0.349
1900.000 0.372
1901.000 0.351
1902.000 0.365
1903.000 0.370
1904.000 0.350
1905.000 0.346
1906.000 0.346
1907.000 0.350
1908.000 0.376
1909.000 0.376
1910.000 0.374
1911.000 0.351
1912.000 0.350
1913.000 0.363
1914.000 0.357
1915.000 0.378
1916.000 0.346
1917.000 0.384
1918.000 0.359
1919.000 0.350
1920.000 0.374
1921.000 0.389
1922.000 0.365
1923.000 0.368
1924.000 0.391
1925.000 0.384
1926.000 0.386
1927.000 0.352
1928.000 0.369
1929.000 0.347
1930.000 0.363
1931.000 0.353
1932.000 0.377
1933.000 0.354
1934.000 0.384
1935.000 0.376
1936.000 0.350
1937.000 0.337
1938.000 0.373
1939.000 0.392
1940.000 0.386
1941.000 0.364
1942.000 0.382
1943.000 0.359
1944.000 0.354
1945.000 0.373
1946.000 0.381
1947.000 0.364
1948.000 0.373
1949.000 0.387
1950.000 0.349
1951.000 0.367
1952.000 0.391
1953.000 0.374
1954.000 0.381
1955.000 0.371
1956.000 0.371
1957.000 0.370
1958.000 0.363
1959.000 0.383
1960.000 0.388
1961.000 0.379
1962.000 0.372
1963.000 0.379
1964.000 0.399
1965.000 0.358
1966.000 0.390
1967.000 0.378
1968.000 0.356
1969.000 0.389
1970.000 0.392
1971.000 0.413
1972.000 0.405
1973.000 0.398
1974.000 0.371
1975.000 0.365
1976.000 0.388
1977.000 0.420
1978.000 0.374
1979.000 0.413
1980.000 0.396
1981.000 0.389
1982.000 0.405
1983.000 0.389
1984.000 0.389
1985.000 0.406
1986.000 0.400
1987.000 0.409
1988.000 0.394
1989.000 0.393
1990.000 0.394
1991.000 0.392
1992.000 0.410
1993.000 0.398
1994.000 0.407
1995.000 0.378
1996.000 0.415
1997.000 0.392
1998.000 0.397
1999.000 0.419
2000.000 0.406
2001.000 0.391
2002.000 0.393
2003.000 0.395
2004.000 0.393
2005.000 0.403
2006.000 0.421
2007.000 0.411
2008.000 0.414
2009.000 0.423
2010.000 0.414
2011.000 0.414
2012.000 0.423
2013.000 0.422
2014.000 0.425
2015.000 0.425
2016.000 0.428
2017.000 0.431
2018.000 0.427
2019.000 0.415
2020.000 0.416
2021.000 0.419
2022.000 0.427
2023.000 0.438
2024.000 0.447
2025.000 0.425
2026.000 0.436
2027.000 0.435
2028.000 0.430
2029.000 0.445
2030.000 0.438
2031.000 0.444
2032.000 0.455
2033.000 0.449
2034.000 0.436
2035.000 0.453
2036.000 0.459
2037.000 0.443
2038.000 0.451
2039.000 0.445
2040.000 0.460
2041.000 0.460
2042.000 0.464
2043.000 0.472
2044.000 0.467
2045.000 0.470
2046.000 0.467
2047.000 0.470
2048.000 0.480
2049.000 0.454
2050.000 0.474
2051.000 0.482
2052.000 0.479
2053.000 0.493
2054.000 0.488
2055.000 0.486
2056.000 0.497
2057.000 0.501
2058.000 0.490
2059.000 0.506
2060.000 0.495
2061.000 0.509
2062.000 0.512
2063.000 0.512
2064.000 0.509
2065.000 0.520
2066.000 0.515
2067.000 0.529
2068.000 0.537
2069.000 0.533
2070.000 0.534
2071.000 0.535
2072.000 0.551
2073.000 0.548
2074.000 0.561
2075.000 0.564
2076.000 0.556
2077.000 0.566
2078.000 0.569
2079.000 0.576
2080.000 0.573
2081.000 0.585
2082.000 0.584
2083.000 0.590
2084.000 0.597
2085.000 0.618
2086.000 0.603
2087.000 0.602
2088.000 0.619
2089.000 0.624
2090.000 0.628
2091.000 0.643
2092.000 0.640
2093.000 0.656
2094.000 0.658
2095.000 0.665
2096.000 0.685
2097.000 0.686
2098.000 0.675
2099.000 0.694
2100.000 0.698
2101.000 0.718
2102.000 0.708
2103.000 0.720
2104.000 0.745
2105.000 0.763
2106.000 0.743
2107.000 0.755
2108.000 0.773
2109.000 0.786
2110.000 0.779
2111.000 0.817
2112.000 0.821
2113.000 0.826
2114.000 0.834
2115.000 0.866
2116.000 0.883
2117.000 0.892
2118.000 0.909
2119.000 0.904
2120.000 0.920
2121.000 0.941
2122.000 0.960
2123.000 0.973
2124.000 0.989
2125.000 1.003
2126.000 1.043
2127.000 1.054
2128.000 1.076
2129.000 1.109
2130.000 1.149
2131.000 1.158
2132.000 1.203
2133.000 1.242
2134.000 1.277
2135.000 1.277
2136.000 1.326
2137.000 1.375
2138.000 1.403
2139.000 1.450
2140.000 1.469
2141.000 1.536
2142.000 1.602
2143.000 1.662
2144.000 1.721
2145.000 1.771
2146.000 1.836
2147.000 1.868
2148.000 1.971
2149.000 2.056
2150.000 2.199
2151.000 2.270
2152.000 2.410
2153.000 2.551
2154.000 2.683
2155.000 2.866
2156.000 3.058
2157.000 3.261
2158.000 3.507
2159.000 3.767
2160.000 4.021
2161.000 4.190
2162.000 4.456
2163.000 4.790
2164.000 5.159
2165.000 5.467
2166.000 5.749
2167.000 5.956
2168.000 6.038
2169.000 5.982
2170.000 5.748
2171.000 5.392
2172.000 5.210
2173.000 4.565
2174.000 4.390
2175.000 3.986
2176.000 3.718
2177.000 3.390
2178.000 3.202
2179.000 2.951
2180.000 2.747
2181.000 2.565
2182.000 2.404
2183.000 2.271
2184.000 2.137
2185.000 2.022
2186.000 1.916
2187.000 1.867
2188.000 1.765
2189.000 1.682
2190.000 1.623
2191.000 1.542
2192.000 1.469
2193.000 1.420
2194.000 1.394
2195.000 1.323
2196.000 1.302
2197.000 1.280
2198.000 1.209
2199.000 1.164
2200.000 1.147
2201.000 1.111
2202.000 1.077
2203.000 1.036
2204.000 1.020
2205.000 0.972
2206.000 0.961
2207.000 0.920
2208.000 0.912
2209.000 0.890
2210.000 0.855
2211.000 0.850
2212.000 0.837
2213.000 0.820
2214.000 0.760
2215.000 0.925
2216.000 0.674
2217.000 0.754
2218.000 0.711
2219.000 0.718
2220.000 0.739
2221.000 0.704
2222.000 0.688
2223.000 0.683
2224.000 0.672
2225.000 0.655
2226.000 0.647
2227.000 0.650
2228.000 0.637
2229.000 0.624
2230.000 0.623
2231.000 0.619
2232.000 0.606
2233.000 0.602
2234.000 0.589
2235.000 0.572
2236.000 0.581
2237.000 0.576
2238.000 0.571
2239.000 0.569
2240.000 0.570
2241.000 0.549
2242.000 0.560
2243.000 0.545
2244.000 0.547
2245.000 0.538
2246.000 0.532
2247.000 0.535
2248.000 0.534
2249.000 0.545
2250.000 0.533
2251.000 0.534
2252.000 0.545
2253.000 0.543
2254.000 0.542
2255.000 0.543
2256.000 0.545
2257.000 0.551
2258.000 0.563
2259.000 0.569
2260.000 0.585
2261.000 0.589
2262.000 0.587
2263.000 0.596
2264.000 0.608
2265.000 0.624
2266.000 0.655
2267.000 0.682
2268.000 0.697
2269.000 0.729
2270.000 0.775
2271.000 0.784
2272.000 0.824
2273.000 0.880
2274.000 0.921
2275.000 0.981
2276.000 1.037
2277.000 1.082
2278.000 1.120
2279.000 1.104
2280.000 1.081
2281.000 0.921
2282.000 0.865
2283.000 0.695
2284.000 0.501
2285.000 0.469
2286.000 0.379
2287.000 0.326
2288.000 0.274
2289.000 0.237
2290.000 0.210
2291.000 0.175
2292.000 0.157
2293.000 0.130
2294.000 0.120
2295.000 0.110
2296.000 0.091
2297.000 0.078
2298.000 0.075
2299.000 0.054
2300.000 0.051
2301.000 0.041
2302.000 0.041
2303.000 0.036
2304.000 0.032
2305.000 0.038
2306.000 0.032
2307.000 0.035
2308.000 0.035
2309.000 0.040
2310.000 0.041
2311.000 0.033
2312.000 0.033
2313.000 0.043
2314.000 0.047
2315.000 0.047
2316.000 0.046
2317.000 0.050
2318.000 0.044
2319.000 0.047
2320.000 0.045
2321.000 0.056
2322.000 0.049
2323.000 0.054
2324.000 0.050
2325.000 0.054
2326.000 0.051
2327.000 0.058
2328.000 0.055
2329.000 0.055
2330.000 0.058
2331.000 0.060
2332.000 0.065
2333.000 0.054
2334.000 0.055
2335.000 0.059
2336.000 0.056
2337.000 0.056
2338.000 0.066
2339.000 0.060
2340.000 0.059
2341.000 0.058
2342.000 0.062
2343.000 0.061
2344.000 0.057
2345.000 0.058
2346.000 0.060
2347.000 0.059
2348.000 0.060
2349.000 0.065
2350.000 0.064
2351.000 0.064
2352.000 0.050
2353.000 0.062
2354.000 0.063
2355.000 0.058
2356.000 0.054
2357.000 0.059
2358.000 0.060
2359.000 0.057
2360.000 0.049
2361.000 0.060
2362.000 0.057
2363.000 0.056
2364.000 0.058
2365.000 0.058
2366.000 0.053
2367.000 0.059
2368.000 0.055
2369.000 0.056
2370.000 0.052
2371.000 0.056
2372.000 0.053
2373.000 0.052
2374.000 0.055
2375.000 0.053
2376.000 0.055
2377.000 0.055
2378.000 0.054
2379.000 0.052
2380.000 0.056
2381.000 0.057
2382.000 0.054
2383.000 0.060
2384.000 0.052
2385.000 0.051
2386.000 0.051
2387.000 0.054
2388.000 0.053
2389.000 0.052
2390.000 0.054
2391.000 0.054
2392.000 0.049
2393.000 0.052
2394.000 0.055
2395.000 0.049
2396.000 0.048
2397.000 0.056
2398.000 0.046
2399.000 0.051
2400.000 0.050
2401.000 0.049
2402.000 0.046
2403.000 0.048
2404.000 0.043
2405.000 0.050
2406.000 0.045
2407.000 0.050
2408.000 0.048
2409.000 0.049
2410.000 0.050
2411.000 0.049
2412.000 0.045
2413.000 0.046
2414.000 0.043
2415.000 0.047
2416.000 0.042
2417.000 0.043
2418.000 0.043
2419.000 0.041
2420.000 0.044
2421.000 0.040
2422.000 0.044
2423.000 0.038
2424.000 0.045
2425.000 0.043
2426.000 0.047
2427.000 0.044
2428.000 0.045
2429.000 0.048
2430.000 0.044
2431.000 0.042
2432.000 0.042
2433.000 0.045
2434.000 0.043
2435.000 0.046
2436.000 0.043
2437.000 0.043
2438.000 0.045
2439.000 0.040
2440.000 0.040
2441.000 0.043
2442.000 0.039
2443.000 0.044
2444.000 0.039
2445.000 0.040
2446.000 0.035
2447.000 0.042
2448.000 0.041
2449.000 0.041
2450.000 0.038
2451.000 0.038
2452.000 0.041
2453.000 0.042
2454.000 0.037
2455.000 0.033
2456.000 0.044
2457.000 0.038
2458.000 0.039
2459.000 0.033
2460.000 0.037
2461.000 0.037
2462.000 0.042
2463.000 0.034
2464.000 0.040
2465.000 0.041
2466.000 0.034
2467.000 0.045
2468.000 0.038
2469.000 0.036
2470.000 0.039
2471.000 0.033
2472.000 0.040
2473.000 0.039
2474.000 0.036
2475.000 0.033
2476.000 0.035
2477.000 0.032
2478.000 0.038
2479.000 0.036
2480.000 0.035
2481.000 0.033
2482.000 0.035
2483.000 0.035
2484.000 0.040
2485.000 0.035
2486.000 0.030
2487.000 0.033
2488.000 0.037
2489.000 0.039
2490.000 0.039
2491.000 0.038
2492.000 0.028
2493.000 0.033
2494.000 0.031
2495.000 0.035
2496.000 0.038
2497.000 0.038
2498.000 0.037
2499.000 0.034
2500.000 0.033
2501.000 0.034
2502.000 0.032
2503.000 0.039
2504.000 0.037
2505.000 0.036
2506.000 0.031
2507.000 0.030
2508.000 0.031
2509.000 0.031
2510.000 0.036
2511.000 0.032
2512.000 0.032
2513.000 0.032
2514.000 0.030
2515.000 0.034
2516.000 0.031
2517.000 0.030
2518.000 0.030
2519.000 0.032
2520.000 0.031
2521.000 0.029
2522.000 0.028
2523.000 0.033
2524.000 0.032
2525.000 0.032
2526.000 0.031
2527.000 0.034
2528.000 0.034
2529.000 0.035
2530.000 0.030
2531.000 0.029
2532.000 0.034
2533.000 0.034
2534.000 0.036
2535.000 0.030
2536.000 0.031
2537.000 0.035
2538.000 0.028
2539.000 0.027
2540.000 0.037
2541.000 0.032
2542.000 0.036
2543.000 0.031
2544.000 0.036
2545.000 0.034
2546.000 0.032
2547.000 0.035
2548.000 0.029
2549.000 0.027
2550.000 0.031
2551.000 0.033
2552.000 0.030
2553.000 0.028
2554.000 0.029
2555.000 0.031
2556.000 0.027
2557.000 0.030
2558.000 0.033
2559.000 0.035
2560.000 0.031
2561.000 0.038
2562.000 0.032
2563.000 0.036
2564.000 0.035
2565.000 0.032
2566.000 0.025
2567.000 0.030
2568.000 0.029
2569.000 0.034
2570.000 0.029
2571.000 0.034
2572.000 0.032
2573.000 0.032
2574.000 0.035
2575.000 0.031
2576.000 0.034
2577.000 0.023
2578.000 0.033
2579.000 0.030
2580.000 0.031
2581.000 0.030
2582.000 0.035
2583.000 0.031
2584.000 0.031
2585.000 0.033
2586.000 0.030
2587.000 0.035
2588.000 0.031
2589.000 0.034
2590.000 0.027
2591.000 0.035
2592.000 0.035
2593.000 0.031
2594.000 0.033
2595.000 0.030
2596.000 0.033
2597.000 0.035
2598.000 0.032
2599.000 0.033
2600.000 0.030
