1801.000 0.264
1802.000 0.266
1803.000 0.271
1804.000 0.270
1805.000 0.278
1806.000 0.276
1807.000 0.267
1808.000 0.277
1809.000 0.275
1810.000 0.272
1811.000 0.281
1812.000 0.272
1813.000 0.277
1814.000 0.280
1815.000 0.284
1816.000 0.293
1817.000 0.287
1818.000 0.283
1819.000 0.297
1820.000 0.290
1821.000 0.290
1822.000 0.295
1823.000 0.292
1824.000 0.295
1825.000 0.298
1826.000 0.307
1827.000 0.304
1828.000 0.305
1829.000 0.314
1830.000 0.302
1831.000 0.302
1832.000 0.305
1833.000 0.312
1834.000 0.309
1835.000 0.315
1836.000 0.319
1837.000 0.313
1838.000 0.307
1839.000 0.314
1840.000 0.322
1841.000 0.314
1842.000 0.318
1843.000 0.312
1844.000 0.323
1845.000 0.328
1846.000 0.327
1847.000 0.324
1848.000 0.317
1849.000 0.335
1850.000 0.322
1851.000 0.331
1852.000 0.334
1853.000 0.334
1854.000 0.327
1855.000 0.335
1856.000 0.336
1857.000 0.332
1858.000 0.328
1859.000 0.327
1860.000 0.328
1861.000 0.333
1862.000 0.338
1863.000 0.351
1864.000 0.356
1865.000 0.334
1866.000 0.349
1867.000 0.345
1868.000 0.347
1869.000 0.360
1870.000 0.338
1871.000 0.342
1872.000 0.347
1873.000 0.356
1874.000 0.346
1875.000 0.351
1876.000 0.345
1877.000 0.353
1878.000 0.354
1879.000 0.348
1880.000 0.362
1881.000 0.349
1882.000 0.357
1883.000 0.364
1884.000 0.363
1885.000 0.363
1886.000 0.368
1887.000 0.358
1888.000 0.355
1889.000 0.364
1890.000 0.373
1891.000 0.370
1892.000 0.374
1893.000 0.383
1894.000 0.374
1895.000 0.376
1896.000 0.362
1897.000 0.362
1898.000 0.376
1899.000 0.360
1900.000 0.379
1901.000 0.358
1902.000 0.375
1903.000 0.369
1904.000 0.356
1905.000 0.388
1906.000 0.357
1907.000 0.360
1908.000 0.361
1909.000 0.370
1910.000 0.377
1911.000 0.390
1912.000 0.393
1913.000 0.365
1914.000 0.386
1915.000 0.379
1916.000 0.371
1917.000 0.371
1918.000 0.394
1919.000 0.379
1920.000 0.365
1921.000 0.372
1922.000 0.382
1923.000 0.392
1924.000 0.398
1925.000 0.389
1926.000 0.378
1927.000 0.368
1928.000 0.355
1929.000 0.370
1930.000 0.382
1931.000 0.389
1932.000 0.408
1933.000 0.387
1934.000 0.391
1935.000 0.385
1936.000 0.372
1937.000 0.392
1938.000 0.390
1939.000 0.387
1940.000 0.392
1941.000 0.383
1942.000 0.387
1943.000 0.391
1944.000 0.405
1945.000 0.374
1946.000 0.382
1947.000 0.410
1948.000 0.378
1949.000 0.418
1950.000 0.385
1951.000 0.363
1952.000 0.391
1953.000 0.427
1954.000 0.408
1955.000 0.400
1956.000 0.411
1957.000 0.407
1958.000 0.405
1959.000 0.390
1960.000 0.383
1961.000 0.424
1962.000 0.402
1963.000 0.393
1964.000 0.422
1965.000 0.389
1966.000 0.424
1967.000 0.422
1968.000 0.417
1969.000 0.417
1970.000 0.420
1971.000 0.402
1972.000 0.411
1973.000 0.406
1974.000 0.407
1975.000 0.422
1976.000 0.401
1977.000 0.401
1978.000 0.409
1979.000 0.406
1980.000 0.402
1981.000 0.419
1982.000 0.419
1983.000 0.391
1984.000 0.406
1985.000 0.422
1986.000 0.432
1987.000 0.431
1988.000 0.427
1989.000 0.443
1990.000 0.406
1991.000 0.413
1992.000 0.396
1993.000 0.404
1994.000 0.414
1995.000 0.438
1996.000 0.414
1997.000 0.418
1998.000 0.426
1999.000 0.432
2000.000 0.436
2001.000 0.429
2002.000 0.444
2003.000 0.415
2004.000 0.434
2005.000 0.422
2006.000 0.416
2007.000 0.429
2008.000 0.443
2009.000 0.419
2010.000 0.428
2011.000 0.434
2012.000 0.435
2013.000 0.435
2014.000 0.466
2015.000 0.435
2016.000 0.435
2017.000 0.445
2018.000 0.448
2019.000 0.452
2020.000 0.440
2021.000 0.456
2022.000 0.449
2023.000 0.442
2024.000 0.444
2025.000 0.455
2026.000 0.457
2027.000 0.445
2028.000 0.471
2029.000 0.452
2030.000 0.467
2031.000 0.463
2032.000 0.456
2033.000 0.451
2034.000 0.471
2035.000 0.471
2036.000 0.478
2037.000 0.473
2038.000 0.467
2039.000 0.471
2040.000 0.480
2041.000 0.482
2042.000 0.483
2043.000 0.476
2044.000 0.478
2045.000 0.492
2046.000 0.493
2047.000 0.487
2048.000 0.491
2049.000 0.508
2050.000 0.505
2051.000 0.504
2052.000 0.512
2053.000 0.515
2054.000 0.515
2055.000 0.514
2056.000 0.512
2057.000 0.523
2058.000 0.518
2059.000 0.517
2060.000 0.530
2061.000 0.527
2062.000 0.538
2063.000 0.538
2064.000 0.533
2065.000 0.548
2066.000 0.541
2067.000 0.547
2068.000 0.556
2069.000 0.562
2070.000 0.559
2071.000 0.563
2072.000 0.578
2073.000 0.573
2074.000 0.577
2075.000 0.581
2076.000 0.574
2077.000 0.586
2078.000 0.586
2079.000 0.593
2080.000 0.605
2081.000 0.599
2082.000 0.606
2083.000 0.607
2084.000 0.618
2085.000 0.633
2086.000 0.638
2087.000 0.630
2088.000 0.656
2089.000 0.638
2090.000 0.653
2091.000 0.668
2092.000 0.672
2093.000 0.674
2094.000 0.689
2095.000 0.678
2096.000 0.684
2097.000 0.701
2098.000 0.712
2099.000 0.720
2100.000 0.729
2101.000 0.737
2102.000 0.758
2103.000 0.751
2104.000 0.741
2105.000 0.819
2106.000 0.768
2107.000 0.796
2108.000 0.800
2109.000 0.788
2110.000 0.807
2111.000 0.837
2112.000 0.853
2113.000 0.857
2114.000 0.872
2115.000 0.879
2116.000 0.887
2117.000 0.901
2118.000 0.920
2119.000 0.940
2120.000 0.948
2121.000 0.962
2122.000 0.974
2123.000 0.995
2124.000 1.038
2125.000 1.055
2126.000 1.064
2127.000 1.088
2128.000 1.102
2129.000 1.131
2130.000 1.164
2131.000 1.171
2132.000 1.214
2133.000 1.251
2134.000 1.282
2135.000 1.326
2136.000 1.371
2137.000 1.372
2138.000 1.412
2139.000 1.453
2140.000 1.509
2141.000 1.576
2142.000 1.607
2143.000 1.697
2144.000 1.893
2145.000 1.793
2146.000 1.880
2147.000 1.942
2148.000 2.044
2149.000 2.131
2150.000 2.173
2151.000 2.285
2152.000 2.406
2153.000 2.530
2154.000 2.691
2155.000 2.867
2156.000 3.036
2157.000 3.240
2158.000 3.466
2159.000 3.722
2160.000 4.043
2161.000 4.324
2162.000 4.473
2163.000 4.806
2164.000 5.108
2165.000 5.346
2166.000 5.652
2167.000 5.882
2168.000 5.950
2169.000 5.917
2170.000 5.709
2171.000 5.456
2172.000 5.077
2173.000 4.884
2174.000 4.310
2175.000 3.946
2176.000 3.760
2177.000 3.496
2178.000 3.213
2179.000 2.910
2180.000 2.751
2181.000 2.546
2182.000 2.412
2183.000 2.272
2184.000 2.132
2185.000 2.105
2186.000 1.981
2187.000 1.823
2188.000 1.801
2189.000 1.676
2190.000 1.646
2191.000 1.561
2192.000 1.493
2193.000 1.444
2194.000 1.357
2195.000 1.378
2196.000 1.278
2197.000 1.215
2198.000 1.173
2199.000 1.161
2200.000 1.129
2201.000 1.089
2202.000 1.041
2203.000 1.034
2204.000 1.195
2205.000 0.927
2206.000 0.967
2207.000 0.901
2208.000 0.904
2209.000 0.871
2210.000 0.859
2211.000 0.844
2212.000 0.798
2213.000 0.802
2214.000 0.777
2215.000 0.753
2216.000 0.746
2217.000 0.720
2218.000 0.729
2219.000 0.738
2220.000 0.670
2221.000 0.673
2222.000 0.662
2223.000 0.647
2224.000 0.628
2225.000 0.635
2226.000 0.621
2227.000 0.612
2228.000 0.592
2229.000 0.585
2230.000 0.578
2231.000 0.556
2232.000 0.561
2233.000 0.560
2234.000 0.535
2235.000 0.542
2236.000 0.532
2237.000 0.526
2238.000 0.516
2239.000 0.502
2240.000 0.511
2241.000 0.503
2242.000 0.493
2243.000 0.483
2244.000 0.500
2245.000 0.489
2246.000 0.497
2247.000 0.473
2248.000 0.476
2249.000 0.472
2250.000 0.470
2251.000 0.454
2252.000 0.463
2253.000 0.468
2254.000 0.453
2255.000 0.466
2256.000 0.457
2257.000 0.441
2258.000 0.470
2259.000 0.474
2260.000 0.457
2261.000 0.460
2262.000 0.468
2263.000 0.480
2264.000 0.481
2265.000 0.478
2266.000 0.491
2267.000 0.515
2268.000 0.525
2269.000 0.537
2270.000 0.534
2271.000 0.553
2272.000 0.576
2273.000 0.578
2274.000 0.648
2275.000 0.649
2276.000 0.654
2277.000 0.692
2278.000 0.713
2279.000 0.720
2280.000 0.691
2281.000 0.604
2282.000 0.503
2283.000 0.420
2284.000 0.296
2285.000 0.255
2286.000 0.192
2287.000 0.157
2288.000 0.119
2289.000 0.097
2290.000 0.079
2291.000 0.073
2292.000 0.063
2293.000 0.061
2294.000 0.065
2295.000 0.066
2296.000 0.067
2297.000 0.069
2298.000 0.064
2299.000 0.072
2300.000 0.070
2301.000 0.070
2302.000 0.075
2303.000 0.077
2304.000 0.076
2305.000 0.118
2306.000 0.090
2307.000 0.092
2308.000 0.094
2309.000 0.093
2310.000 0.090
2311.000 0.092
2312.000 0.095
2313.000 0.089
2314.000 0.094
2315.000 0.094
2316.000 0.095
2317.000 0.096
2318.000 0.094
2319.000 0.097
2320.000 0.093
2321.000 0.096
2322.000 0.096
2323.000 0.100
2324.000 0.097
2325.000 0.091
2326.000 0.100
2327.000 0.095
2328.000 0.091
2329.000 0.097
2330.000 0.090
2331.000 0.095
2332.000 0.089
2333.000 0.097
2334.000 0.098
2335.000 0.088
2336.000 0.096
2337.000 0.087
2338.000 0.101
2339.000 0.090
2340.000 0.238
2341.000 0.152
2342.000 0.086
2343.000 0.092
2344.000 0.087
2345.000 0.087
2346.000 0.090
2347.000 0.085
2348.000 0.089
2349.000 0.087
2350.000 0.091
2351.000 0.084
2352.000 0.083
2353.000 0.084
2354.000 0.087
2355.000 0.084
2356.000 0.086
2357.000 0.078
2358.000 0.086
2359.000 0.077
2360.000 0.081
2361.000 0.081
2362.000 0.082
2363.000 0.075
2364.000 0.079
2365.000 0.074
2366.000 0.073
2367.000 0.072
2368.000 0.083
2369.000 0.075
2370.000 0.080
2371.000 0.074
2372.000 0.071
2373.000 0.074
2374.000 0.067
2375.000 0.078
2376.000 0.070
2377.000 0.080
2378.000 0.074
2379.000 0.074
2380.000 0.075
2381.000 0.071
2382.000 0.072
2383.000 0.072
2384.000 0.068
2385.000 0.069
2386.000 0.066
2387.000 0.077
2388.000 0.068
2389.000 0.070
2390.000 0.068
2391.000 0.065
2392.000 0.067
2393.000 0.061
2394.000 0.072
2395.000 0.063
2396.000 0.068
2397.000 0.065
2398.000 0.065
2399.000 0.064
2400.000 0.063
2401.000 0.059
2402.000 0.061
2403.000 0.063
2404.000 0.062
2405.000 0.063
2406.000 0.063
2407.000 0.061
2408.000 0.064
2409.000 0.057
2410.000 0.054
2411.000 0.061
2412.000 0.058
2413.000 0.065
2414.000 0.066
2415.000 0.058
2416.000 0.061
2417.000 0.054
2418.000 0.058
2419.000 0.060
2420.000 0.061
2421.000 0.059
2422.000 0.057
2423.000 0.056
2424.000 0.061
2425.000 0.056
2426.000 0.053
2427.000 0.062
2428.000 0.060
2429.000 0.055
2430.000 0.057
2431.000 0.057
2432.000 0.049
2433.000 0.051
2434.000 0.053
2435.000 0.055
2436.000 0.055
2437.000 0.054
2438.000 0.056
2439.000 0.049
2440.000 0.049
2441.000 0.051
2442.000 0.051
2443.000 0.051
2444.000 0.053
2445.000 0.051
2446.000 0.045
2447.000 0.049
2448.000 0.053
2449.000 0.052
2450.000 0.052
2451.000 0.047
2452.000 0.053
2453.000 0.051
2454.000 0.048
2455.000 0.057
2456.000 0.047
2457.000 0.048
2458.000 0.052
2459.000 0.051
2460.000 0.048
2461.000 0.046
2462.000 0.052
2463.000 0.044
2464.000 0.046
2465.000 0.049
2466.000 0.045
2467.000 0.053
2468.000 0.043
2469.000 0.045
2470.000 0.047
2471.000 0.048
2472.000 0.047
2473.000 0.048
2474.000 0.050
2475.000 0.041
2476.000 0.044
2477.000 0.043
2478.000 0.044
2479.000 0.049
2480.000 0.047
2481.000 0.046
2482.000 0.042
2483.000 0.047
2484.000 0.048
2485.000 0.042
2486.000 0.044
2487.000 0.042
2488.000 0.044
2489.000 0.047
2490.000 0.045
2491.000 0.044
2492.000 0.044
2493.000 0.042
2494.000 0.047
2495.000 0.042
2496.000 0.042
2497.000 0.040
2498.000 0.040
2499.000 0.041
2500.000 0.043
2501.000 0.043
2502.000 0.044
2503.000 0.042
2504.000 0.043
2505.000 0.042
2506.000 0.048
2507.000 0.044
2508.000 0.041
2509.000 0.042
2510.000 0.045
2511.000 0.038
2512.000 0.042
2513.000 0.042
2514.000 0.040
2515.000 0.044
2516.000 0.042
2517.000 0.043
2518.000 0.043
2519.000 0.041
2520.000 0.040
2521.000 0.040
2522.000 0.044
2523.000 0.037
2524.000 0.045
2525.000 0.043
2526.000 0.042
2527.000 0.041
2528.000 0.045
2529.000 0.041
2530.000 0.044
2531.000 0.043
2532.000 0.045
2533.000 0.041
2534.000 0.041
2535.000 0.039
2536.000 0.041
2537.000 0.045
2538.000 0.044
2539.000 0.042
2540.000 0.048
2541.000 0.045
2542.000 0.048
2543.000 0.042
2544.000 0.037
2545.000 0.042
2546.000 0.043
2547.000 0.040
2548.000 0.044
2549.000 0.043
2550.000 0.045
2551.000 0.044
2552.000 0.040
2553.000 0.039
2554.000 0.040
2555.000 0.038
2556.000 0.040
2557.000 0.037
2558.000 0.038
2559.000 0.039
2560.000 0.043
2561.000 0.041
2562.000 0.040
2563.000 0.038
2564.000 0.040
2565.000 0.040
2566.000 0.044
2567.000 0.041
2568.000 0.041
2569.000 0.043
2570.000 0.043
2571.000 0.039
2572.000 0.045
2573.000 0.039
2574.000 0.037
2575.000 0.038
2576.000 0.040
2577.000 0.045
2578.000 0.043
2579.000 0.038
2580.000 0.045
2581.000 0.042
2582.000 0.045
2583.000 0.043
2584.000 0.045
2585.000 0.042
2586.000 0.035
2587.000 0.043
2588.000 0.048
2589.000 0.040
2590.000 0.042
2591.000 0.047
2592.000 0.045
2593.000 0.041
2594.000 0.041
2595.000 0.041
2596.000 0.040
2597.000 0.045
2598.000 0.042
2599.000 0.044
2600.000 0.045
