1801.000 0.274
1802.000 0.283
1803.000 0.282
1804.000 0.291
1805.000 0.291
1806.000 0.289
1807.000 0.289
1808.000 0.291
1809.000 0.298
1810.000 0.296
1811.000 0.304
1812.000 0.307
1813.000 0.318
1814.000 0.307
1815.000 0.298
1816.000 0.304
1817.000 0.297
1818.000 0.308
1819.000 0.303
1820.000 0.304
1821.000 0.312
1822.000 0.315
1823.000 0.320
1824.000 0.320
1825.000 0.320
1826.000 0.312
1827.000 0.320
1828.000 0.320
1829.000 0.319
1830.000 0.319
1831.000 0.327
1832.000 0.323
1833.000 0.329
1834.000 0.332
1835.000 0.331
1836.000 0.339
1837.000 0.329
1838.000 0.331
1839.000 0.328
1840.000 0.339
1841.000 0.337
1842.000 0.333
1843.000 0.337
1844.000 0.337
1845.000 0.340
1846.000 0.339
1847.000 0.352
1848.000 0.347
1849.000 0.343
1850.000 0.347
1851.000 0.357
1852.000 0.349
1853.000 0.349
1854.000 0.354
1855.000 0.356
1856.000 0.359
1857.000 0.358
1858.000 0.367
1859.000 0.368
1860.000 0.360
1861.000 0.365
1862.000 0.369
1863.000 0.362
1864.000 0.355
1865.000 0.364
1866.000 0.367
1867.000 0.361
1868.000 0.368
1869.000 0.370
1870.000 0.379
1871.000 0.367
1872.000 0.376
1873.000 0.369
1874.000 0.382
1875.000 0.372
1876.000 0.372
1877.000 0.386
1878.000 0.377
1879.000 0.394
1880.000 0.372
1881.000 0.393
1882.000 0.392
1883.000 0.384
1884.000 0.382
1885.000 0.378
1886.000 0.392
1887.000 0.403
1888.000 0.375
1889.000 0.370
1890.000 0.385
1891.000 0.396
1892.000 0.398
1893.000 0.390
1894.000 0.387
1895.000 0.393
1896.000 0.390
1897.000 0.399
1898.000 0.388
1899.000 0.393
1900.000 0.410
1901.000 0.393
1902.000 0.400
1903.000 0.391
1904.000 0.402
1905.000 0.377
1906.000 0.389
1907.000 0.413
1908.000 0.398
1909.000 0.395
1910.000 0.391
1911.000 0.403
1912.000 0.404
1913.000 0.406
1914.000 0.399
1915.000 0.398
1916.000 0.387
1917.000 0.408
1918.000 0.402
1919.000 0.404
1920.000 0.395
1921.000 0.413
1922.000 0.425
1923.000 0.394
1924.000 0.395
1925.000 0.403
1926.000 0.417
1927.000 0.416
1928.000 0.406
1929.000 0.410
1930.000 0.417
1931.000 0.423
1932.000 0.408
1933.000 0.412
1934.000 0.402
1935.000 0.408
1936.000 0.411
1937.000 0.408
1938.000 0.418
1939.000 0.416
1940.000 0.407
1941.000 0.423
1942.000 0.428
1943.000 0.426
1944.000 0.402
1945.000 0.419
1946.000 0.405
1947.000 0.417
1948.000 0.409
1949.000 0.406
1950.000 0.421
1951.000 0.426
1952.000 0.423
1953.000 0.421
1954.000 0.421
1955.000 0.420
1956.000 0.427
1957.000 0.417
1958.000 0.433
1959.000 0.424
1960.000 0.417
1961.000 0.430
1962.000 0.424
1963.000 0.430
1964.000 0.443
1965.000 0.414
1966.000 0.426
1967.000 0.418
1968.000 0.439
1969.000 0.467
1970.000 0.431
1971.000 0.402
1972.000 0.415
1973.000 0.401
1974.000 0.417
1975.000 0.423
1976.000 0.461
1977.000 0.427
1978.000 0.409
1979.000 0.428
1980.000 0.405
1981.000 0.447
1982.000 0.435
1983.000 0.434
1984.000 0.442
1985.000 0.446
1986.000 0.442
1987.000 0.450
1988.000 0.451
1989.000 0.438
1990.000 0.453
1991.000 0.462
1992.000 0.448
1993.000 0.430
1994.000 0.445
1995.000 0.455
1996.000 0.438
1997.000 0.458
1998.000 0.445
1999.000 0.449
2000.000 0.459
2001.000 0.449
2002.000 0.459
2003.000 0.462
2004.000 0.452
2005.000 0.470
2006.000 0.471
2007.000 0.451
2008.000 0.449
2009.000 0.456
2010.000 0.486
2011.000 0.444
2012.000 0.482
2013.000 0.465
2014.000 0.454
2015.000 0.466
2016.000 0.470
2017.000 0.465
2018.000 0.463
2019.000 0.483
2020.000 0.468
2021.000 0.477
2022.000 0.473
2023.000 0.473
2024.000 0.480
2025.000 0.494
2026.000 0.496
2027.000 0.470
2028.000 0.498
2029.000 0.474
2030.000 0.507
2031.000 0.485
2032.000 0.472
2033.000 0.488
2034.000 0.510
2035.000 0.518
2036.000 0.514
2037.000 0.503
2038.000 0.507
2039.000 0.505
2040.000 0.516
2041.000 0.510
2042.000 0.508
2043.000 0.517
2044.000 0.512
2045.000 0.516
2046.000 0.508
2047.000 0.514
2048.000 0.524
2049.000 0.531
2050.000 0.538
2051.000 0.532
2052.000 0.525
2053.000 0.534
2054.000 0.545
2055.000 0.544
2056.000 0.553
2057.000 0.551
2058.000 0.559
2059.000 0.548
2060.000 0.567
2061.000 0.552
2062.000 0.557
2063.000 0.568
2064.000 0.574
2065.000 0.563
2066.000 0.573
2067.000 0.574
2068.000 0.571
2069.000 0.586
2070.000 0.579
2071.000 0.600
2072.000 0.605
2073.000 0.604
2074.000 0.610
2075.000 0.607
2076.000 0.612
2077.000 0.619
2078.000 0.631
2079.000 0.626
2080.000 0.613
2081.000 0.640
2082.000 0.644
2083.000 0.652
2084.000 0.654
2085.000 0.647
2086.000 0.674
2087.000 0.673
2088.000 0.679
2089.000 0.674
2090.000 0.693
2091.000 0.688
2092.000 0.699
2093.000 0.705
2094.000 0.722
2095.000 0.718
2096.000 0.728
2097.000 0.738
2098.000 0.743
2099.000 0.741
2100.000 0.748
2101.000 0.767
2102.000 0.774
2103.000 0.778
2104.000 0.794
2105.000 0.798
2106.000 0.806
2107.000 0.814
2108.000 0.825
2109.000 0.839
2110.000 0.842
2111.000 0.859
2112.000 0.876
2113.000 0.888
2114.000 0.889
2115.000 0.903
2116.000 0.923
2117.000 0.942
2118.000 0.954
2119.000 0.970
2120.000 0.983
2121.000 1.017
2122.000 1.015
2123.000 1.041
2124.000 1.060
2125.000 1.080
2126.000 1.086
2127.000 1.106
2128.000 1.144
2129.000 1.172
2130.000 1.179
2131.000 1.228
2132.000 1.247
2133.000 1.294
2134.000 1.307
2135.000 1.332
2136.000 1.363
2137.000 1.402
2138.000 1.446
2139.000 1.499
2140.000 1.532
2141.000 1.600
2142.000 1.635
2143.000 1.685
2144.000 1.755
2145.000 1.821
2146.000 1.894
2147.000 1.926
2148.000 2.016
2149.000 2.117
2150.000 2.200
2151.000 2.310
2152.000 2.448
2153.000 2.565
2154.000 2.707
2155.000 2.856
2156.000 3.032
2157.000 3.236
2158.000 3.461
2159.000 3.700
2160.000 3.780
2161.000 4.079
2162.000 4.464
2163.000 4.602
2164.000 4.902
2165.000 5.164
2166.000 5.419
2167.000 5.590
2168.000 5.697
2169.000 5.625
2170.000 5.432
2171.000 5.184
2172.000 5.015
2173.000 4.675
2174.000 4.306
2175.000 3.961
2176.000 3.617
2177.000 3.343
2178.000 3.091
2179.000 2.849
2180.000 2.664
2181.000 2.486
2182.000 2.336
2183.000 2.220
2184.000 2.079
2185.000 2.000
2186.000 1.895
2187.000 1.815
2188.000 1.724
2189.000 1.630
2190.000 1.568
2191.000 1.491
2192.000 1.416
2193.000 1.353
2194.000 1.314
2195.000 1.232
2196.000 1.217
2197.000 1.169
2198.000 1.121
2199.000 1.095
2200.000 1.035
2201.000 1.016
2202.000 1.002
2203.000 0.947
2204.000 0.941
2205.000 0.883
2206.000 0.862
2207.000 0.845
2208.000 0.813
2209.000 0.808
2210.000 0.777
2211.000 0.753
2212.000 0.723
2213.000 0.697
2214.000 0.691
2215.000 0.681
2216.000 0.665
2217.000 0.631
2218.000 0.624
2219.000 0.605
2220.000 0.597
2221.000 0.574
2222.000 0.563
2223.000 0.567
2224.000 0.548
2225.000 0.533
2226.000 0.518
2227.000 0.483
2228.000 0.494
2229.000 0.492
2230.000 0.472
2231.000 0.458
2232.000 0.442
2233.000 0.439
2234.000 0.420
2235.000 0.417
2236.000 0.406
2237.000 0.397
2238.000 0.405
2239.000 0.379
2240.000 0.382
2241.000 0.363
2242.000 0.366
2243.000 0.353
2244.000 0.339
2245.000 0.334
2246.000 0.330
2247.000 0.328
2248.000 0.313
2249.000 0.306
2250.000 0.298
2251.000 0.287
2252.000 0.288
2253.000 0.278
2254.000 0.261
2255.000 0.257
2256.000 0.254
2257.000 0.242
2258.000 0.238
2259.000 0.232
2260.000 0.217
2261.000 0.203
2262.000 0.205
2263.000 0.191
2264.000 0.180
2265.000 0.176
2266.000 0.160
2267.000 0.152
2268.000 0.149
2269.000 0.155
2270.000 0.145
2271.000 0.165
2272.000 0.172
2273.000 0.208
2274.000 0.255
2275.000 0.317
2276.000 0.380
2277.000 0.451
2278.000 0.505
2279.000 0.502
2280.000 0.485
2281.000 0.449
2282.000 0.429
2283.000 0.418
2284.000 0.416
2285.000 0.391
2286.000 0.377
2287.000 0.361
2288.000 0.346
2289.000 0.339
2290.000 0.331
2291.000 0.322
2292.000 0.306
2293.000 0.301
2294.000 0.296
2295.000 0.295
2296.000 0.278
2297.000 0.281
2298.000 0.282
2299.000 0.261
2300.000 0.262
2301.000 0.255
2302.000 0.255
2303.000 0.247
2304.000 0.245
2305.000 0.247
2306.000 0.233
2307.000 0.234
2308.000 0.229
2309.000 0.223
2310.000 0.217
2311.000 0.217
2312.000 0.207
2313.000 0.212
2314.000 0.208
2315.000 0.209
2316.000 0.205
2317.000 0.197
2318.000 0.203
2319.000 0.195
2320.000 0.197
2321.000 0.196
2322.000 0.185
2323.000 0.192
2324.000 0.189
2325.000 0.180
2326.000 0.184
2327.000 0.180
2328.000 0.174
2329.000 0.175
2330.000 0.170
2331.000 0.165
2332.000 0.163
2333.000 0.170
2334.000 0.168
2335.000 0.165
2336.000 0.161
2337.000 0.160
2338.000 0.163
2339.000 0.160
2340.000 0.158
2341.000 0.156
2342.000 0.154
2343.000 0.154
2344.000 0.151
2345.000 0.148
2346.000 0.148
2347.000 0.145
2348.000 0.142
2349.000 0.139
2350.000 0.138
2351.000 0.142
2352.000 0.133
2353.000 0.141
2354.000 0.141
2355.000 0.134
2356.000 0.133
2357.000 0.134
2358.000 0.131
2359.000 0.127
2360.000 0.128
2361.000 0.129
2362.000 0.132
2363.000 0.128
2364.000 0.122
2365.000 0.125
2366.000 0.121
2367.000 0.124
2368.000 0.124
2369.000 0.125
2370.000 0.113
2371.000 0.115
2372.000 0.122
2373.000 0.121
2374.000 0.114
2375.000 0.113
2376.000 0.111
2377.000 0.112
2378.000 0.113
2379.000 0.110
2380.000 0.105
2381.000 0.113
2382.000 0.108
2383.000 0.108
2384.000 0.112
2385.000 0.109
2386.000 0.106
2387.000 0.105
2388.000 0.102
2389.000 0.103
2390.000 0.109
2391.000 0.103
2392.000 0.100
2393.000 0.094
2394.000 0.102
2395.000 0.099
2396.000 0.100
2397.000 0.094
2398.000 0.095
2399.000 0.101
2400.000 0.097
2401.000 0.095
2402.000 0.095
2403.000 0.092
2404.000 0.099
2405.000 0.098
2406.000 0.093
2407.000 0.090
2408.000 0.093
2409.000 0.089
2410.000 0.092
2411.000 0.087
2412.000 0.091
2413.000 0.085
2414.000 0.079
2415.000 0.090
2416.000 0.083
2417.000 0.087
2418.000 0.083
2419.000 0.087
2420.000 0.082
2421.000 0.083
2422.000 0.084
2423.000 0.087
2424.000 0.085
2425.000 0.085
2426.000 0.082
2427.000 0.078
2428.000 0.084
2429.000 0.078
2430.000 0.080
2431.000 0.077
2432.000 0.076
2433.000 0.079
2434.000 0.081
2435.000 0.076
2436.000 0.071
2437.000 0.073
2438.000 0.078
2439.000 0.070
2440.000 0.078
2441.000 0.073
2442.000 0.073
2443.000 0.076
2444.000 0.070
2445.000 0.074
2446.000 0.073
2447.000 0.066
2448.000 0.074
2449.000 0.076
2450.000 0.073
2451.000 0.071
2452.000 0.073
2453.000 0.075
2454.000 0.073
2455.000 0.077
2456.000 0.071
2457.000 0.067
2458.000 0.073
2459.000 0.071
2460.000 0.070
2461.000 0.071
2462.000 0.071
2463.000 0.064
2464.000 0.070
2465.000 0.074
2466.000 0.069
2467.000 0.069
2468.000 0.069
2469.000 0.073
2470.000 0.066
2471.000 0.060
2472.000 0.062
2473.000 0.060
2474.000 0.067
2475.000 0.060
2476.000 0.065
2477.000 0.067
2478.000 0.066
2479.000 0.066
2480.000 0.062
2481.000 0.065
2482.000 0.068
2483.000 0.062
2484.000 0.069
2485.000 0.069
2486.000 0.063
2487.000 0.066
2488.000 0.063
2489.000 0.060
2490.000 0.064
2491.000 0.070
2492.000 0.063
2493.000 0.063
2494.000 0.060
2495.000 0.061
2496.000 0.064
2497.000 0.064
2498.000 0.059
2499.000 0.063
2500.000 0.063
2501.000 0.065
2502.000 0.058
2503.000 0.065
2504.000 0.061
2505.000 0.060
2506.000 0.063
2507.000 0.055
2508.000 0.065
2509.000 0.063
2510.000 0.059
2511.000 0.060
2512.000 0.057
2513.000 0.063
2514.000 0.062
2515.000 0.057
2516.000 0.059
2517.000 0.062
2518.000 0.058
2519.000 0.066
2520.000 0.059
2521.000 0.062
2522.000 0.062
2523.000 0.058
2524.000 0.061
2525.000 0.057
2526.000 0.062
2527.000 0.064
2528.000 0.057
2529.000 0.054
2530.000 0.062
2531.000 0.059
2532.000 0.059
2533.000 0.058
2534.000 0.062
2535.000 0.061
2536.000 0.061
2537.000 0.060
2538.000 0.067
2539.000 0.057
2540.000 0.063
2541.000 0.067
2542.000 0.056
2543.000 0.061
2544.000 0.062
2545.000 0.059
2546.000 0.061
2547.000 0.057
2548.000 0.068
2549.000 0.064
2550.000 0.057
2551.000 0.058
2552.000 0.060
2553.000 0.056
2554.000 0.058
2555.000 0.059
2556.000 0.060
2557.000 0.059
2558.000 0.062
2559.000 0.060
2560.000 0.059
2561.000 0.063
2562.000 0.058
2563.000 0.057
2564.000 0.062
2565.000 0.058
2566.000 0.064
2567.000 0.062
2568.000 0.063
2569.000 0.060
2570.000 0.061
2571.000 0.063
2572.000 0.064
2573.000 0.058
2574.000 0.060
2575.000 0.058
2576.000 0.062
2577.000 0.061
2578.000 0.058
2579.000 0.069
2580.000 0.063
2581.000 0.060
2582.000 0.060
2583.000 0.060
2584.000 0.060
2585.000 0.060
2586.000 0.066
2587.000 0.058
2588.000 0.060
2589.000 0.059
2590.000 0.066
2591.000 0.060
2592.000 0.064
2593.000 0.060
2594.000 0.067
2595.000 0.063
2596.000 0.065
2597.000 0.065
2598.000 0.067
2599.000 0.058
2600.000 0.066
