10    0.02 0.01 14.5   0.1
50    0.12 0.01 4.6    0.1
100   0.25 0.01 2.6    0.1
200   0.51 0.01 1.3    0.1
300   0.73 0.01 0.880  0.001
400   0.99 0.01 0.640  0.001
500   1.23 0.01 0.524  0.001
600   1.48 0.01 0.450  0.001
700   1.68 0.01 0.374  0.001
800   1.93 0.01 0.332  0.001
900   2.15 0.01 0.284  0.001
1000  2.40 0.01 0.258  0.001
1500  3.30 0.01 0.182  0.001
2000  4.25 0.01 0.130  0.001
3000  5.80 0.01 0.0840 0.0001
4000  7.0  0.01 0.0595 0.0001
5000  7.81 0.01 0.0415 0.0001
6000  8.75 0.01 0.0368 0.0001
7000  9.56 0.01 0.0348 0.0001
10000 7.62 0.01 0.0696 0.0001