50     12.13 0.01  14.2  0.1
60     10.38 0.01  12.0  0.1
70     9.25 0.01   10.2  0.1
80     8.25 0.01   9.1   0.1
90     7.48 0.01   8.1   0.1
100    6.85 0.01   7.25  0.01
150    4.85 0.01   4.90  0.01
200    3.78 0.01   3.68  0.01
250    3.15 0.01   2.94  0.01
300    2.70 0.01   2.46  0.01
400    2.14 0.01   1.86  0.01
500    1.73 0.01   1.48  0.01
1000   0.90 0.01   0.73  0.01
1500   0.587 0.001 0.508 0.001
2000   0.455 0.001 0.376 0.001
3000   0.298 0.001 0.274 0.001
10000  0.440 0.001 0.10  0.001
20000  0.435 0.001 0.050 0.001
50000  0.438 0.001 0.020 0.001
100000 0.438 0.001 0.099 0.001
200000 0.430 0.001 0.052 0.001