1      0.098 0.001 270    1
2      0.195 0.001 136    1
3      0.283 0.001 96     1
4      0.370 0.001 78     1
5      0.445 0.001 62     1
6      0.510 0.001 55     1
7      0.570 0.001 48.5   0.1
8      0.625 0.001 43.5   0.1
9      0.656 0.001 40.6   0.1
10     0.70  0.001 36.6   0.1
20     0.912 0.001 21.0   0.1
30     0.968 0.001 14.8   0.1
50     1.0   0.001 9.3    0.1
100    1.018 0.001 4.9    0.1
1000   1.038 0.001 0.494  0.001  
10000  1.038 0.001 0.050  0.001
50000  1.038 0.001 0.0106 0.0001
100000 0.850 0.001 0.0065 0.0001
120000 0.70  0.001 0.0057 0.0001
140000 0.613 0.001 0.0051 0.0001
160000 0.535 0.001 0.0047 0.0001
180000 0.473 0.001 0.0042 0.0001
200000 0.420 0.001 0.0039 0.0001