1      0.31 0.01 266    1
2      0.62 0.01 140    1
3      0.90 0.01 100    1
4      1.15 0.01 80     1 
5      1.40 0.01 64     1
6      1.61 0.01 55     1
7      1.77 0.01 49.5   0.1
8      1.93 0.01 43.4   0.1
9      2.10 0.01 40.8   0.1
10     2.25 0.01 37.4   0.1
20     2.88 0.01 20.6   0.1
30     3.05 0.01 14.6   0.1
40     3.13 0.01 11.2   0.1
50     3.20 0.01 9.2    0.1
100    3.25 0.01 4.8    0.1
500    3.28 0.01 1.0    0.1
1000   3.28 0.01 0.49   0.01
10000  3.28 0.01 0.0520 0.0001
20000  3.23 0.01 0.0264 0.0001
30000  2.75 0.01 0.0200 0.0001
40000  2.13 0.01 0.0162 0.0001
50000  1.74 0.01 0.0136 0.0001
100000 0.86 0.01 0.0073 0.0001
150000 0.56 0.01 0.0051 0.0001
200000 0.42 0.01 0.0039 0.0001