1      0.45 0.01 273    1
2      0.93 0.01 132    1
3      1.34 0.01 96     1
4      1.75 0.01 79     1
5      2.1  0.1  64     1
6      2.4  0.1  57     1
7      2.7  0.1  51     1
8      2.95 0.01 45     1
9      3.15 0.01 41     1
10     3.35 0.01 39     1
20     4.75 0.01 25     1
30     4.75 0.01 16.8   0.1
40     4.75 0.01 12.6   0.1
50     4.75 0.01 10.0   0.1
60     4.75 0.01 8.4    0.1
70     4.75 0.01 7.2    0.1
80     4.75 0.01 6.3    0.1
90     4.8  0.1  5.5    0.1
100    4.8  0.1  5.00   0.01
200    4.8  0.1  2.48   0.01
300    4.8  0.1  1.66   0.01
400    4.8  0.1  1.24   0.01
500    4.8  0.1  1.00   0.01
600    4.8  0.1  0.83   0.01
700    4.8  0.1  0.72   0.01
800    4.8  0.1  0.62   0.01
900    4.8  0.1  0.56   0.01
1000   4.8  0.1  0.500  0.001
2000   4.8  0.1  0.252  0.001
3000   4.8  0.1  0.171  0.001
4000   4.8  0.1  0.126  0.001
5000   4.8  0.1  0.102  0.001
6000   4.8  0.1  0.084  0.001
7000   4.8  0.1  0.072  0.001
8000   4.8  0.1  0.0644 0.0001
9000   4.8  0.1  0.0574 0.0001
10000  4.8  0.1  0.0516 0.0001
15000  4.58 0.01 0.0364 0.0001
20000  3.55 0.01 0.0306 0.0001
25000  2.95 0.01 0.0258 0.0001
30000  2.63 0.01 0.0222 0.0001
35000  2.25 0.01 0.0196 0.0001
40000  2.0  0.1  0.0173 0.0001
45000  1.78 0.01 0.0154 0.0001
50000  1.6  0.1  0.0141 0.0001
60000  1.35 0.01 0.0119 0.0001
70000  1.15 0.01 0.0104 0.0001
80000  1.0  0.1  0.0091 0.0001
90000  0.9  0.1  0.0082 0.0001
100000 0.78 0.01 0.0075 0.0001
200000 0.36 0.01 0.0039 0.0001
300000 0.21 0.01 0.0026 0.0001
400000 0.15 0.01 0.0021 0.0001
500000 0.12 0.01 0.0017 0.0001
600000 0.09 0.01 0.0014 0.0001