1      0.066 0.001 258    1
2      0.133 0.001 142    1
3      0.197 0.001 99     1
4      0.252 0.001 78     1
5      0.305 0.001 64.5   0.1
6      0.355 0.001 54.4   0.1
8      0.425 0.001 43.0   0.1
10     0.490 0.001 36.4   0.1
20     0.635 0.001 20.8   0.1
30     0.650 0.001 14.8   0.1
50     0.687 0.001 9.25   0.01
100    0.720 0.001 4.85   0.01
1000   0.720 0.001 0.51   0.01
10000  0.720 0.001 0.05   0.01
100000 0.750 0.001 0.0057 0.0001
120000 0.70  0.001 0.0053 0.0001
140000 0.605 0.001 0.0050 0.0001
160000 0.525 0.001 0.0045 0.0001
180000 0.467 0.001 0.0042 0.0001
200000 0.415 0.001 0.0039 0.0001