105.000 0.263
110.000 0.686
115.000 0.555
120.000 0.875
125.000 0.819
130.000 0.867
135.000 0.932
140.000 0.861
145.000 0.930
150.000 0.996
155.000 1.088
160.000 1.045
165.000 1.065
170.000 1.090
175.000 1.167
180.000 1.215
185.000 1.124
190.000 1.158
195.000 1.269
200.000 1.190
205.000 1.170
210.000 1.353
215.000 1.243
220.000 1.376
225.000 1.275
230.000 1.557
235.000 1.393
240.000 1.397
245.000 1.431
250.000 1.374
255.000 1.529
260.000 1.628
265.000 1.558
270.000 1.554
275.000 1.554
280.000 1.587
285.000 1.652
290.000 1.665
295.000 1.737
300.000 1.751
305.000 1.777
310.000 1.754
315.000 1.856
320.000 1.831
325.000 1.899
330.000 1.906
335.000 1.951
340.000 2.102
345.000 2.076
350.000 2.245
355.000 2.326
360.000 2.354
365.000 2.430
370.000 2.359
375.000 2.533
380.000 2.468
385.000 2.628
390.000 2.740
395.000 2.765
400.000 2.765
405.000 2.874
410.000 3.141
415.000 3.146
420.000 3.211
425.000 3.353
430.000 3.479
435.000 3.732
440.000 3.872
445.000 4.005
450.000 4.012
455.000 4.121
460.000 4.162
465.000 4.219
470.000 4.184
475.000 4.182
480.000 4.051
485.000 3.941
490.000 3.852
495.000 3.764
500.000 3.587
505.000 3.461
510.000 3.310
515.000 3.187
520.000 3.051
525.000 3.051
530.000 2.946
535.000 2.799
540.000 2.677
545.000 2.599
550.000 2.536
555.000 2.442
560.000 2.327
565.000 2.201
570.000 2.128
575.000 1.997
580.000 1.894
585.000 1.820
590.000 1.740
595.000 1.653
600.000 1.580
605.000 1.537
610.000 1.452
615.000 1.407
620.000 1.344
625.000 1.302
630.000 1.244
635.000 1.202
640.000 1.163
645.000 1.110
650.000 1.102
655.000 1.064
660.000 1.048
665.000 0.990
670.000 0.981
675.000 0.920
680.000 0.880
685.000 0.868
690.000 0.854
695.000 0.813
700.000 0.792
705.000 0.764
710.000 0.737
715.000 0.718
720.000 0.705
725.000 0.685
730.000 0.650
735.000 0.634
740.000 0.613
745.000 0.592
750.000 0.603
755.000 0.572
760.000 0.572
765.000 0.546
770.000 0.543
775.000 0.505
780.000 0.507
785.000 0.495
790.000 0.477
795.000 0.470
800.000 0.467
805.000 0.449
810.000 0.431
815.000 0.417
820.000 0.407
825.000 0.398
830.000 0.376
835.000 0.378
840.000 0.362
845.000 0.368
850.000 0.338
855.000 0.327
860.000 0.329
865.000 0.325
870.000 0.310
875.000 0.289
880.000 0.286
885.000 0.286
890.000 0.275
895.000 0.269
900.000 0.250
905.000 0.243
910.000 0.246
915.000 0.235
920.000 0.235
925.000 0.225
930.000 0.226
935.000 0.214
940.000 0.217
945.000 0.214
950.000 0.215
955.000 0.203
960.000 0.199
965.000 0.199
970.000 0.184
975.000 0.177
980.000 0.183
985.000 0.168
990.000 0.174
995.000 0.161
1000.000 0.164
1005.000 0.156
1010.000 0.156
1015.000 0.160
1020.000 0.168
1025.000 0.149
1030.000 0.162
1035.000 0.149
1040.000 0.143
1045.000 0.152
1050.000 0.141
1055.000 0.146
1060.000 0.143
1065.000 0.153
1070.000 0.148
1075.000 0.153
1080.000 0.149
1085.000 0.146
1090.000 0.150
1095.000 0.143
1100.000 0.154
1105.000 0.155
1110.000 0.159
1115.000 0.170
1120.000 0.165
1125.000 0.165
1130.000 0.175
1135.000 0.175
1140.000 0.165
1145.000 0.172
1150.000 0.170
1155.000 0.185
1160.000 0.183
1165.000 0.185
1170.000 0.182
1175.000 0.197
1180.000 0.197
1185.000 0.201
1190.000 0.199
1195.000 0.212
1200.000 0.212
1205.000 0.218
1210.000 0.225
1215.000 0.218
1220.000 0.233
1225.000 0.238
1230.000 0.251
1235.000 0.241
1240.000 0.255
1245.000 0.255
1250.000 0.254
1255.000 0.269
1260.000 0.272
1265.000 0.270
1270.000 0.267
1275.000 0.290
1280.000 0.289
1285.000 0.283
1290.000 0.294
1295.000 0.298
1300.000 0.307
1305.000 0.324
1310.000 0.329
1315.000 0.318
1320.000 0.322
1325.000 0.330
1330.000 0.349
1335.000 0.365
1340.000 0.364
1345.000 0.356
1350.000 0.369
1355.000 0.369
1360.000 0.384
1365.000 0.408
1370.000 0.408
1375.000 0.390
1380.000 0.410
1385.000 0.426
1390.000 0.429
1395.000 0.427
1400.000 0.445
1405.000 0.450
1410.000 0.464
1415.000 0.475
1420.000 0.467
1425.000 0.487
1430.000 0.493
1435.000 0.501
1440.000 0.503
1445.000 0.521
1450.000 0.525
1455.000 0.535
1460.000 0.542
1465.000 0.555
1470.000 0.564
1475.000 0.575
1480.000 0.586
1485.000 0.594
1490.000 0.607
1495.000 0.607
1500.000 0.618
1505.000 0.628
1510.000 0.637
1515.000 0.649
1520.000 0.662
1525.000 0.674
1530.000 0.685
1535.000 0.695
1540.000 0.707
1545.000 0.717
1550.000 0.724
1555.000 0.728
1560.000 0.749
1565.000 0.762
1570.000 0.779
1575.000 0.782
1580.000 0.802
1585.000 0.806
1590.000 0.816
1595.000 0.824
1600.000 0.838
1605.000 0.846
1610.000 0.863
1615.000 0.880
1620.000 0.880
1625.000 0.881
1630.000 0.886
1635.000 0.892
1640.000 0.908
1645.000 0.916
1650.000 0.906
1655.000 0.916
1660.000 0.927
1665.000 0.934
1670.000 0.918
1675.000 0.920
1680.000 0.919
1685.000 0.905
1690.000 0.900
1695.000 0.886
1700.000 0.882
1705.000 0.862
1710.000 0.861
1715.000 0.839
1720.000 0.831
1725.000 0.834
1730.000 0.834
1735.000 0.854
1740.000 0.865
1745.000 0.903
1750.000 0.919
1755.000 0.988
1760.000 1.027
1765.000 1.109
1770.000 1.175
1775.000 1.249
1780.000 1.319
1785.000 1.425
1790.000 1.489
1795.000 1.586
1800.000 1.664
1805.000 1.748
1810.000 1.831
1815.000 1.910
1820.000 1.994
1825.000 2.076
1830.000 2.156
1835.000 2.236
1840.000 2.299
1845.000 2.372
1850.000 2.452
1855.000 2.452
1860.000 2.525
1865.000 2.598
1870.000 2.670
1875.000 2.742
1880.000 2.813
1885.000 2.880
1890.000 2.942
1895.000 3.030
1900.000 3.110
1905.000 3.162
1910.000 3.201
1915.000 3.315
1920.000 3.358
1925.000 3.416
1930.000 3.481
1935.000 3.555
1940.000 3.652
1945.000 3.707
1950.000 3.772
1955.000 3.821
1960.000 3.861
1965.000 3.966
1970.000 4.046
1975.000 4.075
1980.000 4.075
1985.000 4.155
1990.000 4.214
1995.000 4.248
2000.000 4.339
2005.000 4.379
2010.000 4.450
2015.000 4.522
2020.000 4.597
2025.000 4.638
2030.000 4.699
2035.000 4.771
2040.000 4.817
2045.000 4.887
2050.000 4.934
2055.000 4.994
2060.000 5.058
2065.000 5.115
2070.000 5.182
2075.000 5.231
2080.000 5.307
2085.000 5.359
2090.000 5.430
2095.000 5.481
2100.000 5.543
2105.000 5.607
2110.000 5.607
2115.000 5.674
2120.000 5.745
2125.000 5.811
2130.000 5.879
2135.000 5.966
2140.000 6.032
2145.000 6.106
2150.000 6.192
2155.000 6.272
2160.000 6.345
2165.000 6.435
2170.000 6.535
2175.000 6.621
2180.000 6.718
2185.000 6.824
2190.000 6.930
2195.000 7.026
2200.000 7.138
2205.000 7.266
2210.000 7.397
2215.000 7.538
2220.000 7.538
2225.000 7.686
2230.000 7.840
2235.000 8.008
2240.000 8.172
2245.000 8.369
2250.000 8.552
2255.000 8.765
2260.000 8.977
2265.000 9.211
2270.000 9.464
2275.000 9.719
2280.000 9.998
2285.000 10.291
2290.000 10.596
2295.000 10.923
2300.000 11.262
2305.000 11.616
2310.000 11.956
2315.000 12.333
2320.000 12.709
2325.000 13.071
2330.000 13.414
2335.000 13.759
2340.000 14.077
2345.000 14.077
2350.000 14.339
2355.000 14.549
2360.000 14.681
2365.000 14.728
2370.000 14.682
2375.000 14.573
2380.000 14.340
2385.000 14.034
2390.000 13.635
2395.000 13.197
2400.000 12.714
2405.000 12.222
2410.000 11.692
2415.000 11.185
2420.000 10.653
2425.000 10.156
2430.000 9.685
2435.000 9.232
2440.000 8.804
2445.000 8.386
2450.000 7.998
2455.000 7.640
2460.000 7.293
2465.000 6.964
2470.000 6.964
2475.000 6.666
2480.000 6.386
2485.000 6.130
2490.000 5.881
2495.000 5.642
2500.000 5.430
2505.000 5.215
2510.000 5.026
2515.000 4.847
2520.000 4.677
2525.000 4.511
2530.000 4.359
2535.000 4.210
2540.000 4.071
2545.000 3.942
2550.000 3.818
2555.000 3.700
2560.000 3.588
2565.000 3.483
2570.000 3.385
2575.000 3.282
2580.000 3.194
2585.000 3.102
2590.000 3.020
2595.000 3.020
2600.000 2.946
2605.000 2.863
2610.000 2.788
2615.000 2.722
2620.000 2.664
2625.000 2.591
2630.000 2.522
2635.000 2.463
2640.000 2.407
2645.000 2.347
2650.000 2.296
2655.000 2.249
2660.000 2.198
2665.000 2.154
2670.000 2.105
2675.000 2.062
2680.000 2.019
2685.000 1.979
2690.000 1.938
2695.000 1.907
2700.000 1.865
2705.000 1.865
2710.000 1.832
2715.000 1.798
2720.000 1.761
2725.000 1.729
2730.000 1.701
2735.000 1.671
2740.000 1.640
2745.000 1.613
2750.000 1.586
2755.000 1.559
2760.000 1.537
2765.000 1.508
2770.000 1.482
2775.000 1.456
2780.000 1.437
2785.000 1.412
2790.000 1.390
2795.000 1.370
2800.000 1.349
2805.000 1.329
2810.000 1.310
2815.000 1.289
2820.000 1.273
2825.000 1.250
2830.000 1.250
2835.000 1.236
2840.000 1.219
2845.000 1.205
2850.000 1.184
2855.000 1.170
2860.000 1.153
2865.000 1.139
2870.000 1.122
2875.000 1.110
2880.000 1.094
2885.000 1.077
2890.000 1.069
2895.000 1.050
2900.000 1.040
2905.000 1.026
2910.000 1.017
2915.000 1.002
2920.000 0.992
2925.000 0.979
2930.000 0.970
2935.000 0.956
2940.000 0.949
2945.000 0.933
2950.000 0.924
2955.000 0.924
2960.000 0.916
2965.000 0.910
2970.000 0.896
2975.000 0.887
2980.000 0.882
2985.000 0.866
2990.000 0.860
2995.000 0.852
3000.000 0.842
3005.000 0.835
3010.000 0.828
3015.000 0.823
3020.000 0.813
3025.000 0.804
3030.000 0.796
3035.000 0.786
3040.000 0.782
3045.000 0.776
3050.000 0.772
3055.000 0.764
3060.000 0.757
3065.000 0.749
3070.000 0.743
3075.000 0.739
3080.000 0.739
3085.000 0.731
3090.000 0.725
3095.000 0.717
3100.000 0.709
3105.000 0.705
3110.000 0.700
3115.000 0.692
3120.000 0.691
3125.000 0.684
3130.000 0.680
3135.000 0.672
3140.000 0.668
3145.000 0.667
3150.000 0.659
3155.000 0.660
3160.000 0.652
3165.000 0.649
3170.000 0.645
3175.000 0.640
3180.000 0.634
3185.000 0.627
3190.000 0.627
3195.000 0.624
3200.000 0.622
3205.000 0.618
3210.000 0.612
3215.000 0.605
3220.000 0.604
3225.000 0.608
3230.000 0.601
3235.000 0.597
3240.000 0.589
3245.000 0.589
3250.000 0.586
3255.000 0.585
3260.000 0.578
3265.000 0.577
3270.000 0.573
3275.000 0.566
3280.000 0.566
3285.000 0.562
3290.000 0.562
3295.000 0.557
3300.000 0.556
3305.000 0.555
3310.000 0.552
3315.000 0.552
3320.000 0.547
3325.000 0.544
3330.000 0.543
3335.000 0.544
3340.000 0.536
3345.000 0.539
3350.000 0.536
3355.000 0.533
3360.000 0.528
3365.000 0.528
3370.000 0.532
3375.000 0.525
3380.000 0.523
3385.000 0.523
3390.000 0.522
3395.000 0.517
3400.000 0.514
3405.000 0.512
3410.000 0.510
3415.000 0.510
3420.000 0.512
3425.000 0.509
3430.000 0.506
3435.000 0.509
3440.000 0.509
3445.000 0.503
3450.000 0.505
3455.000 0.503
3460.000 0.501
3465.000 0.500
3470.000 0.500
3475.000 0.500
3480.000 0.495
3485.000 0.496
3490.000 0.496
3495.000 0.492
3500.000 0.495
3505.000 0.494
3510.000 0.491
3515.000 0.489
3520.000 0.490
3525.000 0.490
3530.000 0.489
3535.000 0.481
3540.000 0.488
3545.000 0.484
3550.000 0.482
3555.000 0.484
3560.000 0.481
3565.000 0.481
3570.000 0.477
3575.000 0.481
3580.000 0.477
3585.000 0.478
3590.000 0.479
3595.000 0.475
3600.000 0.479
3605.000 0.477
3610.000 0.475
3615.000 0.475
3620.000 0.478
3625.000 0.474
3630.000 0.472
3635.000 0.475
3640.000 0.467
3645.000 0.471
3650.000 0.471
3655.000 0.468
3660.000 0.467
3665.000 0.470
3670.000 0.467
3675.000 0.467
3680.000 0.469
3685.000 0.470
3690.000 0.467
3695.000 0.467
3700.000 0.469
3705.000 0.471
3710.000 0.468
3715.000 0.465
3720.000 0.464
3725.000 0.467
3730.000 0.466
3735.000 0.468
3740.000 0.467
3745.000 0.470
3750.000 0.465
3755.000 0.469
3760.000 0.464
3765.000 0.469
3770.000 0.467
3775.000 0.467
3780.000 0.468
3785.000 0.467
3790.000 0.466
3795.000 0.467
3800.000 0.471
3805.000 0.471
3810.000 0.468
3815.000 0.471
3820.000 0.470
3825.000 0.468
3830.000 0.471
3835.000 0.469
3840.000 0.473
3845.000 0.470
3850.000 0.470
3855.000 0.473
3860.000 0.472
3865.000 0.476
3870.000 0.476
3875.000 0.478
3880.000 0.477
3885.000 0.475
3890.000 0.476
3895.000 0.477
3900.000 0.478
3905.000 0.480
3910.000 0.482
3915.000 0.482
3920.000 0.482
3925.000 0.484
3930.000 0.484
3935.000 0.486
3940.000 0.484
3945.000 0.487
3950.000 0.490
3955.000 0.494
3960.000 0.490
3965.000 0.490
3970.000 0.493
3975.000 0.496
3980.000 0.503
3985.000 0.502
3990.000 0.499
3995.000 0.504
4000.000 0.505
4005.000 0.504
4010.000 0.503
4015.000 0.509
4020.000 0.510
4025.000 0.513
4030.000 0.516
4035.000 0.516
4040.000 0.516
4045.000 0.521
4050.000 0.523
4055.000 0.523
4060.000 0.526
4065.000 0.526
4070.000 0.529
4075.000 0.533
4080.000 0.536
4085.000 0.536
4090.000 0.539
4095.000 0.541
4100.000 0.544
4105.000 0.548
4110.000 0.553
4115.000 0.557
4120.000 0.557
4125.000 0.564
4130.000 0.565
4135.000 0.568
4140.000 0.572
4145.000 0.578
4150.000 0.581
4155.000 0.586
4160.000 0.594
4165.000 0.594
4170.000 0.591
4175.000 0.596
4180.000 0.600
4185.000 0.606
4190.000 0.611
4195.000 0.615
4200.000 0.621
4205.000 0.629
4210.000 0.632
4215.000 0.640
4220.000 0.646
4225.000 0.650
4230.000 0.657
4235.000 0.664
4240.000 0.669
4245.000 0.680
4250.000 0.688
4255.000 0.690
4260.000 0.701
4265.000 0.705
4270.000 0.718
4275.000 0.724
4280.000 0.727
4285.000 0.736
4290.000 0.736
4295.000 0.741
4300.000 0.741
4305.000 0.754
4310.000 0.753
4315.000 0.752
4320.000 0.758
4325.000 0.755
4330.000 0.762
4335.000 0.765
4340.000 0.768
4345.000 0.776
4350.000 0.782
4355.000 0.793
4360.000 0.803
4365.000 0.818
4370.000 0.834
4375.000 0.844
4380.000 0.864
4385.000 0.887
4390.000 0.905
4395.000 0.922
4400.000 0.944
4405.000 0.966
4410.000 0.987
4415.000 0.987
4420.000 1.014
4425.000 1.042
4430.000 1.073
4435.000 1.099
4440.000 1.128
4445.000 1.163
4450.000 1.200
4455.000 1.235
4460.000 1.274
4465.000 1.315
4470.000 1.364
4475.000 1.411
4480.000 1.465
4485.000 1.523
4490.000 1.582
4495.000 1.653
4500.000 1.721
4505.000 1.803
4510.000 1.891
4515.000 1.982
4520.000 2.088
4525.000 2.210
4530.000 2.338
4535.000 2.486
4540.000 2.486
4545.000 2.652
4550.000 2.833
4555.000 3.047
4560.000 3.294
4565.000 3.578
4570.000 3.894
4575.000 4.273
4580.000 4.709
4585.000 5.285
4590.000 5.904
4595.000 6.639
4600.000 7.491
4605.000 8.439
4610.000 9.517
4615.000 10.335
4620.000 10.801
4625.000 10.748
4630.000 10.147
4635.000 9.305
4640.000 8.331
4645.000 7.440
4650.000 7.440
4655.000 6.681
4660.000 6.041
4665.000 5.532
4670.000 5.083
4675.000 4.707
4680.000 4.380
4685.000 4.107
4690.000 3.866
4695.000 3.655
4700.000 3.462
4705.000 3.291
4710.000 3.136
4715.000 2.998
4720.000 2.866
4725.000 2.739
4730.000 2.622
4735.000 2.514
4740.000 2.408
4745.000 2.305
4750.000 2.207
4755.000 2.111
4760.000 2.020
4765.000 1.928
4770.000 1.838
4775.000 1.838
4780.000 1.755
4785.000 1.674
4790.000 1.593
4795.000 1.515
4800.000 1.438
4805.000 1.371
4810.000 1.298
4815.000 1.232
4820.000 1.173
4825.000 1.118
4830.000 1.071
4835.000 1.027
4840.000 0.985
4845.000 0.948
4850.000 0.922
4855.000 0.895
4860.000 0.872
4865.000 0.855
4870.000 0.846
4875.000 0.840
4880.000 0.836
4885.000 0.838
4890.000 0.842
4895.000 0.849
4900.000 0.849
4905.000 0.858
4910.000 0.866
4915.000 0.882
4920.000 0.898
4925.000 0.912
4930.000 0.931
4935.000 0.953
4940.000 0.968
4945.000 0.994
4950.000 1.018
4955.000 1.040
4960.000 1.066
4965.000 1.088
4970.000 1.116
4975.000 1.137
4980.000 1.168
4985.000 1.194
4990.000 1.218
4995.000 1.247
5000.000 1.270
5005.000 1.303
5010.000 1.329
5015.000 1.357
5020.000 1.382
5025.000 1.382
5030.000 1.415
5035.000 1.440
5040.000 1.462
5045.000 1.491
5050.000 1.517
5055.000 1.543
5060.000 1.569
5065.000 1.589
5070.000 1.615
5075.000 1.637
5080.000 1.659
5085.000 1.675
5090.000 1.694
5095.000 1.709
5100.000 1.722
5105.000 1.735
5110.000 1.751
5115.000 1.759
5120.000 1.766
5125.000 1.772
5130.000 1.775
5135.000 1.775
5140.000 1.775
5145.000 1.777
5150.000 1.773
5155.000 1.775
5160.000 1.767
5165.000 1.759
5170.000 1.747
5175.000 1.740
5180.000 1.727
5185.000 1.716
5190.000 1.705
5195.000 1.685
5200.000 1.671
5205.000 1.654
5210.000 1.637
5215.000 1.616
5220.000 1.599
5225.000 1.576
5230.000 1.555
5235.000 1.534
5240.000 1.514
5245.000 1.489
5250.000 1.466
5255.000 1.445
5260.000 1.445
5265.000 1.420
5270.000 1.395
5275.000 1.371
5280.000 1.340
5285.000 1.309
5290.000 1.278
5295.000 1.239
5300.000 1.197
5305.000 1.162
5310.000 1.141
5315.000 1.150
5320.000 1.170
5325.000 1.192
5330.000 1.215
5335.000 1.230
5340.000 1.242
5345.000 1.246
5350.000 1.250
5355.000 1.249
5360.000 1.247
5365.000 1.243
5370.000 1.239
5375.000 1.236
5380.000 1.224
5385.000 1.224
5390.000 1.221
5395.000 1.209
5400.000 1.201
5405.000 1.191
5410.000 1.183
5415.000 1.172
5420.000 1.159
5425.000 1.147
5430.000 1.136
5435.000 1.128
5440.000 1.118
5445.000 1.104
5450.000 1.094
5455.000 1.081
5460.000 1.072
5465.000 1.060
5470.000 1.051
5475.000 1.037
5480.000 1.029
5485.000 1.020
5490.000 1.008
5495.000 0.997
5500.000 0.991
5505.000 0.978
5510.000 0.978
5515.000 0.973
5520.000 0.962
5525.000 0.957
5530.000 0.946
5535.000 0.936
5540.000 0.930
5545.000 0.924
5550.000 0.916
5555.000 0.910
5560.000 0.900
5565.000 0.893
5570.000 0.891
5575.000 0.882
5580.000 0.880
5585.000 0.870
5590.000 0.865
5595.000 0.855
5600.000 0.851
5605.000 0.845
5610.000 0.839
5615.000 0.836
5620.000 0.832
5625.000 0.832
5630.000 0.828
5635.000 0.821
5640.000 0.818
5645.000 0.813
5650.000 0.806
5655.000 0.800
5660.000 0.797
5665.000 0.793
5670.000 0.791
5675.000 0.789
5680.000 0.778
5685.000 0.778
5690.000 0.773
5695.000 0.770
5700.000 0.768
5705.000 0.763
5710.000 0.761
5715.000 0.757
5720.000 0.747
5725.000 0.749
5730.000 0.750
5735.000 0.744
5740.000 0.744
5745.000 0.740
5750.000 0.740
5755.000 0.738
5760.000 0.733
5765.000 0.730
5770.000 0.728
5775.000 0.728
5780.000 0.725
5785.000 0.721
5790.000 0.723
5795.000 0.718
5800.000 0.714
5805.000 0.715
5810.000 0.714
5815.000 0.710
5820.000 0.708
5825.000 0.706
5830.000 0.702
5835.000 0.704
5840.000 0.703
5845.000 0.703
5850.000 0.700
5855.000 0.701
5860.000 0.699
5865.000 0.702
5870.000 0.695
5875.000 0.695
5880.000 0.698
5885.000 0.695
5890.000 0.691
5895.000 0.690
5900.000 0.690
5905.000 0.690
5910.000 0.692
5915.000 0.689
5920.000 0.689
5925.000 0.687
5930.000 0.687
5935.000 0.686
5940.000 0.685
5945.000 0.684
5950.000 0.682
5955.000 0.686
5960.000 0.686
5965.000 0.683
5970.000 0.682
5975.000 0.686
5980.000 0.686
5985.000 0.685
5990.000 0.686
5995.000 0.686
6000.000 0.686
6005.000 0.687
6010.000 0.686
6015.000 0.687
6020.000 0.688
6025.000 0.686
6030.000 0.687
6035.000 0.686
6040.000 0.689
6045.000 0.692
6050.000 0.691
6055.000 0.691
6060.000 0.692
6065.000 0.694
6070.000 0.698
6075.000 0.696
6080.000 0.699
6085.000 0.699
6090.000 0.699
6095.000 0.700
6100.000 0.701
6105.000 0.706
6110.000 0.706
6115.000 0.708
6120.000 0.706
6125.000 0.708
6130.000 0.711
6135.000 0.708
6140.000 0.712
6145.000 0.716
6150.000 0.717
6155.000 0.721
6160.000 0.722
6165.000 0.725
6170.000 0.724
6175.000 0.728
6180.000 0.729
6185.000 0.731
6190.000 0.734
6195.000 0.737
6200.000 0.742
6205.000 0.742
6210.000 0.747
6215.000 0.750
6220.000 0.754
6225.000 0.754
6230.000 0.757
6235.000 0.757
6240.000 0.758
6245.000 0.766
6250.000 0.766
6255.000 0.772
6260.000 0.771
6265.000 0.779
6270.000 0.780
6275.000 0.784
6280.000 0.788
6285.000 0.791
6290.000 0.798
6295.000 0.801
6300.000 0.804
6305.000 0.809
6310.000 0.814
6315.000 0.818
6320.000 0.821
6325.000 0.827
6330.000 0.829
6335.000 0.838
6340.000 0.840
6345.000 0.847
6350.000 0.848
6355.000 0.859
6360.000 0.859
6365.000 0.862
6370.000 0.869
6375.000 0.874
6380.000 0.880
6385.000 0.886
6390.000 0.890
6395.000 0.896
6400.000 0.906
6405.000 0.913
6410.000 0.921
6415.000 0.925
6420.000 0.931
6425.000 0.940
6430.000 0.946
6435.000 0.955
6440.000 0.962
6445.000 0.970
6450.000 0.978
6455.000 0.989
6460.000 0.999
6465.000 1.006
6470.000 1.014
6475.000 1.028
6480.000 1.032
6485.000 1.032
6490.000 1.044
6495.000 1.059
6500.000 1.065
6505.000 1.076
6510.000 1.092
6515.000 1.099
6520.000 1.107
6525.000 1.123
6530.000 1.135
6535.000 1.149
6540.000 1.158
6545.000 1.176
6550.000 1.189
6555.000 1.205
6560.000 1.219
6565.000 1.235
6570.000 1.254
6575.000 1.268
6580.000 1.288
6585.000 1.306
6590.000 1.326
6595.000 1.326
6600.000 1.340
6605.000 1.362
6610.000 1.384
6615.000 1.404
6620.000 1.429
6625.000 1.452
6630.000 1.473
6635.000 1.499
6640.000 1.525
6645.000 1.549
6650.000 1.579
6655.000 1.608
6660.000 1.640
6665.000 1.672
6670.000 1.708
6675.000 1.741
6680.000 1.778
6685.000 1.814
6690.000 1.850
6695.000 1.893
6700.000 1.937
6705.000 1.984
6710.000 2.034
6715.000 2.075
6720.000 2.075
6725.000 2.130
6730.000 2.184
6735.000 2.245
6740.000 2.306
6745.000 2.375
6750.000 2.440
6755.000 2.515
6760.000 2.596
6765.000 2.680
6770.000 2.771
6775.000 2.869
6780.000 2.971
6785.000 3.085
6790.000 3.208
6795.000 3.337
6800.000 3.478
6805.000 3.631
6810.000 3.797
6815.000 3.983
6820.000 4.194
6825.000 4.419
6830.000 4.674
6835.000 4.955
6840.000 5.276
6845.000 5.276
6850.000 5.640
6855.000 6.053
6860.000 6.518
6865.000 7.115
6870.000 7.775
6875.000 8.523
6880.000 9.420
6885.000 10.444
6890.000 11.696
6895.000 13.098
6900.000 14.693
6905.000 16.308
6910.000 17.747
6915.000 18.677
6920.000 18.698
6925.000 17.766
6930.000 16.109
6935.000 14.184
6940.000 12.481
6945.000 11.023
6950.000 9.805
6955.000 8.830
6960.000 7.981
6965.000 7.287
6970.000 7.287
6975.000 6.694
6980.000 6.180
6985.000 5.747
6990.000 5.355
6995.000 5.029
7000.000 4.722
7005.000 4.464
7010.000 4.221
7015.000 4.002
7020.000 3.805
7025.000 3.630
7030.000 3.468
7035.000 3.318
7040.000 3.179
7045.000 3.049
7050.000 2.929
7055.000 2.824
7060.000 2.722
7065.000 2.623
7070.000 2.537
7075.000 2.453
7080.000 2.372
7085.000 2.298
7090.000 2.288
7095.000 2.217
7100.000 2.152
7105.000 2.092
7110.000 2.035
7115.000 1.977
7120.000 1.922
7125.000 1.874
7130.000 1.827
7135.000 1.781
7140.000 1.740
7145.000 1.696
7150.000 1.661
7155.000 1.623
7160.000 1.592
7165.000 1.553
7170.000 1.523
7175.000 1.490
7180.000 1.464
7185.000 1.436
7190.000 1.403
7195.000 1.369
7200.000 1.345
7205.000 1.345
7210.000 1.322
7215.000 1.298
7220.000 1.272
7225.000 1.255
7230.000 1.235
7235.000 1.210
7240.000 1.190
7245.000 1.172
7250.000 1.158
7255.000 1.134
7260.000 1.120
7265.000 1.104
7270.000 1.085
7275.000 1.073
7280.000 1.057
7285.000 1.042
7290.000 1.028
7295.000 1.012
7300.000 1.000
7305.000 0.985
7310.000 0.974
7315.000 0.959
7320.000 0.950
7325.000 0.935
7330.000 0.935
7335.000 0.927
7340.000 0.917
7345.000 0.903
7350.000 0.893
7355.000 0.880
7360.000 0.872
7365.000 0.862
7370.000 0.850
7375.000 0.844
7380.000 0.830
7385.000 0.824
7390.000 0.815
7395.000 0.804
7400.000 0.796
7405.000 0.784
7410.000 0.779
7415.000 0.768
7420.000 0.761
7425.000 0.751
7430.000 0.740
7435.000 0.733
7440.000 0.725
7445.000 0.714
7450.000 0.706
7455.000 0.698
7460.000 0.698
7465.000 0.688
7470.000 0.678
7475.000 0.670
7480.000 0.660
7485.000 0.653
7490.000 0.655
7495.000 0.674
7500.000 0.696
7505.000 0.720
7510.000 0.731
7515.000 0.732
7520.000 0.727
7525.000 0.721
7530.000 0.719
7535.000 0.707
7540.000 0.698
7545.000 0.692
7550.000 0.682
7555.000 0.678
7560.000 0.670
7565.000 0.668
7570.000 0.659
7575.000 0.652
7580.000 0.648
7585.000 0.648
7590.000 0.642
7595.000 0.635
7600.000 0.636
7605.000 0.627
7610.000 0.626
7615.000 0.621
7620.000 0.619
7625.000 0.614
7630.000 0.606
7635.000 0.605
7640.000 0.602
7645.000 0.595
7650.000 0.593
7655.000 0.590
7660.000 0.585
7665.000 0.583
7670.000 0.576
7675.000 0.580
7680.000 0.572
7685.000 0.570
7690.000 0.570
7695.000 0.570
7700.000 0.565
7705.000 0.562
7710.000 0.557
7715.000 0.558
7720.000 0.558
7725.000 0.550
7730.000 0.548
7735.000 0.547
7740.000 0.545
7745.000 0.544
7750.000 0.541
7755.000 0.536
7760.000 0.535
7765.000 0.533
7770.000 0.531
7775.000 0.530
7780.000 0.528
7785.000 0.524
7790.000 0.522
7795.000 0.523
7800.000 0.520
7805.000 0.516
7810.000 0.515
7815.000 0.516
7820.000 0.516
7825.000 0.514
7830.000 0.510
7835.000 0.510
7840.000 0.507
7845.000 0.506
7850.000 0.506
7855.000 0.504
7860.000 0.501
7865.000 0.503
7870.000 0.501
7875.000 0.501
7880.000 0.498
7885.000 0.499
7890.000 0.497
7895.000 0.494
7900.000 0.493
7905.000 0.492
7910.000 0.493
7915.000 0.490
7920.000 0.491
7925.000 0.488
7930.000 0.489
7935.000 0.488
7940.000 0.488
7945.000 0.488
7950.000 0.490
7955.000 0.488
7960.000 0.492
7965.000 0.492
7970.000 0.496
7975.000 0.496
7980.000 0.494
7985.000 0.496
7990.000 0.486
7995.000 0.484
8000.000 0.481
8005.000 0.477
8010.000 0.480
8015.000 0.477
8020.000 0.478
8025.000 0.478
8030.000 0.475
8035.000 0.478
8040.000 0.475
8045.000 0.475
8050.000 0.476
8055.000 0.474
8060.000 0.476
8065.000 0.479
8070.000 0.479
8075.000 0.475
8080.000 0.476
8085.000 0.474
8090.000 0.474
8095.000 0.474
8100.000 0.477
8105.000 0.473
8110.000 0.474
8115.000 0.474
8120.000 0.473
8125.000 0.474
8130.000 0.476
8135.000 0.473
8140.000 0.475
8145.000 0.476
8150.000 0.472
8155.000 0.476
8160.000 0.476
8165.000 0.476
8170.000 0.476
8175.000 0.475
8180.000 0.475
8185.000 0.477
8190.000 0.477
8195.000 0.476
8200.000 0.475
8205.000 0.476
8210.000 0.478
8215.000 0.474
8220.000 0.479
8225.000 0.476
8230.000 0.477
8235.000 0.478
8240.000 0.479
8245.000 0.479
8250.000 0.477
8255.000 0.478
8260.000 0.476
8265.000 0.476
8270.000 0.479
8275.000 0.475
8280.000 0.477
8285.000 0.476
8290.000 0.476
8295.000 0.473
8300.000 0.477
8305.000 0.477
8310.000 0.486
8315.000 0.490
8320.000 0.499
8325.000 0.506
8330.000 0.507
8335.000 0.512
8340.000 0.515
8345.000 0.514
8350.000 0.518
8355.000 0.519
8360.000 0.517
8365.000 0.519
8370.000 0.517
8375.000 0.522
8380.000 0.523
8385.000 0.521
8390.000 0.527
8395.000 0.527
8400.000 0.522
8405.000 0.528
8410.000 0.527
8415.000 0.532
8420.000 0.529
8425.000 0.532
8430.000 0.532
8435.000 0.535
8440.000 0.535
8445.000 0.538
8450.000 0.540
8455.000 0.540
8460.000 0.543
8465.000 0.545
8470.000 0.548
8475.000 0.552
8480.000 0.551
8485.000 0.553
8490.000 0.555
8495.000 0.555
8500.000 0.557
8505.000 0.562
8510.000 0.562
8515.000 0.566
8520.000 0.566
8525.000 0.571
8530.000 0.574
8535.000 0.573
8540.000 0.579
8545.000 0.585
8550.000 0.583
8555.000 0.583
8560.000 0.589
8565.000 0.590
8570.000 0.593
8575.000 0.595
8580.000 0.600
8585.000 0.602
8590.000 0.604
8595.000 0.607
8600.000 0.611
8605.000 0.615
8610.000 0.617
8615.000 0.623
8620.000 0.627
8625.000 0.628
8630.000 0.636
8635.000 0.640
8640.000 0.642
8645.000 0.645
8650.000 0.652
8655.000 0.652
8660.000 0.660
8665.000 0.660
8670.000 0.667
8675.000 0.668
8680.000 0.677
8685.000 0.678
8690.000 0.685
8695.000 0.688
8700.000 0.690
8705.000 0.698
8710.000 0.703
8715.000 0.709
8720.000 0.719
8725.000 0.722
8730.000 0.727
8735.000 0.732
8740.000 0.740
8745.000 0.743
8750.000 0.754
8755.000 0.758
8760.000 0.763
8765.000 0.774
8770.000 0.780
8775.000 0.787
8780.000 0.792
8785.000 0.804
8790.000 0.804
8795.000 0.811
8800.000 0.818
8805.000 0.827
8810.000 0.835
8815.000 0.846
8820.000 0.855
8825.000 0.865
8830.000 0.875
8835.000 0.885
8840.000 0.895
8845.000 0.906
8850.000 0.915
8855.000 0.926
8860.000 0.940
8865.000 0.953
8870.000 0.970
8875.000 0.982
8880.000 0.991
8885.000 1.009
8890.000 1.024
8895.000 1.038
8900.000 1.051
8905.000 1.066
8910.000 1.083
8915.000 1.083
8920.000 1.100
8925.000 1.121
8930.000 1.137
8935.000 1.152
8940.000 1.171
8945.000 1.194
8950.000 1.213
8955.000 1.236
8960.000 1.261
8965.000 1.284
8970.000 1.308
8975.000 1.332
8980.000 1.365
8985.000 1.389
8990.000 1.418
8995.000 1.454
9000.000 1.483
9005.000 1.517
9010.000 1.555
9015.000 1.590
9020.000 1.629
9025.000 1.671
9030.000 1.716
9035.000 1.757
9040.000 1.757
9045.000 1.812
9050.000 1.862
9055.000 1.920
9060.000 1.982
9065.000 2.044
9070.000 2.114
9075.000 2.187
9080.000 2.276
9085.000 2.364
9090.000 2.453
9095.000 2.555
9100.000 2.663
9105.000 2.781
9110.000 2.912
9115.000 3.052
9120.000 3.214
9125.000 3.398
9130.000 3.597
9135.000 3.823
9140.000 4.066
9145.000 4.334
9150.000 4.655
9155.000 4.655
9160.000 4.961
9165.000 5.384
9170.000 5.845
9175.000 6.369
9180.000 6.958
9185.000 7.642
9190.000 8.371
9195.000 9.090
9200.000 9.751
9205.000 10.275
9210.000 10.559
9215.000 10.519
9220.000 10.178
9225.000 9.553
9230.000 8.833
9235.000 7.879
9240.000 7.112
9245.000 6.411
9250.000 5.824
9255.000 5.311
9260.000 4.870
9265.000 4.479
9270.000 4.165
9275.000 3.872
9280.000 3.872
9285.000 3.612
9290.000 3.394
9295.000 3.199
9300.000 3.009
9305.000 2.847
9310.000 2.704
9315.000 2.573
9320.000 2.457
9325.000 2.341
9330.000 2.245
9335.000 2.151
9340.000 2.068
9345.000 2.000
9350.000 1.926
9355.000 1.853
9360.000 1.794
9365.000 1.732
9370.000 1.679
9375.000 1.629
9380.000 1.579
9385.000 1.532
9390.000 1.489
9395.000 1.449
9400.000 1.408
9405.000 1.408
9410.000 1.369
9415.000 1.338
9420.000 1.300
9425.000 1.268
9430.000 1.240
9435.000 1.205
9440.000 1.179
9445.000 1.154
9450.000 1.130
9455.000 1.106
9460.000 1.080
9465.000 1.058
9470.000 1.036
9475.000 1.013
9480.000 0.999
9485.000 0.979
9490.000 0.958
9495.000 0.944
9500.000 0.926
9505.000 0.909
9510.000 0.896
9515.000 0.880
9520.000 0.866
9525.000 0.850
9530.000 0.850
9535.000 0.838
9540.000 0.827
9545.000 0.814
9550.000 0.797
9555.000 0.785
9560.000 0.775
9565.000 0.761
9570.000 0.751
9575.000 0.741
9580.000 0.728
9585.000 0.719
9590.000 0.711
9595.000 0.702
9600.000 0.688
9605.000 0.678
9610.000 0.671
9615.000 0.661
9620.000 0.658
9625.000 0.644
9630.000 0.639
9635.000 0.630
9640.000 0.630
9645.000 0.622
9650.000 0.616
9655.000 0.608
9660.000 0.602
9665.000 0.594
9670.000 0.590
9675.000 0.586
9680.000 0.573
9685.000 0.569
9690.000 0.564
9695.000 0.559
9700.000 0.552
9705.000 0.546
9710.000 0.542
9715.000 0.536
9720.000 0.527
9725.000 0.524
9730.000 0.519
9735.000 0.515
9740.000 0.510
9745.000 0.505
9750.000 0.502
9755.000 0.497
9760.000 0.491
9765.000 0.491
9770.000 0.485
9775.000 0.481
9780.000 0.478
9785.000 0.475
9790.000 0.468
9795.000 0.468
9800.000 0.464
9805.000 0.458
9810.000 0.452
9815.000 0.452
9820.000 0.445
9825.000 0.442
9830.000 0.438
9835.000 0.437
9840.000 0.432
9845.000 0.430
9850.000 0.426
9855.000 0.423
9860.000 0.420
9865.000 0.419
9870.000 0.413
9875.000 0.415
9880.000 0.409
9885.000 0.406
9890.000 0.406
9895.000 0.402
9900.000 0.401
9905.000 0.400
9910.000 0.396
9915.000 0.393
9920.000 0.391
9925.000 0.387
9930.000 0.383
9935.000 0.382
9940.000 0.378
9945.000 0.379
9950.000 0.372
9955.000 0.371
9960.000 0.370
9965.000 0.367
9970.000 0.366
9975.000 0.364
9980.000 0.359
9985.000 0.358
9990.000 0.357
9995.000 0.353
10000.000 0.347
10005.000 0.349
10010.000 0.345
10015.000 0.344
10020.000 0.345
10025.000 0.343
10030.000 0.342
10035.000 0.336
10040.000 0.337
10045.000 0.335
10050.000 0.333
10055.000 0.333
10060.000 0.330
10065.000 0.332
10070.000 0.328
10075.000 0.329
10080.000 0.325
10085.000 0.326
10090.000 0.324
10095.000 0.319
10100.000 0.319
10105.000 0.322
10110.000 0.318
10115.000 0.316
10120.000 0.319
10125.000 0.319
10130.000 0.314
10135.000 0.312
10140.000 0.310
10145.000 0.309
10150.000 0.313
10155.000 0.310
10160.000 0.306
10165.000 0.306
10170.000 0.304
10175.000 0.305
10180.000 0.303
10185.000 0.304
10190.000 0.304
10195.000 0.301
10200.000 0.297
10205.000 0.301
10210.000 0.300
10215.000 0.301
10220.000 0.299
10225.000 0.299
10230.000 0.301
10235.000 0.304
10240.000 0.301
10245.000 0.300
10250.000 0.300
10255.000 0.300
10260.000 0.298
10265.000 0.298
10270.000 0.300
10275.000 0.298
10280.000 0.299
10285.000 0.298
10290.000 0.298
10295.000 0.297
10300.000 0.294
10305.000 0.292
10310.000 0.295
10315.000 0.296
10320.000 0.292
10325.000 0.293
10330.000 0.289
10335.000 0.291
10340.000 0.287
10345.000 0.287
10350.000 0.291
10355.000 0.287
10360.000 0.287
10365.000 0.287
10370.000 0.289
10375.000 0.289
10380.000 0.287
10385.000 0.286
10390.000 0.285
10395.000 0.286
10400.000 0.289
10405.000 0.284
10410.000 0.285
10415.000 0.286
10420.000 0.287
10425.000 0.283
10430.000 0.282
10435.000 0.285
10440.000 0.281
10445.000 0.282
10450.000 0.282
10455.000 0.282
10460.000 0.282
10465.000 0.285
10470.000 0.282
10475.000 0.284
10480.000 0.283
10485.000 0.281
10490.000 0.284
10495.000 0.286
10500.000 0.286
10505.000 0.284
10510.000 0.284
10515.000 0.286
10520.000 0.284
10525.000 0.286
10530.000 0.286
10535.000 0.287
10540.000 0.289
10545.000 0.288
10550.000 0.290
10555.000 0.289
10560.000 0.287
10565.000 0.288
10570.000 0.285
10575.000 0.284
10580.000 0.283
10585.000 0.281
10590.000 0.279
10595.000 0.285
10600.000 0.284
10605.000 0.285
10610.000 0.285
10615.000 0.284
10620.000 0.291
10625.000 0.292
10630.000 0.293
10635.000 0.296
10640.000 0.293
10645.000 0.297
10650.000 0.299
10655.000 0.300
10660.000 0.300
10665.000 0.301
10670.000 0.301
10675.000 0.303
10680.000 0.306
10685.000 0.302
10690.000 0.303
10695.000 0.303
10700.000 0.306
10705.000 0.305
10710.000 0.304
10715.000 0.304
10720.000 0.307
10725.000 0.306
10730.000 0.305
10735.000 0.305
10740.000 0.309
10745.000 0.307
10750.000 0.311
10755.000 0.314
10760.000 0.309
10765.000 0.314
10770.000 0.315
10775.000 0.315
10780.000 0.312
10785.000 0.315
10790.000 0.318
10795.000 0.320
10800.000 0.318
10805.000 0.318
10810.000 0.320
10815.000 0.324
10820.000 0.325
10825.000 0.327
10830.000 0.327
10835.000 0.330
10840.000 0.330
10845.000 0.332
10850.000 0.335
10855.000 0.334
10860.000 0.334
10865.000 0.334
10870.000 0.336
10875.000 0.338
10880.000 0.342
10885.000 0.341
10890.000 0.340
10895.000 0.344
10900.000 0.343
10905.000 0.345
10910.000 0.347
10915.000 0.349
10920.000 0.351
10925.000 0.354
10930.000 0.356
10935.000 0.358
10940.000 0.359
10945.000 0.362
10950.000 0.365
10955.000 0.366
10960.000 0.370
10965.000 0.372
10970.000 0.370
10975.000 0.374
10980.000 0.378
10985.000 0.378
10990.000 0.383
10995.000 0.385
11000.000 0.386
11005.000 0.388
11010.000 0.391
11015.000 0.393
11020.000 0.396
11025.000 0.400
11030.000 0.403
11035.000 0.407
11040.000 0.411
11045.000 0.415
11050.000 0.417
11055.000 0.421
11060.000 0.425
11065.000 0.429
11070.000 0.431
11075.000 0.436
11080.000 0.440
11085.000 0.444
11090.000 0.448
11095.000 0.456
11100.000 0.456
11105.000 0.459
11110.000 0.464
11115.000 0.470
11120.000 0.474
11125.000 0.479
11130.000 0.482
11135.000 0.486
11140.000 0.493
11145.000 0.500
11150.000 0.508
11155.000 0.511
11160.000 0.518
11165.000 0.526
11170.000 0.532
11175.000 0.539
11180.000 0.545
11185.000 0.555
11190.000 0.563
11195.000 0.570
11200.000 0.578
11205.000 0.588
11210.000 0.598
11215.000 0.605
11220.000 0.617
11225.000 0.617
11230.000 0.627
11235.000 0.637
11240.000 0.649
11245.000 0.663
11250.000 0.672
11255.000 0.686
11260.000 0.700
11265.000 0.712
11270.000 0.730
11275.000 0.743
11280.000 0.760
11285.000 0.779
11290.000 0.795
11295.000 0.816
11300.000 0.831
11305.000 0.855
11310.000 0.876
11315.000 0.897
11320.000 0.929
11325.000 0.957
11330.000 0.983
11335.000 1.015
11340.000 1.045
11345.000 1.081
11350.000 1.081
11355.000 1.113
11360.000 1.154
11365.000 1.194
11370.000 1.236
11375.000 1.284
11380.000 1.328
11385.000 1.385
11390.000 1.443
11395.000 1.509
11400.000 1.578
11405.000 1.658
11410.000 1.744
11415.000 1.838
11420.000 1.946
11425.000 2.059
11430.000 2.186
11435.000 2.328
11440.000 2.498
11445.000 2.679
11450.000 2.888
11455.000 3.112
11460.000 3.353
11465.000 3.628
11470.000 3.924
11475.000 3.924
11480.000 4.198
11485.000 4.446
11490.000 4.655
11495.000 4.778
11500.000 4.783
11505.000 4.665
11510.000 4.430
11515.000 4.149
11520.000 3.833
11525.000 3.520
11530.000 3.236
11535.000 2.981
11540.000 2.748
11545.000 2.515
11550.000 2.336
11555.000 2.175
11560.000 2.041
11565.000 1.912
11570.000 1.804
11575.000 1.703
11580.000 1.609
11585.000 1.609
11590.000 1.527
11595.000 1.451
11600.000 1.385
11605.000 1.323
11610.000 1.269
11615.000 1.214
11620.000 1.164
11625.000 1.123
11630.000 1.077
11635.000 1.035
11640.000 1.003
11645.000 0.968
11650.000 0.936
11655.000 0.906
11660.000 0.878
11665.000 0.852
11670.000 0.828
11675.000 0.803
11680.000 0.783
11685.000 0.755
11690.000 0.738
11695.000 0.716
11700.000 0.696
11705.000 0.683
11710.000 0.683
11715.000 0.665
11720.000 0.650
11725.000 0.635
11730.000 0.623
11735.000 0.611
11740.000 0.598
11745.000 0.585
11750.000 0.572
11755.000 0.560
11760.000 0.550
11765.000 0.539
11770.000 0.527
11775.000 0.520
11780.000 0.509
11785.000 0.503
11790.000 0.491
11795.000 0.482
11800.000 0.476
11805.000 0.468
11810.000 0.461
11815.000 0.452
11820.000 0.445
11825.000 0.440
11830.000 0.431
11835.000 0.431
11840.000 0.424
11845.000 0.420
11850.000 0.411
11855.000 0.407
11860.000 0.402
11865.000 0.395
11870.000 0.392
11875.000 0.386
11880.000 0.382
11885.000 0.376
11890.000 0.370
11895.000 0.364
11900.000 0.362
11905.000 0.357
11910.000 0.352
11915.000 0.346
11920.000 0.344
11925.000 0.341
11930.000 0.336
11935.000 0.333
11940.000 0.328
11945.000 0.326
11950.000 0.325
11955.000 0.319
11960.000 0.319
11965.000 0.316
11970.000 0.312
11975.000 0.307
11980.000 0.306
11985.000 0.305
11990.000 0.303
11995.000 0.298
12000.000 0.294
