105.000 0.249
110.000 0.372
115.000 0.354
120.000 0.377
125.000 0.455
130.000 0.455
135.000 0.476
140.000 0.497
145.000 0.485
150.000 0.384
155.000 0.500
160.000 0.466
165.000 0.522
170.000 0.545
175.000 0.556
180.000 0.563
185.000 0.596
190.000 0.607
195.000 0.550
200.000 0.573
205.000 0.635
210.000 0.616
215.000 0.626
220.000 0.671
225.000 0.670
230.000 0.664
235.000 0.722
240.000 0.649
245.000 0.692
250.000 0.706
255.000 0.706
260.000 0.723
265.000 0.751
270.000 0.786
275.000 0.756
280.000 0.807
285.000 0.784
290.000 0.845
295.000 0.812
300.000 0.855
305.000 0.887
310.000 0.939
315.000 0.919
320.000 0.966
325.000 1.000
330.000 1.062
335.000 1.040
340.000 1.056
345.000 1.175
350.000 1.135
355.000 1.150
360.000 1.171
365.000 1.285
370.000 1.287
375.000 1.331
380.000 1.331
385.000 1.344
390.000 1.440
395.000 1.507
400.000 1.525
405.000 1.588
410.000 1.679
415.000 1.783
420.000 1.766
425.000 1.829
430.000 1.965
435.000 2.076
440.000 2.063
445.000 2.185
450.000 2.235
455.000 2.272
460.000 2.313
465.000 2.323
470.000 2.323
475.000 2.336
480.000 2.304
485.000 2.269
490.000 2.234
495.000 2.212
500.000 2.129
505.000 2.129
510.000 2.081
515.000 2.028
520.000 1.976
525.000 1.918
530.000 1.863
535.000 1.831
540.000 1.793
545.000 1.732
550.000 1.668
555.000 1.588
560.000 1.554
565.000 1.472
570.000 1.375
575.000 1.358
580.000 1.336
585.000 1.261
590.000 1.213
595.000 1.173
600.000 1.139
605.000 1.096
610.000 1.059
615.000 1.059
620.000 1.040
625.000 0.999
630.000 0.966
635.000 0.961
640.000 0.922
645.000 0.898
650.000 0.882
655.000 0.847
660.000 0.817
665.000 0.815
670.000 0.788
675.000 0.761
680.000 0.744
685.000 0.719
690.000 0.724
695.000 0.705
700.000 0.679
705.000 0.668
710.000 0.646
715.000 0.633
720.000 0.627
725.000 0.612
730.000 0.610
735.000 0.585
740.000 0.585
745.000 0.585
750.000 0.579
755.000 0.554
760.000 0.546
765.000 0.536
770.000 0.526
775.000 0.524
780.000 0.515
785.000 0.507
790.000 0.501
795.000 0.493
800.000 0.491
805.000 0.474
810.000 0.472
815.000 0.475
820.000 0.452
825.000 0.448
830.000 0.444
835.000 0.435
840.000 0.443
845.000 0.424
850.000 0.411
855.000 0.413
860.000 0.405
865.000 0.405
870.000 0.389
875.000 0.387
880.000 0.389
885.000 0.370
890.000 0.381
895.000 0.371
900.000 0.358
905.000 0.352
910.000 0.353
915.000 0.343
920.000 0.344
925.000 0.338
930.000 0.315
935.000 0.322
940.000 0.308
945.000 0.311
950.000 0.311
955.000 0.325
960.000 0.339
965.000 0.345
970.000 0.346
975.000 0.365
980.000 0.372
985.000 0.371
990.000 0.371
995.000 0.364
1000.000 0.380
1005.000 0.377
1010.000 0.379
1015.000 0.392
1020.000 0.395
1025.000 0.411
1030.000 0.419
1035.000 0.427
1040.000 0.449
1045.000 0.454
1050.000 0.490
1055.000 0.512
1060.000 0.539
1065.000 0.590
1070.000 0.601
1075.000 0.641
1080.000 0.701
1085.000 0.738
1090.000 0.804
1095.000 0.880
1100.000 0.880
1105.000 0.944
1110.000 1.083
1115.000 1.198
1120.000 1.404
1125.000 1.507
1130.000 1.755
1135.000 2.078
1140.000 2.549
1145.000 2.876
1150.000 3.536
1155.000 4.011
1160.000 4.277
1165.000 4.172
1170.000 3.639
1175.000 3.108
1180.000 2.598
1185.000 2.270
1190.000 2.020
1195.000 1.806
1200.000 1.669
1205.000 1.528
1210.000 1.407
1215.000 1.346
1220.000 1.265
1225.000 1.265
1230.000 1.203
1235.000 1.125
1240.000 1.091
1245.000 1.020
1250.000 1.025
1255.000 0.986
1260.000 0.966
1265.000 0.924
1270.000 0.876
1275.000 0.865
1280.000 0.903
1285.000 0.815
1290.000 0.855
1295.000 0.789
1300.000 0.815
1305.000 0.769
1310.000 0.782
1315.000 0.761
1320.000 0.763
1325.000 0.758
1330.000 0.724
1335.000 0.717
1340.000 0.702
1345.000 0.740
1350.000 0.740
1355.000 0.728
1360.000 0.718
1365.000 0.679
1370.000 0.686
1375.000 0.665
1380.000 0.705
1385.000 0.696
1390.000 0.695
1395.000 0.675
1400.000 0.663
1405.000 0.675
1410.000 0.678
1415.000 0.667
1420.000 0.663
1425.000 0.670
1430.000 0.659
1435.000 0.670
1440.000 0.663
1445.000 0.665
1450.000 0.665
1455.000 0.669
1460.000 0.658
1465.000 0.660
1470.000 0.665
1475.000 0.665
1480.000 0.665
1485.000 0.677
1490.000 0.674
1495.000 0.673
1500.000 0.664
1505.000 0.667
1510.000 0.674
1515.000 0.680
1520.000 0.678
1525.000 0.686
1530.000 0.688
1535.000 0.685
1540.000 0.687
1545.000 0.691
1550.000 0.700
1555.000 0.695
1560.000 0.693
1565.000 0.706
1570.000 0.697
1575.000 0.702
1580.000 0.708
1585.000 0.707
1590.000 0.707
1595.000 0.711
1600.000 0.715
1605.000 0.718
1610.000 0.723
1615.000 0.715
1620.000 0.721
1625.000 0.730
1630.000 0.718
1635.000 0.724
1640.000 0.718
1645.000 0.725
1650.000 0.729
1655.000 0.723
1660.000 0.716
1665.000 0.711
1670.000 0.705
1675.000 0.701
1680.000 0.685
1685.000 0.684
1690.000 0.663
1695.000 0.665
1700.000 0.645
1705.000 0.629
1710.000 0.629
1715.000 0.620
1720.000 0.605
1725.000 0.599
1730.000 0.585
1735.000 0.572
1740.000 0.578
1745.000 0.587
1750.000 0.606
1755.000 0.623
1760.000 0.658
1765.000 0.694
1770.000 0.737
1775.000 0.780
1780.000 0.824
1785.000 0.875
1790.000 0.918
1795.000 0.967
1800.000 1.020
1805.000 1.064
1810.000 1.118
1815.000 1.154
1820.000 1.198
1825.000 1.245
1830.000 1.286
1835.000 1.324
1840.000 1.324
1845.000 1.362
1850.000 1.398
1855.000 1.438
1860.000 1.467
1865.000 1.504
1870.000 1.536
1875.000 1.567
1880.000 1.614
1885.000 1.638
1890.000 1.691
1895.000 1.726
1900.000 1.763
1905.000 1.809
1910.000 1.816
1915.000 1.866
1920.000 1.882
1925.000 1.916
1930.000 1.953
1935.000 2.000
1940.000 2.030
1945.000 2.079
1950.000 2.111
1955.000 2.120
1960.000 2.177
1965.000 2.177
1970.000 2.199
1975.000 2.261
1980.000 2.270
1985.000 2.337
1990.000 2.353
1995.000 2.398
2000.000 2.445
2005.000 2.472
2010.000 2.502
2015.000 2.552
2020.000 2.583
2025.000 2.630
2030.000 2.661
2035.000 2.714
2040.000 2.738
2045.000 2.785
2050.000 2.818
2055.000 2.862
2060.000 2.910
2065.000 2.946
2070.000 2.946
2075.000 2.999
2080.000 3.038
2085.000 3.075
2090.000 3.125
2095.000 3.173
2100.000 3.219
2105.000 3.265
2110.000 3.322
2115.000 3.365
2120.000 3.425
2125.000 3.471
2130.000 3.533
2135.000 3.591
2140.000 3.651
2145.000 3.714
2150.000 3.780
2155.000 3.846
2160.000 3.916
2165.000 3.991
2170.000 4.065
2175.000 4.154
2180.000 4.240
2185.000 4.337
2190.000 4.435
2195.000 4.535
2200.000 4.535
2205.000 4.649
2210.000 4.766
2215.000 4.898
2220.000 5.033
2225.000 5.181
2230.000 5.343
2235.000 5.518
2240.000 5.708
2245.000 5.915
2250.000 6.137
2255.000 6.386
2260.000 6.648
2265.000 6.939
2270.000 7.279
2275.000 7.620
2280.000 8.005
2285.000 8.448
2290.000 8.919
2295.000 9.424
2300.000 9.967
2305.000 10.538
2310.000 11.126
2315.000 11.706
2320.000 12.238
2325.000 12.238
2330.000 12.702
2335.000 13.023
2340.000 13.151
2345.000 13.042
2350.000 12.724
2355.000 12.220
2360.000 11.578
2365.000 10.878
2370.000 10.154
2375.000 9.436
2380.000 8.746
2385.000 8.119
2390.000 7.542
2395.000 7.010
2400.000 6.542
2405.000 6.119
2410.000 5.739
2415.000 5.388
2420.000 5.068
2425.000 4.790
2430.000 4.524
2435.000 4.289
2440.000 4.073
2445.000 3.874
2450.000 3.874
2455.000 3.688
2460.000 3.525
2465.000 3.371
2470.000 3.225
2475.000 3.089
2480.000 2.969
2485.000 2.850
2490.000 2.743
2495.000 2.642
2500.000 2.547
2505.000 2.460
2510.000 2.378
2515.000 2.299
2520.000 2.225
2525.000 2.153
2530.000 2.088
2535.000 2.030
2540.000 1.969
2545.000 1.915
2550.000 1.863
2555.000 1.811
2560.000 1.762
2565.000 1.720
2570.000 1.713
2575.000 1.674
2580.000 1.628
2585.000 1.592
2590.000 1.558
2595.000 1.521
2600.000 1.485
2605.000 1.451
2610.000 1.420
2615.000 1.390
2620.000 1.361
2625.000 1.335
2630.000 1.309
2635.000 1.283
2640.000 1.262
2645.000 1.238
2650.000 1.212
2655.000 1.189
2660.000 1.174
2665.000 1.148
2670.000 1.129
2675.000 1.116
2680.000 1.095
2685.000 1.095
2690.000 1.073
2695.000 1.062
2700.000 1.044
2705.000 1.028
2710.000 1.016
2715.000 1.000
2720.000 0.988
2725.000 0.973
2730.000 0.962
2735.000 0.953
2740.000 0.935
2745.000 0.924
2750.000 0.912
2755.000 0.907
2760.000 0.894
2765.000 0.892
2770.000 0.876
2775.000 0.867
2780.000 0.859
2785.000 0.845
2790.000 0.840
2795.000 0.830
2800.000 0.822
2805.000 0.813
2810.000 0.813
2815.000 0.811
2820.000 0.801
2825.000 0.792
2830.000 0.790
2835.000 0.782
2840.000 0.780
2845.000 0.774
2850.000 0.768
2855.000 0.762
2860.000 0.757
2865.000 0.751
2870.000 0.748
2875.000 0.740
2880.000 0.734
2885.000 0.733
2890.000 0.730
2895.000 0.725
2900.000 0.723
2905.000 0.719
2910.000 0.719
2915.000 0.708
2920.000 0.709
2925.000 0.705
2930.000 0.709
2935.000 0.709
2940.000 0.698
2945.000 0.703
2950.000 0.702
2955.000 0.697
2960.000 0.698
2965.000 0.696
2970.000 0.693
2975.000 0.693
2980.000 0.693
2985.000 0.692
2990.000 0.686
2995.000 0.689
3000.000 0.692
3005.000 0.690
3010.000 0.689
3015.000 0.692
3020.000 0.685
3025.000 0.687
3030.000 0.688
3035.000 0.695
3040.000 0.690
3045.000 0.695
3050.000 0.698
3055.000 0.696
3060.000 0.696
3065.000 0.695
3070.000 0.703
3075.000 0.702
3080.000 0.704
3085.000 0.710
3090.000 0.709
3095.000 0.717
3100.000 0.717
3105.000 0.716
3110.000 0.724
3115.000 0.734
3120.000 0.735
3125.000 0.739
3130.000 0.744
3135.000 0.746
3140.000 0.753
3145.000 0.755
3150.000 0.763
3155.000 0.773
3160.000 0.776
3165.000 0.783
3170.000 0.783
3175.000 0.789
3180.000 0.797
3185.000 0.810
3190.000 0.815
3195.000 0.824
3200.000 0.833
3205.000 0.842
3210.000 0.852
3215.000 0.863
3220.000 0.873
3225.000 0.892
3230.000 0.900
3235.000 0.914
3240.000 0.929
3245.000 0.943
3250.000 0.959
3255.000 0.970
3260.000 0.990
3265.000 1.011
3270.000 1.027
3275.000 1.049
3280.000 1.071
3285.000 1.093
3290.000 1.117
3295.000 1.117
3300.000 1.141
3305.000 1.172
3310.000 1.200
3315.000 1.233
3320.000 1.269
3325.000 1.300
3330.000 1.344
3335.000 1.382
3340.000 1.426
3345.000 1.473
3350.000 1.525
3355.000 1.583
3360.000 1.645
3365.000 1.715
3370.000 1.788
3375.000 1.869
3380.000 1.962
3385.000 2.056
3390.000 2.169
3395.000 2.301
3400.000 2.440
3405.000 2.596
3410.000 2.786
3415.000 2.996
3420.000 3.248
3425.000 3.248
3430.000 3.536
3435.000 3.882
3440.000 4.299
3445.000 4.814
3450.000 5.442
3455.000 6.195
3460.000 7.142
3465.000 8.241
3470.000 9.459
3475.000 10.550
3480.000 11.114
3485.000 10.713
3490.000 9.445
3495.000 7.884
3500.000 6.598
3505.000 5.638
3510.000 4.897
3515.000 4.308
3520.000 3.850
3525.000 3.466
3530.000 3.153
3535.000 2.892
3540.000 2.667
3545.000 2.472
3550.000 2.472
3555.000 2.305
3560.000 2.145
3565.000 2.016
3570.000 1.903
3575.000 1.798
3580.000 1.711
3585.000 1.623
3590.000 1.550
3595.000 1.479
3600.000 1.415
3605.000 1.361
3610.000 1.304
3615.000 1.256
3620.000 1.204
3625.000 1.165
3630.000 1.130
3635.000 1.090
3640.000 1.057
3645.000 1.021
3650.000 0.992
3655.000 0.964
3660.000 0.964
3665.000 0.937
3670.000 0.912
3675.000 0.885
3680.000 0.863
3685.000 0.842
3690.000 0.823
3695.000 0.804
3700.000 0.780
3705.000 0.765
3710.000 0.750
3715.000 0.730
3720.000 0.720
3725.000 0.702
3730.000 0.690
3735.000 0.678
3740.000 0.664
3745.000 0.652
3750.000 0.637
3755.000 0.628
3760.000 0.617
3765.000 0.609
3770.000 0.596
3775.000 0.588
3780.000 0.579
3785.000 0.579
3790.000 0.568
3795.000 0.558
3800.000 0.553
3805.000 0.542
3810.000 0.539
3815.000 0.527
3820.000 0.525
3825.000 0.516
3830.000 0.507
3835.000 0.503
3840.000 0.498
3845.000 0.492
3850.000 0.485
3855.000 0.479
3860.000 0.477
3865.000 0.470
3870.000 0.465
3875.000 0.458
3880.000 0.453
3885.000 0.447
3890.000 0.444
3895.000 0.442
3900.000 0.438
3905.000 0.435
3910.000 0.435
3915.000 0.431
3920.000 0.425
3925.000 0.425
3930.000 0.417
3935.000 0.415
3940.000 0.414
3945.000 0.411
3950.000 0.408
3955.000 0.404
3960.000 0.399
3965.000 0.399
3970.000 0.396
3975.000 0.397
3980.000 0.390
3985.000 0.393
3990.000 0.386
3995.000 0.383
4000.000 0.385
4005.000 0.382
4010.000 0.381
4015.000 0.378
4020.000 0.375
4025.000 0.372
4030.000 0.373
4035.000 0.373
4040.000 0.372
4045.000 0.372
4050.000 0.371
4055.000 0.371
4060.000 0.368
4065.000 0.365
4070.000 0.367
4075.000 0.362
4080.000 0.365
4085.000 0.362
4090.000 0.366
4095.000 0.364
4100.000 0.363
4105.000 0.364
4110.000 0.362
4115.000 0.364
4120.000 0.362
4125.000 0.363
4130.000 0.364
4135.000 0.365
4140.000 0.361
4145.000 0.361
4150.000 0.364
4155.000 0.365
4160.000 0.365
4165.000 0.364
4170.000 0.370
4175.000 0.366
4180.000 0.371
4185.000 0.368
4190.000 0.369
4195.000 0.373
4200.000 0.371
4205.000 0.377
4210.000 0.375
4215.000 0.380
4220.000 0.380
4225.000 0.384
4230.000 0.386
4235.000 0.385
4240.000 0.386
4245.000 0.391
4250.000 0.391
4255.000 0.395
4260.000 0.398
4265.000 0.404
4270.000 0.404
4275.000 0.405
4280.000 0.403
4285.000 0.408
4290.000 0.418
4295.000 0.413
4300.000 0.416
4305.000 0.414
4310.000 0.416
4315.000 0.420
4320.000 0.418
4325.000 0.417
4330.000 0.418
4335.000 0.421
4340.000 0.419
4345.000 0.419
4350.000 0.423
4355.000 0.428
4360.000 0.428
4365.000 0.437
4370.000 0.441
4375.000 0.452
4380.000 0.456
4385.000 0.465
4390.000 0.473
4395.000 0.473
4400.000 0.485
4405.000 0.495
4410.000 0.504
4415.000 0.517
4420.000 0.527
4425.000 0.537
4430.000 0.552
4435.000 0.568
4440.000 0.579
4445.000 0.603
4450.000 0.615
4455.000 0.633
4460.000 0.654
4465.000 0.676
4470.000 0.693
4475.000 0.721
4480.000 0.746
4485.000 0.773
4490.000 0.804
4495.000 0.835
4500.000 0.872
4505.000 0.911
4510.000 0.955
4515.000 1.003
4520.000 1.003
4525.000 1.055
4530.000 1.113
4535.000 1.179
4540.000 1.257
4545.000 1.332
4550.000 1.441
4555.000 1.557
4560.000 1.672
4565.000 1.821
4570.000 2.002
4575.000 2.206
4580.000 2.448
4585.000 2.748
4590.000 3.116
4595.000 3.554
4600.000 4.116
4605.000 4.799
4610.000 5.591
4615.000 6.446
4620.000 7.165
4625.000 7.461
4630.000 7.461
4635.000 7.081
4640.000 6.169
4645.000 5.206
4650.000 4.461
4655.000 3.883
4660.000 3.446
4665.000 3.091
4670.000 2.809
4675.000 2.576
4680.000 2.387
4685.000 2.221
4690.000 2.078
4695.000 1.957
4700.000 1.852
4705.000 1.756
4710.000 1.670
4715.000 1.593
4720.000 1.524
4725.000 1.457
4730.000 1.396
4735.000 1.336
4740.000 1.285
4745.000 1.230
4750.000 1.183
4755.000 1.183
4760.000 1.134
4765.000 1.086
4770.000 1.044
4775.000 0.993
4780.000 0.952
4785.000 0.907
4790.000 0.869
4795.000 0.828
4800.000 0.790
4805.000 0.750
4810.000 0.716
4815.000 0.682
4820.000 0.649
4825.000 0.619
4830.000 0.594
4835.000 0.569
4840.000 0.547
4845.000 0.527
4850.000 0.508
4855.000 0.494
4860.000 0.485
4865.000 0.471
4870.000 0.462
4875.000 0.457
4880.000 0.457
4885.000 0.456
4890.000 0.461
4895.000 0.459
4900.000 0.460
4905.000 0.466
4910.000 0.471
4915.000 0.479
4920.000 0.489
4925.000 0.505
4930.000 0.512
4935.000 0.522
4940.000 0.536
4945.000 0.551
4950.000 0.567
4955.000 0.580
4960.000 0.594
4965.000 0.613
4970.000 0.630
4975.000 0.642
4980.000 0.664
4985.000 0.682
4990.000 0.698
4995.000 0.717
5000.000 0.736
5005.000 0.736
5010.000 0.754
5015.000 0.770
5020.000 0.790
5025.000 0.811
5030.000 0.832
5035.000 0.853
5040.000 0.870
5045.000 0.897
5050.000 0.911
5055.000 0.931
5060.000 0.955
5065.000 0.972
5070.000 0.992
5075.000 1.008
5080.000 1.029
5085.000 1.045
5090.000 1.063
5095.000 1.077
5100.000 1.096
5105.000 1.105
5110.000 1.120
5115.000 1.130
5120.000 1.130
5125.000 1.141
5130.000 1.151
5135.000 1.156
5140.000 1.168
5145.000 1.173
5150.000 1.177
5155.000 1.183
5160.000 1.187
5165.000 1.188
5170.000 1.189
5175.000 1.187
5180.000 1.186
5185.000 1.184
5190.000 1.181
5195.000 1.178
5200.000 1.172
5205.000 1.168
5210.000 1.164
5215.000 1.156
5220.000 1.150
5225.000 1.146
5230.000 1.131
5235.000 1.123
5240.000 1.110
5245.000 1.110
5250.000 1.092
5255.000 1.084
5260.000 1.065
5265.000 1.041
5270.000 1.016
5275.000 0.988
5280.000 0.975
5285.000 0.984
5290.000 1.013
5295.000 1.038
5300.000 1.067
5305.000 1.087
5310.000 1.107
5315.000 1.127
5320.000 1.135
5325.000 1.149
5330.000 1.158
5335.000 1.167
5340.000 1.170
5345.000 1.180
5350.000 1.184
5355.000 1.188
5360.000 1.193
5365.000 1.200
5370.000 1.200
5375.000 1.204
5380.000 1.209
5385.000 1.210
5390.000 1.212
5395.000 1.216
5400.000 1.222
5405.000 1.227
5410.000 1.226
5415.000 1.229
5420.000 1.237
5425.000 1.237
5430.000 1.248
5435.000 1.250
5440.000 1.256
5445.000 1.258
5450.000 1.262
5455.000 1.269
5460.000 1.276
5465.000 1.283
5470.000 1.292
5475.000 1.296
5480.000 1.307
5485.000 1.318
5490.000 1.328
5495.000 1.328
5500.000 1.334
5505.000 1.352
5510.000 1.364
5515.000 1.378
5520.000 1.387
5525.000 1.406
5530.000 1.422
5535.000 1.438
5540.000 1.460
5545.000 1.478
5550.000 1.500
5555.000 1.525
5560.000 1.552
5565.000 1.570
5570.000 1.570
5575.000 1.628
5580.000 1.661
5585.000 1.690
5590.000 1.726
5595.000 1.759
5600.000 1.799
5605.000 1.799
5610.000 1.847
5615.000 1.888
5620.000 1.938
5625.000 1.994
5630.000 2.047
5635.000 2.109
5640.000 2.170
5645.000 2.242
5650.000 2.322
5655.000 2.398
5660.000 2.487
5665.000 2.585
5670.000 2.682
5675.000 2.799
5680.000 2.928
5685.000 3.063
5690.000 3.219
5695.000 3.394
5700.000 3.592
5705.000 3.814
5710.000 4.067
5715.000 4.363
5720.000 4.698
5725.000 5.102
5730.000 5.102
5735.000 5.565
5740.000 6.133
5745.000 6.799
5750.000 7.655
5755.000 8.650
5760.000 9.855
5765.000 11.306
5770.000 12.942
5775.000 14.489
5780.000 15.502
5785.000 15.415
5790.000 14.029
5795.000 11.958
5800.000 10.053
5805.000 8.588
5810.000 7.432
5815.000 6.514
5820.000 5.787
5825.000 5.209
5830.000 4.728
5835.000 4.326
5840.000 3.977
5845.000 3.681
5850.000 3.421
5855.000 3.421
5860.000 3.200
5865.000 3.003
5870.000 2.829
5875.000 2.677
5880.000 2.530
5885.000 2.407
5890.000 2.294
5895.000 2.193
5900.000 2.095
5905.000 2.013
5910.000 1.925
5915.000 1.856
5920.000 1.787
5925.000 1.722
5930.000 1.666
5935.000 1.609
5940.000 1.559
5945.000 1.508
5950.000 1.467
5955.000 1.423
5960.000 1.387
5965.000 1.342
5970.000 1.310
5975.000 1.279
5980.000 1.279
5985.000 1.247
5990.000 1.212
5995.000 1.186
6000.000 1.159
6005.000 1.135
6010.000 1.109
6015.000 1.088
6020.000 1.067
6025.000 1.044
6030.000 1.023
6035.000 1.000
6040.000 0.986
6045.000 0.966
6050.000 0.951
6055.000 0.932
6060.000 0.921
6065.000 0.907
6070.000 0.887
6075.000 0.874
6080.000 0.863
6085.000 0.855
6090.000 0.855
6095.000 0.838
6100.000 0.825
6105.000 0.815
6110.000 0.809
6115.000 0.798
6120.000 0.788
6125.000 0.780
6130.000 0.769
6135.000 0.759
6140.000 0.749
6145.000 0.740
6150.000 0.736
6155.000 0.729
6160.000 0.723
6165.000 0.715
6170.000 0.710
6175.000 0.704
6180.000 0.698
6185.000 0.688
6190.000 0.688
6195.000 0.679
6200.000 0.675
6205.000 0.670
6210.000 0.664
6215.000 0.664
6220.000 0.663
6225.000 0.659
6230.000 0.656
6235.000 0.649
6240.000 0.645
6245.000 0.640
6250.000 0.635
6255.000 0.636
6260.000 0.631
6265.000 0.627
6270.000 0.627
6275.000 0.623
6280.000 0.620
6285.000 0.621
6290.000 0.616
6295.000 0.614
6300.000 0.614
6305.000 0.609
6310.000 0.606
6315.000 0.607
6320.000 0.605
6325.000 0.604
6330.000 0.604
6335.000 0.603
6340.000 0.603
6345.000 0.601
6350.000 0.599
6355.000 0.601
6360.000 0.600
6365.000 0.601
6370.000 0.594
6375.000 0.599
6380.000 0.597
6385.000 0.600
6390.000 0.596
6395.000 0.601
6400.000 0.601
6405.000 0.598
6410.000 0.600
6415.000 0.600
6420.000 0.601
6425.000 0.604
6430.000 0.605
6435.000 0.603
6440.000 0.611
6445.000 0.608
6450.000 0.609
6455.000 0.614
6460.000 0.613
6465.000 0.613
6470.000 0.616
6475.000 0.616
6480.000 0.621
6485.000 0.622
6490.000 0.624
6495.000 0.632
6500.000 0.632
6505.000 0.635
6510.000 0.642
6515.000 0.641
6520.000 0.647
6525.000 0.652
6530.000 0.660
6535.000 0.660
6540.000 0.667
6545.000 0.670
6550.000 0.676
6555.000 0.684
6560.000 0.687
6565.000 0.693
6570.000 0.698
6575.000 0.698
6580.000 0.705
6585.000 0.714
6590.000 0.718
6595.000 0.727
6600.000 0.736
6605.000 0.739
6610.000 0.754
6615.000 0.759
6620.000 0.767
6625.000 0.777
6630.000 0.786
6635.000 0.798
6640.000 0.807
6645.000 0.820
6650.000 0.832
6655.000 0.844
6660.000 0.855
6665.000 0.872
6670.000 0.882
6675.000 0.899
6680.000 0.918
6685.000 0.929
6690.000 0.944
6695.000 0.970
6700.000 0.970
6705.000 0.986
6710.000 1.002
6715.000 1.022
6720.000 1.045
6725.000 1.070
6730.000 1.096
6735.000 1.121
6740.000 1.146
6745.000 1.175
6750.000 1.207
6755.000 1.240
6760.000 1.275
6765.000 1.308
6770.000 1.350
6775.000 1.387
6780.000 1.430
6785.000 1.481
6790.000 1.534
6795.000 1.589
6800.000 1.650
6805.000 1.717
6810.000 1.784
6815.000 1.865
6820.000 1.960
6825.000 1.960
6830.000 2.060
6835.000 2.165
6840.000 2.286
6845.000 2.417
6850.000 2.561
6855.000 2.732
6860.000 2.925
6865.000 3.139
6870.000 3.390
6875.000 3.682
6880.000 4.029
6885.000 4.449
6890.000 4.952
6895.000 5.576
6900.000 6.306
6905.000 7.227
6910.000 8.286
6915.000 9.509
6920.000 10.757
6925.000 11.678
6930.000 11.892
6935.000 11.129
6940.000 9.664
6945.000 8.169
6950.000 6.948
6955.000 6.948
6960.000 6.016
6965.000 5.288
6970.000 4.696
6975.000 4.227
6980.000 3.835
6985.000 3.508
6990.000 3.232
6995.000 2.996
7000.000 2.792
7005.000 2.614
7010.000 2.456
7015.000 2.317
7020.000 2.194
7025.000 2.072
7030.000 1.968
7035.000 1.878
7040.000 1.795
7045.000 1.721
7050.000 1.656
7055.000 1.589
7060.000 1.531
7065.000 1.531
7070.000 1.473
7075.000 1.428
7080.000 1.377
7085.000 1.333
7090.000 1.297
7095.000 1.252
7100.000 1.217
7105.000 1.183
7110.000 1.150
7115.000 1.120
7120.000 1.090
7125.000 1.062
7130.000 1.037
7135.000 1.012
7140.000 0.988
7145.000 0.964
7150.000 0.945
7155.000 0.927
7160.000 0.904
7165.000 0.890
7170.000 0.890
7175.000 0.854
7180.000 0.834
7185.000 0.818
7190.000 0.818
7195.000 0.802
7200.000 0.789
7205.000 0.778
7210.000 0.760
7215.000 0.747
7220.000 0.736
7225.000 0.724
7230.000 0.716
7235.000 0.700
7240.000 0.693
7245.000 0.682
7250.000 0.670
7255.000 0.659
7260.000 0.650
7265.000 0.641
7270.000 0.627
7275.000 0.626
7280.000 0.617
7285.000 0.609
7290.000 0.600
7295.000 0.592
7300.000 0.586
7305.000 0.580
7310.000 0.572
7315.000 0.572
7320.000 0.566
7325.000 0.564
7330.000 0.557
7335.000 0.551
7340.000 0.548
7345.000 0.540
7350.000 0.537
7355.000 0.530
7360.000 0.523
7365.000 0.522
7370.000 0.515
7375.000 0.513
7380.000 0.512
7385.000 0.503
7390.000 0.501
7395.000 0.498
7400.000 0.496
7405.000 0.492
7410.000 0.488
7415.000 0.484
7420.000 0.484
7425.000 0.480
7430.000 0.476
7435.000 0.473
7440.000 0.473
7445.000 0.472
7450.000 0.464
7455.000 0.463
7460.000 0.458
7465.000 0.456
7470.000 0.455
7475.000 0.460
7480.000 0.477
7485.000 0.496
7490.000 0.514
7495.000 0.528
7500.000 0.530
7505.000 0.531
7510.000 0.531
7515.000 0.531
7520.000 0.525
7525.000 0.524
7530.000 0.525
7535.000 0.518
7540.000 0.523
7545.000 0.516
7550.000 0.516
7555.000 0.516
7560.000 0.516
7565.000 0.518
7570.000 0.517
7575.000 0.519
7580.000 0.516
7585.000 0.516
7590.000 0.518
7595.000 0.518
7600.000 0.517
7605.000 0.522
7610.000 0.520
7615.000 0.523
7620.000 0.527
7625.000 0.526
7630.000 0.531
7635.000 0.531
7640.000 0.534
7645.000 0.536
7650.000 0.541
7655.000 0.543
7660.000 0.543
7665.000 0.549
7670.000 0.553
7675.000 0.553
7680.000 0.556
7685.000 0.558
7690.000 0.565
7695.000 0.564
7700.000 0.572
7705.000 0.577
7710.000 0.580
7715.000 0.587
7720.000 0.592
7725.000 0.596
7730.000 0.600
7735.000 0.608
7740.000 0.612
7745.000 0.618
7750.000 0.627
7755.000 0.634
7760.000 0.638
7765.000 0.649
7770.000 0.655
7775.000 0.662
7780.000 0.674
7785.000 0.680
7790.000 0.690
7795.000 0.699
7800.000 0.699
7805.000 0.708
7810.000 0.722
7815.000 0.730
7820.000 0.743
7825.000 0.755
7830.000 0.768
7835.000 0.780
7840.000 0.792
7845.000 0.809
7850.000 0.819
7855.000 0.840
7860.000 0.860
7865.000 0.875
7870.000 0.896
7875.000 0.914
7880.000 0.937
7885.000 0.957
7890.000 0.981
7895.000 1.004
7900.000 1.030
7905.000 1.058
7910.000 1.085
7915.000 1.116
7920.000 1.152
7925.000 1.152
7930.000 1.185
7935.000 1.226
7940.000 1.264
7945.000 1.309
7950.000 1.354
7955.000 1.409
7960.000 1.464
7965.000 1.518
7970.000 1.579
7975.000 1.645
7980.000 1.722
7985.000 1.812
7990.000 1.912
7995.000 2.022
8000.000 2.139
8005.000 2.274
8010.000 2.429
8015.000 2.624
8020.000 2.839
8025.000 3.080
8030.000 3.362
8035.000 3.362
8040.000 3.687
8045.000 4.098
8050.000 4.573
8055.000 5.152
8060.000 5.849
8065.000 6.684
8070.000 7.610
8075.000 8.544
8080.000 9.297
8085.000 9.573
8090.000 9.108
8095.000 8.074
8100.000 6.914
8105.000 5.920
8110.000 5.129
8115.000 4.499
8120.000 4.017
8125.000 3.599
8130.000 3.276
8135.000 3.002
8140.000 2.757
8145.000 2.557
8150.000 2.377
8155.000 2.226
8160.000 2.226
8165.000 2.092
8170.000 1.969
8175.000 1.862
8180.000 1.766
8185.000 1.684
8190.000 1.606
8195.000 1.535
8200.000 1.456
8205.000 1.402
8210.000 1.343
8215.000 1.297
8220.000 1.249
8225.000 1.204
8230.000 1.166
8235.000 1.129
8240.000 1.094
8245.000 1.062
8250.000 1.037
8255.000 1.005
8260.000 0.982
8265.000 0.956
8270.000 0.930
8275.000 0.904
8280.000 0.884
8285.000 0.884
8290.000 0.868
8295.000 0.852
8300.000 0.839
8305.000 0.828
8310.000 0.816
8315.000 0.796
8320.000 0.779
8325.000 0.763
8330.000 0.748
8335.000 0.735
8340.000 0.722
8345.000 0.709
8350.000 0.694
8355.000 0.684
8360.000 0.676
8365.000 0.663
8370.000 0.651
8375.000 0.643
8380.000 0.634
8385.000 0.625
8390.000 0.618
8395.000 0.608
8400.000 0.598
8405.000 0.591
8410.000 0.591
8415.000 0.583
8420.000 0.578
8425.000 0.572
8430.000 0.563
8435.000 0.556
8440.000 0.559
8445.000 0.549
8450.000 0.544
8455.000 0.538
8460.000 0.532
8465.000 0.527
8470.000 0.524
8475.000 0.520
8480.000 0.516
8485.000 0.510
8490.000 0.509
8495.000 0.505
8500.000 0.500
8505.000 0.495
8510.000 0.492
8515.000 0.486
8520.000 0.486
8525.000 0.484
8530.000 0.484
8535.000 0.480
8540.000 0.477
8545.000 0.475
8550.000 0.474
8555.000 0.470
8560.000 0.468
8565.000 0.463
8570.000 0.463
8575.000 0.461
8580.000 0.460
8585.000 0.460
8590.000 0.460
8595.000 0.459
8600.000 0.455
8605.000 0.451
8610.000 0.453
8615.000 0.452
8620.000 0.450
8625.000 0.451
8630.000 0.449
8635.000 0.445
8640.000 0.449
8645.000 0.449
8650.000 0.446
8655.000 0.446
8660.000 0.445
8665.000 0.446
8670.000 0.443
8675.000 0.444
8680.000 0.447
8685.000 0.443
8690.000 0.442
8695.000 0.441
8700.000 0.444
8705.000 0.444
8710.000 0.444
8715.000 0.443
8720.000 0.445
8725.000 0.446
8730.000 0.447
8735.000 0.447
8740.000 0.450
8745.000 0.448
8750.000 0.451
8755.000 0.454
8760.000 0.457
8765.000 0.454
8770.000 0.456
8775.000 0.456
8780.000 0.457
8785.000 0.459
8790.000 0.463
8795.000 0.460
8800.000 0.465
8805.000 0.469
8810.000 0.470
8815.000 0.473
8820.000 0.474
8825.000 0.476
8830.000 0.480
8835.000 0.486
8840.000 0.485
8845.000 0.489
8850.000 0.493
8855.000 0.499
8860.000 0.500
8865.000 0.502
8870.000 0.507
8875.000 0.509
8880.000 0.520
8885.000 0.520
8890.000 0.526
8895.000 0.532
8900.000 0.532
8905.000 0.535
8910.000 0.540
8915.000 0.550
8920.000 0.550
8925.000 0.559
8930.000 0.570
8935.000 0.573
8940.000 0.578
8945.000 0.587
8950.000 0.594
8955.000 0.602
8960.000 0.612
8965.000 0.621
8970.000 0.630
8975.000 0.643
8980.000 0.649
8985.000 0.664
8990.000 0.674
8995.000 0.683
9000.000 0.696
9005.000 0.713
9010.000 0.713
9015.000 0.724
9020.000 0.740
9025.000 0.753
9030.000 0.771
9035.000 0.790
9040.000 0.804
9045.000 0.826
9050.000 0.847
9055.000 0.866
9060.000 0.893
9065.000 0.912
9070.000 0.942
9075.000 0.968
9080.000 1.001
9085.000 1.032
9090.000 1.064
9095.000 1.101
9100.000 1.140
9105.000 1.186
9110.000 1.230
9115.000 1.283
9120.000 1.340
9125.000 1.403
9130.000 1.473
9135.000 1.473
9140.000 1.541
9145.000 1.624
9150.000 1.720
9155.000 1.831
9160.000 1.942
9165.000 2.083
9170.000 2.233
9175.000 2.409
9180.000 2.612
9185.000 2.847
9190.000 3.124
9195.000 3.451
9200.000 3.857
9205.000 4.305
9210.000 4.855
9215.000 5.458
9220.000 6.098
9225.000 6.722
9230.000 7.109
9235.000 7.098
9240.000 6.636
9245.000 5.862
9250.000 5.077
9255.000 4.402
9260.000 4.402
9265.000 3.868
9270.000 3.401
9275.000 3.024
9280.000 2.740
9285.000 2.498
9290.000 2.297
9295.000 2.121
9300.000 1.967
9305.000 1.841
9310.000 1.727
9315.000 1.639
9320.000 1.547
9325.000 1.466
9330.000 1.392
9335.000 1.325
9340.000 1.265
9345.000 1.206
9350.000 1.157
9355.000 1.110
9360.000 1.065
9365.000 1.028
9370.000 0.990
9375.000 0.957
9380.000 0.926
9385.000 0.926
9390.000 0.896
9395.000 0.867
9400.000 0.838
9405.000 0.819
9410.000 0.794
9415.000 0.774
9420.000 0.756
9425.000 0.733
9430.000 0.715
9435.000 0.697
9440.000 0.682
9445.000 0.666
9450.000 0.653
9455.000 0.638
9460.000 0.623
9465.000 0.610
9470.000 0.610
9475.000 0.586
9480.000 0.581
9485.000 0.568
9490.000 0.553
9495.000 0.551
9500.000 0.540
9505.000 0.539
9510.000 0.529
9515.000 0.522
9520.000 0.507
9525.000 0.507
9530.000 0.497
9535.000 0.491
9540.000 0.481
9545.000 0.475
9550.000 0.470
9555.000 0.461
9560.000 0.455
9565.000 0.449
9570.000 0.445
9575.000 0.439
9580.000 0.434
9585.000 0.429
9590.000 0.422
9595.000 0.418
9600.000 0.416
9605.000 0.412
9610.000 0.406
9615.000 0.403
9620.000 0.403
9625.000 0.398
9630.000 0.393
9635.000 0.392
9640.000 0.388
9645.000 0.383
9650.000 0.382
9655.000 0.380
9660.000 0.377
9665.000 0.372
9670.000 0.369
9675.000 0.363
9680.000 0.360
9685.000 0.360
9690.000 0.357
9695.000 0.360
9700.000 0.354
9705.000 0.354
9710.000 0.351
9715.000 0.351
9720.000 0.345
9725.000 0.344
9730.000 0.344
9735.000 0.342
9740.000 0.337
9745.000 0.337
9750.000 0.338
9755.000 0.336
9760.000 0.336
9765.000 0.333
9770.000 0.332
9775.000 0.331
9780.000 0.333
9785.000 0.327
9790.000 0.331
9795.000 0.327
9800.000 0.327
9805.000 0.326
9810.000 0.325
9815.000 0.323
9820.000 0.324
9825.000 0.323
9830.000 0.328
9835.000 0.324
9840.000 0.328
9845.000 0.328
9850.000 0.329
9855.000 0.331
9860.000 0.332
9865.000 0.329
9870.000 0.329
9875.000 0.330
9880.000 0.330
9885.000 0.330
9890.000 0.329
9895.000 0.331
9900.000 0.331
9905.000 0.330
9910.000 0.334
9915.000 0.334
9920.000 0.335
9925.000 0.334
9930.000 0.332
9935.000 0.336
9940.000 0.337
9945.000 0.340
9950.000 0.339
9955.000 0.344
9960.000 0.341
9965.000 0.346
9970.000 0.347
9975.000 0.347
9980.000 0.351
9985.000 0.354
9990.000 0.354
9995.000 0.354
10000.000 0.357
10005.000 0.360
10010.000 0.361
10015.000 0.366
10020.000 0.369
10025.000 0.371
10030.000 0.373
10035.000 0.373
10040.000 0.376
10045.000 0.381
10050.000 0.382
10055.000 0.385
10060.000 0.393
10065.000 0.394
10070.000 0.399
10075.000 0.401
10080.000 0.406
10085.000 0.411
10090.000 0.418
10095.000 0.423
10100.000 0.428
10105.000 0.428
10110.000 0.433
10115.000 0.439
10120.000 0.441
10125.000 0.450
10130.000 0.460
10135.000 0.462
10140.000 0.472
10145.000 0.477
10150.000 0.488
10155.000 0.499
10160.000 0.509
10165.000 0.522
10170.000 0.537
10175.000 0.543
10180.000 0.558
10185.000 0.575
10190.000 0.589
10195.000 0.604
10200.000 0.618
10205.000 0.634
10210.000 0.651
10215.000 0.669
10220.000 0.688
10225.000 0.707
10230.000 0.707
10235.000 0.730
10240.000 0.752
10245.000 0.777
10250.000 0.805
10255.000 0.834
10260.000 0.865
10265.000 0.897
10270.000 0.932
10275.000 0.976
10280.000 1.018
10285.000 1.066
10290.000 1.117
10295.000 1.174
10300.000 1.242
10305.000 1.317
10310.000 1.396
10315.000 1.490
10320.000 1.600
10325.000 1.722
10330.000 1.864
10335.000 2.035
10340.000 2.219
10345.000 2.458
10350.000 2.458
10355.000 2.728
10360.000 3.052
10365.000 3.421
10370.000 3.838
10375.000 4.278
10380.000 4.669
10385.000 4.902
10390.000 4.881
10395.000 4.581
10400.000 4.106
10405.000 3.588
10410.000 3.142
10415.000 2.766
10420.000 2.464
10425.000 2.202
10430.000 2.001
10435.000 1.824
10440.000 1.672
10445.000 1.544
10450.000 1.434
10455.000 1.344
10460.000 1.255
10465.000 1.178
10470.000 1.110
10475.000 1.054
10480.000 1.054
10485.000 1.000
10490.000 0.949
10495.000 0.905
10500.000 0.862
10505.000 0.828
10510.000 0.793
10515.000 0.764
10520.000 0.736
10525.000 0.709
10530.000 0.686
10535.000 0.662
10540.000 0.643
10545.000 0.627
10550.000 0.610
10555.000 0.592
10560.000 0.574
10565.000 0.558
10570.000 0.540
10575.000 0.527
10580.000 0.512
10585.000 0.501
10590.000 0.488
10595.000 0.488
10600.000 0.480
10605.000 0.471
10610.000 0.463
10615.000 0.456
10620.000 0.448
10625.000 0.440
10630.000 0.431
10635.000 0.423
10640.000 0.415
10645.000 0.409
10650.000 0.404
10655.000 0.397
10660.000 0.390
10665.000 0.386
10670.000 0.381
10675.000 0.375
10680.000 0.369
10685.000 0.366
10690.000 0.357
10695.000 0.354
10700.000 0.348
10705.000 0.342
10710.000 0.338
10715.000 0.335
10720.000 0.335
10725.000 0.332
10730.000 0.329
10735.000 0.321
10740.000 0.321
10745.000 0.316
10750.000 0.313
10755.000 0.310
10760.000 0.304
10765.000 0.302
10770.000 0.300
10775.000 0.296
10780.000 0.293
10785.000 0.292
10790.000 0.288
10795.000 0.288
10800.000 0.282
10805.000 0.281
10810.000 0.281
10815.000 0.277
10820.000 0.276
10825.000 0.274
10830.000 0.274
10835.000 0.271
10840.000 0.268
10845.000 0.268
10850.000 0.265
10855.000 0.264
10860.000 0.263
10865.000 0.263
10870.000 0.260
10875.000 0.255
10880.000 0.256
10885.000 0.254
10890.000 0.256
10895.000 0.252
10900.000 0.251
10905.000 0.252
10910.000 0.248
10915.000 0.250
10920.000 0.248
10925.000 0.250
10930.000 0.247
10935.000 0.248
10940.000 0.249
10945.000 0.244
10950.000 0.248
10955.000 0.245
10960.000 0.245
10965.000 0.244
10970.000 0.244
10975.000 0.244
10980.000 0.244
10985.000 0.241
10990.000 0.243
10995.000 0.244
11000.000 0.243
11005.000 0.245
11010.000 0.247
11015.000 0.247
11020.000 0.245
11025.000 0.245
11030.000 0.242
11035.000 0.247
11040.000 0.245
11045.000 0.247
11050.000 0.243
11055.000 0.249
11060.000 0.247
11065.000 0.250
11070.000 0.250
11075.000 0.252
11080.000 0.252
11085.000 0.252
11090.000 0.255
11095.000 0.254
11100.000 0.256
11105.000 0.254
11110.000 0.256
11115.000 0.261
11120.000 0.260
11125.000 0.263
11130.000 0.262
11135.000 0.264
11140.000 0.265
11145.000 0.268
11150.000 0.270
11155.000 0.272
11160.000 0.272
11165.000 0.274
11170.000 0.277
11175.000 0.279
11180.000 0.282
11185.000 0.281
11190.000 0.287
11195.000 0.290
11200.000 0.292
11205.000 0.292
11210.000 0.293
11215.000 0.299
11220.000 0.300
11225.000 0.305
11230.000 0.311
11235.000 0.310
11240.000 0.317
11245.000 0.321
11250.000 0.325
11255.000 0.329
11260.000 0.331
11265.000 0.335
11270.000 0.343
11275.000 0.347
11280.000 0.352
11285.000 0.358
11290.000 0.366
11295.000 0.372
11300.000 0.378
11305.000 0.383
11310.000 0.393
11315.000 0.397
11320.000 0.407
11325.000 0.415
11330.000 0.415
11335.000 0.424
11340.000 0.436
11345.000 0.444
11350.000 0.458
11355.000 0.471
11360.000 0.481
11365.000 0.497
11370.000 0.513
11375.000 0.525
11380.000 0.540
11385.000 0.554
11390.000 0.577
11395.000 0.595
11400.000 0.619
11405.000 0.636
11410.000 0.664
11415.000 0.688
11420.000 0.715
11425.000 0.747
11430.000 0.778
11435.000 0.823
11440.000 0.858
11445.000 0.907
11450.000 0.960
11455.000 0.960
11460.000 1.017
11465.000 1.083
11470.000 1.157
11475.000 1.246
11480.000 1.363
11485.000 1.499
11490.000 1.635
11495.000 1.794
11500.000 1.987
11505.000 2.187
11510.000 2.420
11515.000 2.667
11520.000 2.888
11525.000 3.082
11530.000 3.169
11535.000 3.116
11540.000 2.936
11545.000 2.668
11550.000 2.394
11555.000 2.132
11560.000 1.913
11565.000 1.913
11570.000 1.720
11575.000 1.558
11580.000 1.418
11585.000 1.306
11590.000 1.202
11595.000 1.120
11600.000 1.044
11605.000 0.971
11610.000 0.910
11615.000 0.860
11620.000 0.814
11625.000 0.773
11630.000 0.733
11635.000 0.696
11640.000 0.670
11645.000 0.640
11650.000 0.613
11655.000 0.588
11660.000 0.564
11665.000 0.543
11670.000 0.525
11675.000 0.507
11680.000 0.492
11685.000 0.474
11690.000 0.474
11695.000 0.460
11700.000 0.448
11705.000 0.436
11710.000 0.420
11715.000 0.412
11720.000 0.400
11725.000 0.389
11730.000 0.380
11735.000 0.369
11740.000 0.363
11745.000 0.354
11750.000 0.345
11755.000 0.336
11760.000 0.331
11765.000 0.325
11770.000 0.318
11775.000 0.312
11780.000 0.305
11785.000 0.302
11790.000 0.297
11795.000 0.290
11800.000 0.286
11805.000 0.281
11810.000 0.281
11815.000 0.275
11820.000 0.272
11825.000 0.269
11830.000 0.264
11835.000 0.262
11840.000 0.259
11845.000 0.251
11850.000 0.249
11855.000 0.247
11860.000 0.243
11865.000 0.240
11870.000 0.237
11875.000 0.234
11880.000 0.230
11885.000 0.229
11890.000 0.226
11895.000 0.227
11900.000 0.223
11905.000 0.219
11910.000 0.217
11915.000 0.216
11920.000 0.212
11925.000 0.211
11930.000 0.209
11935.000 0.207
11940.000 0.207
11945.000 0.208
11950.000 0.205
11955.000 0.205
11960.000 0.205
11965.000 0.202
11970.000 0.201
11975.000 0.200
11980.000 0.198
11985.000 0.196
11990.000 0.195
11995.000 0.194
12000.000 0.194
