105.000 0.061
110.000 0.176
115.000 0.192
120.000 0.196
125.000 0.294
130.000 0.299
135.000 0.293
140.000 0.269
145.000 0.338
150.000 0.324
155.000 0.319
160.000 0.360
165.000 0.288
170.000 0.376
175.000 0.370
180.000 0.365
185.000 0.393
190.000 0.380
195.000 0.389
200.000 0.420
205.000 0.387
210.000 0.434
215.000 0.438
220.000 0.479
225.000 0.479
230.000 0.503
235.000 0.465
240.000 0.493
245.000 0.449
250.000 0.543
255.000 0.501
260.000 0.557
265.000 0.516
270.000 0.584
275.000 0.572
280.000 0.588
285.000 0.629
290.000 0.598
295.000 0.602
300.000 0.628
305.000 0.683
310.000 0.683
315.000 0.716
320.000 0.739
325.000 0.730
330.000 0.771
335.000 0.808
340.000 0.833
345.000 0.923
350.000 0.923
355.000 0.894
360.000 0.918
365.000 0.941
370.000 1.049
375.000 1.067
380.000 1.169
385.000 1.154
390.000 1.150
395.000 1.190
400.000 1.284
405.000 1.448
410.000 1.436
415.000 1.556
420.000 1.677
425.000 1.721
430.000 1.785
435.000 1.840
440.000 1.939
445.000 1.956
450.000 2.053
455.000 2.117
460.000 2.117
465.000 2.185
470.000 2.225
475.000 2.254
480.000 2.250
485.000 2.273
490.000 2.280
495.000 2.253
500.000 2.256
505.000 2.238
510.000 2.222
515.000 2.200
520.000 2.134
525.000 2.137
530.000 2.093
535.000 2.127
540.000 2.084
545.000 2.046
550.000 2.015
555.000 1.985
560.000 1.890
565.000 1.869
570.000 1.823
575.000 1.770
580.000 1.776
585.000 1.782
590.000 1.762
595.000 1.726
600.000 1.711
605.000 1.674
610.000 1.686
615.000 1.673
620.000 1.653
625.000 1.662
630.000 1.656
635.000 1.652
640.000 1.646
645.000 1.670
650.000 1.658
655.000 1.673
660.000 1.730
665.000 1.732
670.000 1.776
675.000 1.791
680.000 1.804
685.000 1.869
690.000 1.944
695.000 1.939
700.000 2.048
705.000 2.169
710.000 2.169
715.000 2.299
720.000 2.408
725.000 2.278
730.000 2.310
735.000 2.659
740.000 3.056
745.000 3.568
750.000 4.049
755.000 4.455
760.000 5.006
765.000 6.043
770.000 7.269
775.000 8.401
780.000 9.182
785.000 8.934
790.000 7.117
795.000 5.013
800.000 3.872
805.000 3.175
810.000 2.584
815.000 2.246
820.000 2.018
825.000 1.697
830.000 1.591
835.000 1.591
840.000 1.405
845.000 1.251
850.000 1.159
855.000 1.014
860.000 0.935
865.000 0.851
870.000 0.794
875.000 0.764
880.000 0.651
885.000 0.624
890.000 0.567
895.000 0.576
900.000 0.496
905.000 0.474
910.000 0.430
915.000 0.429
920.000 0.391
925.000 0.352
930.000 0.320
935.000 0.294
940.000 0.297
945.000 0.285
950.000 0.285
955.000 0.279
960.000 0.260
965.000 0.262
970.000 0.245
975.000 0.235
980.000 0.235
985.000 0.227
990.000 0.204
995.000 0.211
1000.000 0.212
1005.000 0.207
1010.000 0.195
1015.000 0.185
1020.000 0.179
1025.000 0.180
1030.000 0.171
1035.000 0.160
1040.000 0.169
1045.000 0.165
1050.000 0.153
1055.000 0.149
1060.000 0.162
1065.000 0.161
1070.000 0.152
1075.000 0.152
1080.000 0.154
1085.000 0.161
1090.000 0.157
1095.000 0.153
1100.000 0.155
1105.000 0.157
1110.000 0.157
1115.000 0.164
1120.000 0.160
1125.000 0.167
1130.000 0.172
1135.000 0.171
1140.000 0.172
1145.000 0.181
1150.000 0.185
1155.000 0.184
1160.000 0.184
1165.000 0.195
1170.000 0.200
1175.000 0.204
1180.000 0.199
1185.000 0.206
1190.000 0.201
1195.000 0.212
1200.000 0.212
1205.000 0.218
1210.000 0.225
1215.000 0.226
1220.000 0.237
1225.000 0.235
1230.000 0.241
1235.000 0.246
1240.000 0.279
1245.000 0.261
1250.000 0.274
1255.000 0.281
1260.000 0.300
1265.000 0.304
1270.000 0.319
1275.000 0.311
1280.000 0.334
1285.000 0.347
1290.000 0.352
1295.000 0.360
1300.000 0.373
1305.000 0.387
1310.000 0.408
1315.000 0.401
1320.000 0.416
1325.000 0.416
1330.000 0.449
1335.000 0.468
1340.000 0.468
1345.000 0.500
1350.000 0.528
1355.000 0.548
1360.000 0.567
1365.000 0.565
1370.000 0.616
1375.000 0.612
1380.000 0.649
1385.000 0.683
1390.000 0.711
1395.000 0.751
1400.000 0.805
1405.000 0.834
1410.000 0.870
1415.000 0.927
1420.000 0.969
1425.000 1.038
1430.000 1.106
1435.000 1.171
1440.000 1.252
1445.000 1.261
1450.000 1.342
1455.000 1.434
1460.000 1.571
1465.000 1.709
1470.000 1.839
1475.000 2.010
1480.000 2.216
1485.000 2.427
1490.000 2.723
1495.000 3.060
1500.000 3.492
1505.000 3.965
1510.000 4.594
1515.000 5.377
1520.000 6.333
1525.000 7.424
1530.000 8.375
1535.000 8.990
1540.000 8.772
1545.000 7.743
1550.000 6.567
1555.000 5.541
1560.000 5.541
1565.000 4.772
1570.000 4.243
1575.000 3.776
1580.000 3.423
1585.000 3.126
1590.000 2.846
1595.000 2.684
1600.000 2.478
1605.000 2.326
1610.000 2.218
1615.000 2.090
1620.000 1.974
1625.000 1.890
1630.000 1.794
1635.000 1.708
1640.000 1.644
1645.000 1.570
1650.000 1.514
1655.000 1.458
1660.000 1.388
1665.000 1.348
1670.000 1.294
1675.000 1.205
1680.000 1.203
1685.000 1.203
1690.000 1.151
1695.000 1.106
1700.000 1.062
1705.000 1.020
1710.000 0.971
1715.000 0.926
1720.000 0.887
1725.000 0.849
1730.000 0.828
1735.000 0.807
1740.000 0.793
1745.000 0.785
1750.000 0.793
1755.000 0.815
1760.000 0.834
1765.000 0.849
1770.000 0.892
1775.000 0.933
1780.000 0.977
1785.000 1.015
1790.000 1.059
1795.000 1.093
1800.000 1.124
1805.000 1.166
1810.000 1.166
1815.000 1.195
1820.000 1.228
1825.000 1.247
1830.000 1.280
1835.000 1.305
1840.000 1.328
1845.000 1.345
1850.000 1.369
1855.000 1.391
1860.000 1.413
1865.000 1.438
1870.000 1.464
1875.000 1.469
1880.000 1.477
1885.000 1.508
1890.000 1.527
1895.000 1.541
1900.000 1.553
1905.000 1.583
1910.000 1.576
1915.000 1.618
1920.000 1.606
1925.000 1.623
1930.000 1.646
1935.000 1.646
1940.000 1.664
1945.000 1.723
1950.000 1.707
1955.000 1.737
1960.000 1.766
1965.000 1.776
1970.000 1.785
1975.000 1.800
1980.000 1.834
1985.000 1.839
1990.000 1.859
1995.000 1.879
2000.000 1.913
2005.000 1.926
2010.000 1.936
2015.000 1.966
2020.000 1.987
2025.000 2.003
2030.000 2.021
2035.000 2.065
2040.000 2.072
2045.000 2.072
2050.000 2.106
2055.000 2.118
2060.000 2.147
2065.000 2.172
2070.000 2.201
2075.000 2.218
2080.000 2.249
2085.000 2.276
2090.000 2.300
2095.000 2.330
2100.000 2.364
2105.000 2.394
2110.000 2.427
2115.000 2.460
2120.000 2.491
2125.000 2.531
2130.000 2.576
2135.000 2.612
2140.000 2.653
2145.000 2.697
2150.000 2.740
2155.000 2.794
2160.000 2.847
2165.000 2.903
2170.000 2.903
2175.000 2.962
2180.000 3.025
2185.000 3.100
2190.000 3.171
2195.000 3.251
2200.000 3.338
2205.000 3.437
2210.000 3.533
2215.000 3.641
2220.000 3.756
2225.000 3.892
2230.000 4.029
2235.000 4.179
2240.000 4.353
2245.000 4.542
2250.000 4.752
2255.000 4.985
2260.000 5.250
2265.000 5.543
2270.000 5.880
2275.000 6.245
2280.000 6.673
2285.000 7.166
2290.000 7.714
2295.000 7.714
2300.000 8.326
2305.000 9.001
2310.000 9.737
2315.000 10.501
2320.000 11.206
2325.000 11.777
2330.000 12.110
2335.000 12.073
2340.000 11.671
2345.000 10.959
2350.000 10.055
2355.000 9.129
2360.000 8.252
2365.000 7.475
2370.000 6.782
2375.000 6.175
2380.000 5.657
2385.000 5.201
2390.000 4.797
2395.000 4.457
2400.000 4.140
2405.000 3.877
2410.000 3.635
2415.000 3.416
2420.000 3.416
2425.000 3.228
2430.000 3.048
2435.000 2.888
2440.000 2.741
2445.000 2.610
2450.000 2.495
2455.000 2.389
2460.000 2.286
2465.000 2.189
2470.000 2.107
2475.000 2.029
2480.000 1.955
2485.000 1.881
2490.000 1.821
2495.000 1.761
2500.000 1.703
2505.000 1.651
2510.000 1.609
2515.000 1.550
2520.000 1.514
2525.000 1.470
2530.000 1.470
2535.000 1.434
2540.000 1.398
2545.000 1.366
2550.000 1.329
2555.000 1.303
2560.000 1.275
2565.000 1.245
2570.000 1.220
2575.000 1.193
2580.000 1.166
2585.000 1.146
2590.000 1.132
2595.000 1.105
2600.000 1.091
2605.000 1.073
2610.000 1.055
2615.000 1.043
2620.000 1.026
2625.000 1.013
2630.000 0.997
2635.000 0.985
2640.000 0.975
2645.000 0.962
2650.000 0.950
2655.000 0.938
2660.000 0.938
2665.000 0.930
2670.000 0.921
2675.000 0.911
2680.000 0.902
2685.000 0.896
2690.000 0.892
2695.000 0.882
2700.000 0.875
2705.000 0.874
2710.000 0.868
2715.000 0.863
2720.000 0.854
2725.000 0.854
2730.000 0.852
2735.000 0.844
2740.000 0.839
2745.000 0.842
2750.000 0.839
2755.000 0.840
2760.000 0.841
2765.000 0.841
2770.000 0.841
2775.000 0.839
2780.000 0.846
2785.000 0.846
2790.000 0.838
2795.000 0.844
2800.000 0.846
2805.000 0.845
2810.000 0.849
2815.000 0.854
2820.000 0.863
2825.000 0.860
2830.000 0.871
2835.000 0.880
2840.000 0.884
2845.000 0.891
2850.000 0.899
2855.000 0.908
2860.000 0.918
2865.000 0.928
2870.000 0.937
2875.000 0.948
2880.000 0.960
2885.000 0.976
2890.000 0.993
2895.000 1.003
2900.000 1.023
2905.000 1.036
2910.000 1.036
2915.000 1.055
2920.000 1.078
2925.000 1.095
2930.000 1.128
2935.000 1.154
2940.000 1.180
2945.000 1.216
2950.000 1.244
2955.000 1.276
2960.000 1.317
2965.000 1.360
2970.000 1.402
2975.000 1.458
2980.000 1.510
2985.000 1.574
2990.000 1.638
2995.000 1.709
3000.000 1.796
3005.000 1.897
3010.000 1.999
3015.000 2.120
3020.000 2.120
3025.000 2.257
3030.000 2.414
3035.000 2.591
3040.000 2.807
3045.000 3.057
3050.000 3.359
3055.000 3.735
3060.000 4.196
3065.000 4.771
3070.000 5.477
3075.000 6.374
3080.000 7.475
3085.000 8.722
3090.000 9.893
3095.000 10.530
3100.000 10.072
3105.000 8.536
3110.000 6.854
3115.000 5.619
3120.000 4.754
3125.000 4.107
3130.000 3.602
3135.000 3.191
3140.000 2.881
3145.000 2.881
3150.000 2.614
3155.000 2.393
3160.000 2.203
3165.000 2.046
3170.000 1.904
3175.000 1.782
3180.000 1.679
3185.000 1.584
3190.000 1.497
3195.000 1.421
3200.000 1.351
3205.000 1.289
3210.000 1.234
3215.000 1.182
3220.000 1.130
3225.000 1.087
3230.000 1.052
3235.000 1.015
3240.000 0.980
3245.000 0.943
3250.000 0.918
3255.000 0.892
3260.000 0.864
3265.000 0.842
3270.000 0.842
3275.000 0.820
3280.000 0.799
3285.000 0.778
3290.000 0.762
3295.000 0.743
3300.000 0.725
3305.000 0.713
3310.000 0.698
3315.000 0.683
3320.000 0.666
3325.000 0.657
3330.000 0.647
3335.000 0.633
3340.000 0.627
3345.000 0.614
3350.000 0.605
3355.000 0.597
3360.000 0.587
3365.000 0.583
3370.000 0.572
3375.000 0.566
3380.000 0.559
3385.000 0.556
3390.000 0.544
3395.000 0.544
3400.000 0.542
3405.000 0.532
3410.000 0.536
3415.000 0.529
3420.000 0.521
3425.000 0.518
3430.000 0.514
3435.000 0.510
3440.000 0.510
3445.000 0.507
3450.000 0.506
3455.000 0.505
3460.000 0.502
3465.000 0.499
3470.000 0.496
3475.000 0.497
3480.000 0.495
3485.000 0.498
3490.000 0.496
3495.000 0.494
3500.000 0.491
3505.000 0.491
3510.000 0.491
3515.000 0.495
3520.000 0.499
3525.000 0.499
3530.000 0.500
3535.000 0.499
3540.000 0.502
3545.000 0.503
3550.000 0.505
3555.000 0.511
3560.000 0.510
3565.000 0.511
3570.000 0.517
3575.000 0.520
3580.000 0.522
3585.000 0.528
3590.000 0.531
3595.000 0.537
3600.000 0.542
3605.000 0.549
3610.000 0.551
3615.000 0.556
3620.000 0.567
3625.000 0.568
3630.000 0.568
3635.000 0.578
3640.000 0.587
3645.000 0.597
3650.000 0.601
3655.000 0.617
3660.000 0.621
3665.000 0.637
3670.000 0.649
3675.000 0.661
3680.000 0.677
3685.000 0.689
3690.000 0.707
3695.000 0.720
3700.000 0.741
3705.000 0.760
3710.000 0.782
3715.000 0.803
3720.000 0.831
3725.000 0.855
3730.000 0.886
3735.000 0.915
3740.000 0.951
3745.000 0.989
3750.000 1.029
3755.000 1.029
3760.000 1.073
3765.000 1.122
3770.000 1.184
3775.000 1.242
3780.000 1.318
3785.000 1.396
3790.000 1.495
3795.000 1.601
3800.000 1.727
3805.000 1.875
3810.000 2.036
3815.000 2.253
3820.000 2.507
3825.000 2.826
3830.000 3.227
3835.000 3.736
3840.000 4.391
3845.000 5.207
3850.000 6.170
3855.000 7.112
3860.000 7.629
3865.000 7.245
3870.000 5.966
3875.000 4.616
3880.000 4.616
3885.000 3.762
3890.000 3.164
3895.000 2.724
3900.000 2.391
3905.000 2.124
3910.000 1.912
3915.000 1.738
3920.000 1.579
3925.000 1.460
3930.000 1.353
3935.000 1.266
3940.000 1.183
3945.000 1.112
3950.000 1.053
3955.000 0.995
3960.000 0.947
3965.000 0.902
3970.000 0.864
3975.000 0.821
3980.000 0.792
3985.000 0.759
3990.000 0.759
3995.000 0.729
4000.000 0.705
4005.000 0.680
4010.000 0.657
4015.000 0.639
4020.000 0.614
4025.000 0.601
4030.000 0.585
4035.000 0.566
4040.000 0.552
4045.000 0.539
4050.000 0.526
4055.000 0.512
4060.000 0.504
4065.000 0.491
4070.000 0.478
4075.000 0.475
4080.000 0.459
4085.000 0.452
4090.000 0.444
4095.000 0.437
4100.000 0.430
4105.000 0.423
4110.000 0.416
4115.000 0.416
4120.000 0.409
4125.000 0.404
4130.000 0.401
4135.000 0.392
4140.000 0.388
4145.000 0.380
4150.000 0.377
4155.000 0.373
4160.000 0.368
4165.000 0.366
4170.000 0.361
4175.000 0.361
4180.000 0.357
4185.000 0.355
4190.000 0.351
4195.000 0.350
4200.000 0.348
4205.000 0.345
4210.000 0.343
4215.000 0.341
4220.000 0.341
4225.000 0.337
4230.000 0.336
4235.000 0.336
4240.000 0.336
4245.000 0.336
4250.000 0.336
4255.000 0.336
4260.000 0.338
4265.000 0.336
4270.000 0.335
4275.000 0.336
4280.000 0.337
4285.000 0.335
4290.000 0.335
4295.000 0.335
4300.000 0.335
4305.000 0.335
4310.000 0.334
4315.000 0.333
4320.000 0.329
4325.000 0.327
4330.000 0.322
4335.000 0.320
4340.000 0.319
4345.000 0.319
4350.000 0.321
4355.000 0.321
4360.000 0.323
4365.000 0.323
4370.000 0.325
4375.000 0.330
4380.000 0.332
4385.000 0.341
4390.000 0.338
4395.000 0.346
4400.000 0.355
4405.000 0.356
4410.000 0.365
4415.000 0.370
4420.000 0.383
4425.000 0.389
4430.000 0.395
4435.000 0.406
4440.000 0.414
4445.000 0.422
4450.000 0.434
4455.000 0.446
4460.000 0.457
4465.000 0.473
4470.000 0.486
4475.000 0.498
4480.000 0.498
4485.000 0.520
4490.000 0.540
4495.000 0.556
4500.000 0.579
4505.000 0.603
4510.000 0.627
4515.000 0.656
4520.000 0.690
4525.000 0.723
4530.000 0.764
4535.000 0.809
4540.000 0.858
4545.000 0.913
4550.000 0.979
4555.000 1.053
4560.000 1.140
4565.000 1.237
4570.000 1.356
4575.000 1.507
4580.000 1.684
4585.000 1.902
4590.000 2.169
4595.000 2.502
4600.000 2.931
4605.000 2.931
4610.000 3.468
4615.000 4.129
4620.000 4.885
4625.000 5.562
4630.000 5.849
4635.000 5.456
4640.000 4.536
4645.000 3.685
4650.000 3.106
4655.000 2.666
4660.000 2.345
4665.000 2.101
4670.000 1.905
4675.000 1.743
4680.000 1.610
4685.000 1.495
4690.000 1.407
4695.000 1.324
4700.000 1.256
4705.000 1.190
4710.000 1.133
4715.000 1.080
4720.000 1.038
4725.000 0.989
4730.000 0.989
4735.000 0.953
4740.000 0.914
4745.000 0.878
4750.000 0.840
4755.000 0.811
4760.000 0.779
4765.000 0.749
4770.000 0.719
4775.000 0.686
4780.000 0.656
4785.000 0.630
4790.000 0.605
4795.000 0.573
4800.000 0.548
4805.000 0.526
4810.000 0.505
4815.000 0.482
4820.000 0.456
4825.000 0.441
4830.000 0.424
4835.000 0.403
4840.000 0.395
4845.000 0.378
4850.000 0.369
4855.000 0.369
4860.000 0.360
4865.000 0.352
4870.000 0.348
4875.000 0.345
4880.000 0.344
4885.000 0.343
4890.000 0.347
4895.000 0.346
4900.000 0.358
4905.000 0.354
4910.000 0.366
4915.000 0.375
4920.000 0.386
4925.000 0.392
4930.000 0.405
4935.000 0.417
4940.000 0.429
4945.000 0.449
4950.000 0.455
4955.000 0.470
4960.000 0.488
4965.000 0.488
4970.000 0.502
4975.000 0.526
4980.000 0.544
4985.000 0.561
4990.000 0.579
4995.000 0.602
5000.000 0.619
5005.000 0.641
5010.000 0.661
5015.000 0.683
5020.000 0.706
5025.000 0.732
5030.000 0.758
5035.000 0.782
5040.000 0.808
5045.000 0.833
5050.000 0.858
5055.000 0.884
5060.000 0.914
5065.000 0.938
5070.000 0.966
5075.000 0.995
5080.000 1.022
5085.000 1.047
5090.000 1.047
5095.000 1.076
5100.000 1.108
5105.000 1.134
5110.000 1.163
5115.000 1.189
5120.000 1.217
5125.000 1.249
5130.000 1.275
5135.000 1.299
5140.000 1.326
5145.000 1.357
5150.000 1.380
5155.000 1.410
5160.000 1.433
5165.000 1.463
5170.000 1.483
5175.000 1.511
5180.000 1.541
5185.000 1.564
5190.000 1.590
5195.000 1.613
5200.000 1.643
5205.000 1.672
5210.000 1.699
5215.000 1.699
5220.000 1.729
5225.000 1.754
5230.000 1.781
5235.000 1.814
5240.000 1.845
5245.000 1.871
5250.000 1.903
5255.000 1.930
5260.000 1.961
5265.000 1.986
5270.000 2.011
5275.000 2.027
5280.000 2.068
5285.000 2.161
5290.000 2.311
5295.000 2.473
5300.000 2.648
5305.000 2.830
5310.000 3.017
5315.000 3.230
5320.000 3.458
5325.000 3.712
5330.000 3.986
5335.000 4.311
5340.000 4.311
5345.000 4.685
5350.000 5.121
5355.000 5.641
5360.000 6.256
5365.000 7.095
5370.000 8.049
5375.000 9.242
5380.000 10.705
5385.000 12.480
5390.000 14.436
5395.000 16.195
5400.000 17.086
5405.000 16.053
5410.000 13.541
5415.000 10.949
5420.000 9.060
5425.000 7.679
5430.000 6.641
5435.000 5.829
5440.000 5.177
5445.000 4.648
5450.000 4.648
5455.000 4.219
5460.000 3.853
5465.000 3.577
5470.000 3.302
5475.000 3.068
5480.000 2.863
5485.000 2.690
5490.000 2.527
5495.000 2.386
5500.000 2.259
5505.000 2.144
5510.000 2.037
5515.000 1.947
5520.000 1.858
5525.000 1.781
5530.000 1.705
5535.000 1.642
5540.000 1.577
5545.000 1.522
5550.000 1.463
5555.000 1.421
5560.000 1.374
5565.000 1.329
5570.000 1.291
5575.000 1.291
5580.000 1.257
5585.000 1.223
5590.000 1.188
5595.000 1.160
5600.000 1.131
5605.000 1.105
5610.000 1.078
5615.000 1.054
5620.000 1.032
5625.000 1.013
5630.000 0.994
5635.000 0.972
5640.000 0.960
5645.000 0.940
5650.000 0.923
5655.000 0.910
5660.000 0.898
5665.000 0.881
5670.000 0.867
5675.000 0.857
5680.000 0.847
5685.000 0.836
5690.000 0.829
5695.000 0.817
5700.000 0.817
5705.000 0.812
5710.000 0.799
5715.000 0.790
5720.000 0.787
5725.000 0.780
5730.000 0.771
5735.000 0.765
5740.000 0.760
5745.000 0.753
5750.000 0.747
5755.000 0.742
5760.000 0.741
5765.000 0.733
5770.000 0.732
5775.000 0.730
5780.000 0.730
5785.000 0.722
5790.000 0.722
5795.000 0.724
5800.000 0.722
5805.000 0.723
5810.000 0.716
5815.000 0.721
5820.000 0.722
5825.000 0.722
5830.000 0.720
5835.000 0.723
5840.000 0.726
5845.000 0.727
5850.000 0.727
5855.000 0.732
5860.000 0.734
5865.000 0.738
5870.000 0.743
5875.000 0.744
5880.000 0.753
5885.000 0.755
5890.000 0.760
5895.000 0.769
5900.000 0.775
5905.000 0.782
5910.000 0.789
5915.000 0.799
5920.000 0.809
5925.000 0.816
5930.000 0.827
5935.000 0.827
5940.000 0.838
5945.000 0.854
5950.000 0.865
5955.000 0.878
5960.000 0.892
5965.000 0.908
5970.000 0.928
5975.000 0.943
5980.000 0.962
5985.000 0.984
5990.000 1.007
5995.000 1.026
6000.000 1.049
6005.000 1.078
6010.000 1.106
6015.000 1.141
6020.000 1.169
6025.000 1.209
6030.000 1.247
6035.000 1.291
6040.000 1.337
6045.000 1.390
6050.000 1.447
6055.000 1.503
6060.000 1.503
6065.000 1.569
6070.000 1.642
6075.000 1.726
6080.000 1.821
6085.000 1.924
6090.000 2.043
6095.000 2.176
6100.000 2.338
6105.000 2.515
6110.000 2.730
6115.000 2.975
6120.000 3.274
6125.000 3.638
6130.000 4.077
6135.000 4.632
6140.000 5.323
6145.000 6.291
6150.000 7.368
6155.000 8.640
6160.000 9.876
6165.000 10.612
6170.000 10.279
6175.000 8.830
6180.000 7.104
6185.000 7.104
6190.000 5.836
6195.000 4.951
6200.000 4.276
6205.000 3.757
6210.000 3.344
6215.000 3.011
6220.000 2.739
6225.000 2.510
6230.000 2.315
6235.000 2.155
6240.000 2.016
6245.000 1.886
6250.000 1.777
6255.000 1.684
6260.000 1.591
6265.000 1.517
6270.000 1.453
6275.000 1.387
6280.000 1.323
6285.000 1.273
6290.000 1.222
6295.000 1.177
6300.000 1.139
6305.000 1.101
6310.000 1.068
6315.000 1.068
6320.000 1.035
6325.000 1.004
6330.000 0.973
6335.000 0.949
6340.000 0.922
6345.000 0.903
6350.000 0.882
6355.000 0.862
6360.000 0.839
6365.000 0.821
6370.000 0.804
6375.000 0.789
6380.000 0.776
6385.000 0.762
6390.000 0.747
6395.000 0.732
6400.000 0.718
6405.000 0.712
6410.000 0.698
6415.000 0.692
6420.000 0.683
6425.000 0.683
6430.000 0.674
6435.000 0.665
6440.000 0.658
6445.000 0.648
6450.000 0.640
6455.000 0.634
6460.000 0.630
6465.000 0.624
6470.000 0.620
6475.000 0.614
6480.000 0.608
6485.000 0.604
6490.000 0.601
6495.000 0.598
6500.000 0.593
6505.000 0.591
6510.000 0.587
6515.000 0.590
6520.000 0.582
6525.000 0.582
6530.000 0.581
6535.000 0.577
6540.000 0.576
6545.000 0.572
6550.000 0.572
6555.000 0.579
6560.000 0.577
6565.000 0.574
6570.000 0.575
6575.000 0.580
6580.000 0.577
6585.000 0.580
6590.000 0.582
6595.000 0.584
6600.000 0.584
6605.000 0.588
6610.000 0.588
6615.000 0.589
6620.000 0.593
6625.000 0.596
6630.000 0.598
6635.000 0.601
6640.000 0.605
6645.000 0.614
6650.000 0.620
6655.000 0.625
6660.000 0.629
6665.000 0.635
6670.000 0.641
6675.000 0.641
6680.000 0.648
6685.000 0.658
6690.000 0.664
6695.000 0.673
6700.000 0.681
6705.000 0.690
6710.000 0.702
6715.000 0.713
6720.000 0.727
6725.000 0.740
6730.000 0.755
6735.000 0.772
6740.000 0.789
6745.000 0.804
6750.000 0.819
6755.000 0.838
6760.000 0.858
6765.000 0.880
6770.000 0.904
6775.000 0.929
6780.000 0.955
6785.000 0.988
6790.000 1.018
6795.000 1.053
6800.000 1.053
6805.000 1.088
6810.000 1.128
6815.000 1.173
6820.000 1.219
6825.000 1.277
6830.000 1.334
6835.000 1.397
6840.000 1.470
6845.000 1.548
6850.000 1.639
6855.000 1.744
6860.000 1.854
6865.000 1.993
6870.000 2.143
6875.000 2.328
6880.000 2.538
6885.000 2.795
6890.000 3.139
6895.000 3.524
6900.000 3.989
6905.000 4.568
6910.000 4.568
6915.000 5.296
6920.000 6.190
6925.000 7.210
6930.000 8.165
6935.000 8.699
6940.000 8.397
6945.000 7.278
6950.000 5.973
6955.000 5.067
6960.000 4.288
6965.000 3.704
6970.000 3.265
6975.000 2.901
6980.000 2.615
6985.000 2.378
6990.000 2.183
6995.000 2.012
7000.000 1.871
7005.000 1.752
7010.000 1.640
7015.000 1.547
7020.000 1.460
7025.000 1.379
7030.000 1.313
7035.000 1.313
7040.000 1.254
7045.000 1.197
7050.000 1.147
7055.000 1.105
7060.000 1.059
7065.000 1.024
7070.000 0.985
7075.000 0.953
7080.000 0.926
7085.000 0.898
7090.000 0.870
7095.000 0.849
7100.000 0.822
7105.000 0.802
7110.000 0.783
7115.000 0.766
7120.000 0.748
7125.000 0.731
7130.000 0.717
7135.000 0.704
7140.000 0.690
7145.000 0.680
7150.000 0.664
7155.000 0.658
7160.000 0.658
7165.000 0.647
7170.000 0.635
7175.000 0.627
7180.000 0.618
7185.000 0.611
7190.000 0.604
7195.000 0.594
7200.000 0.587
7205.000 0.582
7210.000 0.574
7215.000 0.569
7220.000 0.565
7225.000 0.559
7230.000 0.557
7235.000 0.549
7240.000 0.547
7245.000 0.542
7250.000 0.539
7255.000 0.537
7260.000 0.530
7265.000 0.527
7270.000 0.528
7275.000 0.524
7280.000 0.521
7285.000 0.521
7290.000 0.519
7295.000 0.516
7300.000 0.515
7305.000 0.514
7310.000 0.511
7315.000 0.512
7320.000 0.512
7325.000 0.511
7330.000 0.510
7335.000 0.510
7340.000 0.511
7345.000 0.509
7350.000 0.512
7355.000 0.511
7360.000 0.511
7365.000 0.508
7370.000 0.514
7375.000 0.515
7380.000 0.517
7385.000 0.517
7390.000 0.517
7395.000 0.517
7400.000 0.523
7405.000 0.523
7410.000 0.529
7415.000 0.528
7420.000 0.532
7425.000 0.534
7430.000 0.538
7435.000 0.542
7440.000 0.543
7445.000 0.550
7450.000 0.549
7455.000 0.557
7460.000 0.555
7465.000 0.562
7470.000 0.570
7475.000 0.582
7480.000 0.612
7485.000 0.650
7490.000 0.687
7495.000 0.720
7500.000 0.736
7505.000 0.754
7510.000 0.769
7515.000 0.785
7520.000 0.785
7525.000 0.798
7530.000 0.813
7535.000 0.825
7540.000 0.847
7545.000 0.865
7550.000 0.884
7555.000 0.908
7560.000 0.933
7565.000 0.960
7570.000 0.991
7575.000 1.023
7580.000 1.060
7585.000 1.100
7590.000 1.143
7595.000 1.189
7600.000 1.245
7605.000 1.303
7610.000 1.373
7615.000 1.447
7620.000 1.539
7625.000 1.638
7630.000 1.746
7635.000 1.871
7640.000 2.013
7645.000 2.013
7650.000 2.188
7655.000 2.394
7660.000 2.642
7665.000 2.940
7670.000 3.300
7675.000 3.744
7680.000 4.300
7685.000 4.962
7690.000 5.766
7695.000 6.635
7700.000 7.400
7705.000 7.695
7710.000 7.268
7715.000 6.265
7720.000 5.212
7725.000 4.450
7730.000 3.788
7735.000 3.293
7740.000 2.915
7745.000 2.600
7750.000 2.346
7755.000 2.144
7760.000 1.973
7765.000 1.830
7770.000 1.830
7775.000 1.700
7780.000 1.586
7785.000 1.488
7790.000 1.406
7795.000 1.322
7800.000 1.253
7805.000 1.199
7810.000 1.141
7815.000 1.093
7820.000 1.047
7825.000 1.007
7830.000 0.969
7835.000 0.936
7840.000 0.901
7845.000 0.875
7850.000 0.850
7855.000 0.824
7860.000 0.797
7865.000 0.777
7870.000 0.759
7875.000 0.740
7880.000 0.723
7885.000 0.720
7890.000 0.703
7895.000 0.686
7900.000 0.671
7905.000 0.659
7910.000 0.649
7915.000 0.637
7920.000 0.624
7925.000 0.617
7930.000 0.605
7935.000 0.595
7940.000 0.586
7945.000 0.577
7950.000 0.576
7955.000 0.566
7960.000 0.558
7965.000 0.553
7970.000 0.545
7975.000 0.539
7980.000 0.535
7985.000 0.534
7990.000 0.528
7995.000 0.523
8000.000 0.517
8005.000 0.509
8010.000 0.509
8015.000 0.495
8020.000 0.473
8025.000 0.465
8030.000 0.463
8035.000 0.462
8040.000 0.465
8045.000 0.464
8050.000 0.461
8055.000 0.460
8060.000 0.461
8065.000 0.458
8070.000 0.459
8075.000 0.460
8080.000 0.452
8085.000 0.452
8090.000 0.448
8095.000 0.450
8100.000 0.454
8105.000 0.449
8110.000 0.455
8115.000 0.466
8120.000 0.480
8125.000 0.497
8130.000 0.505
8135.000 0.505
8140.000 0.499
8145.000 0.500
8150.000 0.497
8155.000 0.502
8160.000 0.500
8165.000 0.505
8170.000 0.506
8175.000 0.505
8180.000 0.511
8185.000 0.510
8190.000 0.517
8195.000 0.521
8200.000 0.526
8205.000 0.529
8210.000 0.538
8215.000 0.542
8220.000 0.553
8225.000 0.557
8230.000 0.566
8235.000 0.570
8240.000 0.579
8245.000 0.587
8250.000 0.596
8255.000 0.608
8260.000 0.608
8265.000 0.619
8270.000 0.630
8275.000 0.641
8280.000 0.649
8285.000 0.665
8290.000 0.679
8295.000 0.695
8300.000 0.715
8305.000 0.735
8310.000 0.755
8315.000 0.773
8320.000 0.795
8325.000 0.817
8330.000 0.842
8335.000 0.872
8340.000 0.899
8345.000 0.932
8350.000 0.965
8355.000 1.003
8360.000 1.045
8365.000 1.092
8370.000 1.146
8375.000 1.202
8380.000 1.206
8385.000 1.272
8390.000 1.343
8395.000 1.423
8400.000 1.516
8405.000 1.620
8410.000 1.735
8415.000 1.878
8420.000 2.045
8425.000 2.261
8430.000 2.492
8435.000 2.773
8440.000 3.127
8445.000 3.548
8450.000 4.069
8455.000 4.701
8460.000 5.415
8465.000 6.099
8470.000 6.609
8475.000 6.670
8480.000 6.114
8485.000 5.241
8490.000 4.386
8495.000 4.386
8500.000 3.821
8505.000 3.301
8510.000 2.879
8515.000 2.567
8520.000 2.308
8525.000 2.098
8530.000 1.918
8535.000 1.769
8540.000 1.635
8545.000 1.526
8550.000 1.424
8555.000 1.337
8560.000 1.262
8565.000 1.195
8570.000 1.138
8575.000 1.085
8580.000 1.031
8585.000 0.984
8590.000 0.946
8595.000 0.908
8600.000 0.879
8605.000 0.848
8610.000 0.822
8615.000 0.793
8620.000 0.793
8625.000 0.771
8630.000 0.746
8635.000 0.725
8640.000 0.704
8645.000 0.692
8650.000 0.670
8655.000 0.657
8660.000 0.642
8665.000 0.628
8670.000 0.615
8675.000 0.604
8680.000 0.593
8685.000 0.578
8690.000 0.569
8695.000 0.556
8700.000 0.552
8705.000 0.540
8710.000 0.532
8715.000 0.527
8720.000 0.518
8725.000 0.510
8730.000 0.501
8735.000 0.492
8740.000 0.489
8745.000 0.489
8750.000 0.485
8755.000 0.478
8760.000 0.477
8765.000 0.473
8770.000 0.466
8775.000 0.462
8780.000 0.456
8785.000 0.453
8790.000 0.450
8795.000 0.448
8800.000 0.449
8805.000 0.443
8810.000 0.442
8815.000 0.437
8820.000 0.436
8825.000 0.435
8830.000 0.433
8835.000 0.434
8840.000 0.432
8845.000 0.431
8850.000 0.428
8855.000 0.428
8860.000 0.430
8865.000 0.428
8870.000 0.428
8875.000 0.428
8880.000 0.428
8885.000 0.430
8890.000 0.432
8895.000 0.431
8900.000 0.433
8905.000 0.434
8910.000 0.434
8915.000 0.435
8920.000 0.439
8925.000 0.442
8930.000 0.442
8935.000 0.447
8940.000 0.450
8945.000 0.452
8950.000 0.456
8955.000 0.461
8960.000 0.462
8965.000 0.466
8970.000 0.470
8975.000 0.471
8980.000 0.471
8985.000 0.481
8990.000 0.483
8995.000 0.488
9000.000 0.497
9005.000 0.500
9010.000 0.503
9015.000 0.516
9020.000 0.523
9025.000 0.529
9030.000 0.536
9035.000 0.550
9040.000 0.560
9045.000 0.570
9050.000 0.578
9055.000 0.593
9060.000 0.602
9065.000 0.617
9070.000 0.633
9075.000 0.651
9080.000 0.668
9085.000 0.687
9090.000 0.711
9095.000 0.727
9100.000 0.753
9105.000 0.753
9110.000 0.777
9115.000 0.805
9120.000 0.835
9125.000 0.872
9130.000 0.907
9135.000 0.942
9140.000 0.990
9145.000 1.034
9150.000 1.090
9155.000 1.154
9160.000 1.218
9165.000 1.297
9170.000 1.392
9175.000 1.492
9180.000 1.603
9185.000 1.724
9190.000 1.881
9195.000 2.070
9200.000 2.306
9205.000 2.578
9210.000 2.904
9215.000 3.306
9220.000 3.800
9225.000 4.345
9230.000 4.345
9235.000 4.879
9240.000 5.280
9245.000 5.352
9250.000 4.998
9255.000 4.359
9260.000 3.715
9265.000 3.084
9270.000 2.679
9275.000 2.368
9280.000 2.116
9285.000 1.906
9290.000 1.728
9295.000 1.585
9300.000 1.463
9305.000 1.354
9310.000 1.260
9315.000 1.186
9320.000 1.114
9325.000 1.055
9330.000 1.001
9335.000 0.950
9340.000 0.903
9345.000 0.863
9350.000 0.832
9355.000 0.832
9360.000 0.796
9365.000 0.765
9370.000 0.735
9375.000 0.709
9380.000 0.685
9385.000 0.661
9390.000 0.641
9395.000 0.622
9400.000 0.605
9405.000 0.589
9410.000 0.572
9415.000 0.557
9420.000 0.542
9425.000 0.531
9430.000 0.523
9435.000 0.508
9440.000 0.501
9445.000 0.490
9450.000 0.478
9455.000 0.469
9460.000 0.461
9465.000 0.461
9470.000 0.455
9475.000 0.447
9480.000 0.438
9485.000 0.431
9490.000 0.425
9495.000 0.419
9500.000 0.414
9505.000 0.406
9510.000 0.403
9515.000 0.400
9520.000 0.395
9525.000 0.390
9530.000 0.386
9535.000 0.382
9540.000 0.378
9545.000 0.374
9550.000 0.373
9555.000 0.369
9560.000 0.368
9565.000 0.365
9570.000 0.362
9575.000 0.362
9580.000 0.359
9585.000 0.360
9590.000 0.360
9595.000 0.357
9600.000 0.356
9605.000 0.355
9610.000 0.358
9615.000 0.357
9620.000 0.359
9625.000 0.358
9630.000 0.356
9635.000 0.355
9640.000 0.354
9645.000 0.351
9650.000 0.348
9655.000 0.349
9660.000 0.346
9665.000 0.348
9670.000 0.346
9675.000 0.346
9680.000 0.350
9685.000 0.349
9690.000 0.351
9695.000 0.350
9700.000 0.356
9705.000 0.359
9710.000 0.359
9715.000 0.359
9720.000 0.362
9725.000 0.362
9730.000 0.366
9735.000 0.371
9740.000 0.373
9745.000 0.375
9750.000 0.381
9755.000 0.383
9760.000 0.390
9765.000 0.395
9770.000 0.398
9775.000 0.401
9780.000 0.408
9785.000 0.415
9790.000 0.421
9795.000 0.428
9800.000 0.431
9805.000 0.442
9810.000 0.447
9815.000 0.458
9820.000 0.465
9825.000 0.475
9830.000 0.485
9835.000 0.494
9840.000 0.494
9845.000 0.512
9850.000 0.521
9855.000 0.536
9860.000 0.555
9865.000 0.571
9870.000 0.589
9875.000 0.606
9880.000 0.626
9885.000 0.651
9890.000 0.674
9895.000 0.702
9900.000 0.732
9905.000 0.764
9910.000 0.801
9915.000 0.830
9920.000 0.876
9925.000 0.925
9930.000 0.980
9935.000 1.039
9940.000 1.110
9945.000 1.190
9950.000 1.283
9955.000 1.283
9960.000 1.397
9965.000 1.525
9970.000 1.674
9975.000 1.857
9980.000 2.076
9985.000 2.330
9990.000 2.651
9995.000 3.018
10000.000 3.421
10005.000 3.787
10010.000 4.025
10015.000 3.995
10020.000 3.681
10025.000 3.213
10030.000 2.667
10035.000 2.308
10040.000 2.004
10045.000 1.780
10050.000 1.593
10055.000 1.439
10060.000 1.312
10065.000 1.214
10070.000 1.127
10075.000 1.047
10080.000 1.047
10085.000 0.984
10090.000 0.923
10095.000 0.874
10100.000 0.828
10105.000 0.782
10110.000 0.741
10115.000 0.708
10120.000 0.675
10125.000 0.648
10130.000 0.619
10135.000 0.596
10140.000 0.571
10145.000 0.553
10150.000 0.535
10155.000 0.519
10160.000 0.505
10165.000 0.492
10170.000 0.477
10175.000 0.466
10180.000 0.456
10185.000 0.444
10190.000 0.435
10195.000 0.426
10200.000 0.415
10205.000 0.415
10210.000 0.409
10215.000 0.399
10220.000 0.393
10225.000 0.382
10230.000 0.378
10235.000 0.370
10240.000 0.363
10245.000 0.356
10250.000 0.352
10255.000 0.347
10260.000 0.342
10265.000 0.336
10270.000 0.332
10275.000 0.328
10280.000 0.322
10285.000 0.319
10290.000 0.315
10295.000 0.312
10300.000 0.308
10305.000 0.307
10310.000 0.300
10315.000 0.302
10320.000 0.296
10325.000 0.294
10330.000 0.294
10335.000 0.294
10340.000 0.292
10345.000 0.289
10350.000 0.287
10355.000 0.288
10360.000 0.284
10365.000 0.285
10370.000 0.280
10375.000 0.280
10380.000 0.279
10385.000 0.277
10390.000 0.275
10395.000 0.278
10400.000 0.278
10405.000 0.277
10410.000 0.278
10415.000 0.280
10420.000 0.277
10425.000 0.277
10430.000 0.274
10435.000 0.278
10440.000 0.278
10445.000 0.278
10450.000 0.278
10455.000 0.280
10460.000 0.282
10465.000 0.282
10470.000 0.285
10475.000 0.284
10480.000 0.286
10485.000 0.289
10490.000 0.286
10495.000 0.292
10500.000 0.294
10505.000 0.295
10510.000 0.302
10515.000 0.301
10520.000 0.306
10525.000 0.307
10530.000 0.309
10535.000 0.316
10540.000 0.318
10545.000 0.324
10550.000 0.330
10555.000 0.335
10560.000 0.346
10565.000 0.346
10570.000 0.357
10575.000 0.364
10580.000 0.372
10585.000 0.382
10590.000 0.387
10595.000 0.396
10600.000 0.402
10605.000 0.415
10610.000 0.422
10615.000 0.435
10620.000 0.447
10625.000 0.456
10630.000 0.473
10635.000 0.486
10640.000 0.505
10645.000 0.520
10650.000 0.540
10655.000 0.558
10660.000 0.582
10665.000 0.604
10670.000 0.631
10675.000 0.659
10680.000 0.691
10685.000 0.723
10690.000 0.723
10695.000 0.764
10700.000 0.808
10705.000 0.856
10710.000 0.913
10715.000 0.974
10720.000 1.046
10725.000 1.134
10730.000 1.211
10735.000 1.332
10740.000 1.465
10745.000 1.623
10750.000 1.812
10755.000 2.049
10760.000 2.306
10765.000 2.594
10770.000 2.890
10775.000 3.121
10780.000 3.218
10785.000 3.105
10790.000 2.811
10795.000 2.447
10800.000 2.128
10805.000 1.812
10810.000 1.604
10815.000 1.604
10820.000 1.429
10825.000 1.283
10830.000 1.164
10835.000 1.063
10840.000 0.983
10845.000 0.909
10850.000 0.852
10855.000 0.792
10860.000 0.742
10865.000 0.701
10870.000 0.663
10875.000 0.632
10880.000 0.597
10885.000 0.577
10890.000 0.551
10895.000 0.526
10900.000 0.506
10905.000 0.489
10910.000 0.472
10915.000 0.455
10920.000 0.440
10925.000 0.440
10930.000 0.424
10935.000 0.411
10940.000 0.402
10945.000 0.390
10950.000 0.378
10955.000 0.369
10960.000 0.359
10965.000 0.351
10970.000 0.343
10975.000 0.334
10980.000 0.328
10985.000 0.322
10990.000 0.315
10995.000 0.309
11000.000 0.303
11005.000 0.299
11010.000 0.293
11015.000 0.290
11020.000 0.284
11025.000 0.280
11030.000 0.275
11035.000 0.269
11040.000 0.264
11045.000 0.263
11050.000 0.263
11055.000 0.260
11060.000 0.251
11065.000 0.252
11070.000 0.251
11075.000 0.253
11080.000 0.250
11085.000 0.248
11090.000 0.248
11095.000 0.249
11100.000 0.251
11105.000 0.246
11110.000 0.246
11115.000 0.242
11120.000 0.243
11125.000 0.240
11130.000 0.241
11135.000 0.238
11140.000 0.237
11145.000 0.236
11150.000 0.236
11155.000 0.234
11160.000 0.232
11165.000 0.232
11170.000 0.234
11175.000 0.234
11180.000 0.232
11185.000 0.234
11190.000 0.236
11195.000 0.233
11200.000 0.235
11205.000 0.233
11210.000 0.234
11215.000 0.237
11220.000 0.237
11225.000 0.237
11230.000 0.240
11235.000 0.238
11240.000 0.240
11245.000 0.243
11250.000 0.245
11255.000 0.248
11260.000 0.248
11265.000 0.250
11270.000 0.251
11275.000 0.254
11280.000 0.255
11285.000 0.260
11290.000 0.264
11295.000 0.261
11300.000 0.261
11305.000 0.267
11310.000 0.270
11315.000 0.277
11320.000 0.278
11325.000 0.285
11330.000 0.288
11335.000 0.294
11340.000 0.298
11345.000 0.302
11350.000 0.311
11355.000 0.319
11360.000 0.323
11365.000 0.331
11370.000 0.337
11375.000 0.347
11380.000 0.356
11385.000 0.364
11390.000 0.372
11395.000 0.386
11400.000 0.393
11405.000 0.409
11410.000 0.409
11415.000 0.423
11420.000 0.437
11425.000 0.454
11430.000 0.469
11435.000 0.490
11440.000 0.510
11445.000 0.534
11450.000 0.562
11455.000 0.588
11460.000 0.620
11465.000 0.660
11470.000 0.702
11475.000 0.741
11480.000 0.798
11485.000 0.856
11490.000 0.930
11495.000 1.014
11500.000 1.109
11505.000 1.222
11510.000 1.359
11515.000 1.518
11520.000 1.697
11525.000 1.900
11530.000 2.107
11535.000 2.107
11540.000 2.271
11545.000 2.361
11550.000 2.327
11555.000 2.170
11560.000 1.935
11565.000 1.697
11570.000 1.487
11575.000 1.310
11580.000 1.167
11585.000 1.054
11590.000 0.958
11595.000 0.874
11600.000 0.801
11605.000 0.744
11610.000 0.696
11615.000 0.656
11620.000 0.622
11625.000 0.595
11630.000 0.575
11635.000 0.552
11640.000 0.529
11645.000 0.508
11650.000 0.484
11655.000 0.460
11660.000 0.443
11665.000 0.443
11670.000 0.420
11675.000 0.407
11680.000 0.389
11685.000 0.376
11690.000 0.362
11695.000 0.350
11700.000 0.341
11705.000 0.330
11710.000 0.323
11715.000 0.314
11720.000 0.306
11725.000 0.295
11730.000 0.288
11735.000 0.283
11740.000 0.275
11745.000 0.269
11750.000 0.266
11755.000 0.257
11760.000 0.253
11765.000 0.249
11770.000 0.244
11775.000 0.240
11780.000 0.237
11785.000 0.233
11790.000 0.233
11795.000 0.231
11800.000 0.228
11805.000 0.225
11810.000 0.220
11815.000 0.222
11820.000 0.217
11825.000 0.216
11830.000 0.212
11835.000 0.212
11840.000 0.208
11845.000 0.207
11850.000 0.204
11855.000 0.204
11860.000 0.202
11865.000 0.199
11870.000 0.197
11875.000 0.197
11880.000 0.195
11885.000 0.195
11890.000 0.194
11895.000 0.193
11900.000 0.193
11905.000 0.195
11910.000 0.192
11915.000 0.193
11920.000 0.191
11925.000 0.189
11930.000 0.189
11935.000 0.191
11940.000 0.192
11945.000 0.190
11950.000 0.191
11955.000 0.190
11960.000 0.190
11965.000 0.190
11970.000 0.193
11975.000 0.195
11980.000 0.195
11985.000 0.196
11990.000 0.197
11995.000 0.195
12000.000 0.195
