105.000 0.219
110.000 0.222
115.000 0.187
120.000 0.187
125.000 0.244
130.000 0.230
135.000 0.161
140.000 0.218
145.000 0.240
150.000 0.218
155.000 0.255
160.000 0.218
165.000 0.291
170.000 0.265
175.000 0.280
180.000 0.375
185.000 0.336
190.000 0.218
195.000 0.444
200.000 0.274
205.000 0.359
210.000 0.332
215.000 0.344
220.000 0.386
225.000 0.386
230.000 0.355
235.000 0.355
240.000 0.396
245.000 0.380
250.000 0.380
255.000 0.398
260.000 0.417
265.000 0.476
270.000 0.527
275.000 0.504
280.000 0.524
285.000 0.537
290.000 0.552
295.000 0.533
300.000 0.599
305.000 0.626
310.000 0.642
315.000 0.674
320.000 0.663
325.000 0.722
330.000 0.734
335.000 0.734
340.000 0.856
345.000 0.856
350.000 0.861
355.000 0.883
360.000 1.003
365.000 1.033
370.000 1.032
375.000 1.174
380.000 1.170
385.000 1.332
390.000 1.399
395.000 1.481
400.000 1.577
405.000 1.573
410.000 1.831
415.000 1.835
420.000 1.991
425.000 2.134
430.000 2.325
435.000 2.505
440.000 2.597
445.000 2.836
450.000 2.968
455.000 3.092
460.000 3.092
465.000 3.448
470.000 3.402
475.000 3.678
480.000 3.678
485.000 4.030
490.000 4.030
495.000 4.346
500.000 4.346
505.000 4.456
510.000 4.561
515.000 4.841
520.000 5.111
525.000 5.424
530.000 5.689
535.000 5.756
540.000 6.183
545.000 6.344
550.000 7.256
555.000 7.658
560.000 8.202
565.000 9.774
570.000 11.370
575.000 13.900
580.000 16.281
585.000 19.219
590.000 21.201
595.000 21.201
600.000 14.931
605.000 14.931
610.000 9.815
615.000 7.750
620.000 6.079
625.000 5.069
630.000 4.244
635.000 3.709
640.000 3.445
645.000 2.903
650.000 2.532
655.000 2.609
660.000 2.136
665.000 1.925
670.000 1.715
675.000 1.507
680.000 1.540
685.000 1.361
690.000 1.278
695.000 1.278
700.000 1.175
705.000 1.040
710.000 0.959
715.000 0.959
720.000 0.869
725.000 0.869
730.000 0.802
735.000 0.773
740.000 0.729
745.000 0.724
750.000 0.676
755.000 0.616
760.000 0.616
765.000 0.581
770.000 0.560
775.000 0.539
780.000 0.511
785.000 0.495
790.000 0.474
795.000 0.466
800.000 0.437
805.000 0.416
810.000 0.414
815.000 0.401
820.000 0.374
825.000 0.368
830.000 0.363
835.000 0.336
840.000 0.342
845.000 0.342
850.000 0.308
855.000 0.307
860.000 0.307
865.000 0.314
870.000 0.288
875.000 0.285
880.000 0.271
885.000 0.255
890.000 0.257
895.000 0.254
900.000 0.232
905.000 0.236
910.000 0.221
915.000 0.224
920.000 0.208
925.000 0.213
930.000 0.206
935.000 0.187
940.000 0.186
945.000 0.193
950.000 0.186
955.000 0.186
960.000 0.199
965.000 0.199
970.000 0.216
975.000 0.213
980.000 0.213
985.000 0.206
990.000 0.207
995.000 0.209
1000.000 0.207
1005.000 0.223
1010.000 0.207
1015.000 0.217
1020.000 0.234
1025.000 0.226
1030.000 0.235
1035.000 0.251
1040.000 0.253
1045.000 0.258
1050.000 0.264
1055.000 0.275
1060.000 0.291
1065.000 0.300
1070.000 0.317
1075.000 0.331
1080.000 0.343
1085.000 0.343
1090.000 0.383
1095.000 0.420
1100.000 0.460
1105.000 0.513
1110.000 0.565
1115.000 0.608
1120.000 0.702
1125.000 0.820
1130.000 0.951
1135.000 1.142
1140.000 1.347
1145.000 1.772
1150.000 2.152
1155.000 2.722
1160.000 3.160
1165.000 3.143
1170.000 2.486
1175.000 1.796
1180.000 1.445
1185.000 1.445
1190.000 1.068
1195.000 0.965
1200.000 0.878
1205.000 0.792
1210.000 0.792
1215.000 0.710
1220.000 0.710
1225.000 0.655
1230.000 0.642
1235.000 0.594
1240.000 0.577
1245.000 0.543
1250.000 0.535
1255.000 0.525
1260.000 0.508
1265.000 0.495
1270.000 0.466
1275.000 0.466
1280.000 0.468
1285.000 0.443
1290.000 0.435
1295.000 0.431
1300.000 0.440
1305.000 0.416
1310.000 0.431
1315.000 0.431
1320.000 0.430
1325.000 0.421
1330.000 0.410
1335.000 0.417
1340.000 0.417
1345.000 0.421
1350.000 0.421
1355.000 0.417
1360.000 0.411
1365.000 0.402
1370.000 0.423
1375.000 0.403
1380.000 0.402
1385.000 0.420
1390.000 0.425
1395.000 0.412
1400.000 0.432
1405.000 0.421
1410.000 0.442
1415.000 0.438
1420.000 0.448
1425.000 0.444
1430.000 0.454
1435.000 0.454
1440.000 0.465
1445.000 0.474
1450.000 0.486
1455.000 0.486
1460.000 0.500
1465.000 0.500
1470.000 0.507
1475.000 0.525
1480.000 0.527
1485.000 0.537
1490.000 0.557
1495.000 0.566
1500.000 0.578
1505.000 0.592
1510.000 0.599
1515.000 0.609
1520.000 0.633
1525.000 0.647
1530.000 0.674
1535.000 0.695
1540.000 0.704
1545.000 0.725
1550.000 0.747
1555.000 0.769
1560.000 0.769
1565.000 0.797
1570.000 0.855
1575.000 0.856
1580.000 0.927
1585.000 0.927
1590.000 0.956
1595.000 0.995
1600.000 1.029
1605.000 1.081
1610.000 1.130
1615.000 1.176
1620.000 1.237
1625.000 1.292
1630.000 1.359
1635.000 1.442
1640.000 1.511
1645.000 1.586
1650.000 1.689
1655.000 1.782
1660.000 1.892
1665.000 2.003
1670.000 2.003
1675.000 2.145
1680.000 2.297
1685.000 2.686
1690.000 2.686
1695.000 3.155
1700.000 3.454
1705.000 3.454
1710.000 3.809
1715.000 4.162
1720.000 4.612
1725.000 5.066
1730.000 5.459
1735.000 5.672
1740.000 5.556
1745.000 5.160
1750.000 4.634
1755.000 4.099
1760.000 3.737
1765.000 3.430
1770.000 3.219
1775.000 3.046
1780.000 2.918
1785.000 2.784
1790.000 2.692
1795.000 2.622
1800.000 2.622
1805.000 2.480
1810.000 2.480
1815.000 2.424
1820.000 2.330
1825.000 2.276
1830.000 2.238
1835.000 2.238
1840.000 2.190
1845.000 2.156
1850.000 2.126
1855.000 2.093
1860.000 2.067
1865.000 2.041
1870.000 2.016
1875.000 1.988
1880.000 1.981
1885.000 1.945
1890.000 1.935
1895.000 1.923
1900.000 1.912
1905.000 1.890
1910.000 1.872
1915.000 1.873
1920.000 1.851
1925.000 1.838
1930.000 1.832
1935.000 1.832
1940.000 1.839
1945.000 1.816
1950.000 1.821
1955.000 1.821
1960.000 1.821
1965.000 1.831
1970.000 1.809
1975.000 1.817
1980.000 1.805
1985.000 1.798
1990.000 1.808
1995.000 1.825
2000.000 1.815
2005.000 1.822
2010.000 1.824
2015.000 1.825
2020.000 1.830
2025.000 1.850
2030.000 1.849
2035.000 1.854
2040.000 1.858
2045.000 1.858
2050.000 1.877
2055.000 1.877
2060.000 1.890
2065.000 1.913
2070.000 1.913
2075.000 1.935
2080.000 1.935
2085.000 1.950
2090.000 1.965
2095.000 1.986
2100.000 1.996
2105.000 2.017
2110.000 2.035
2115.000 2.056
2120.000 2.078
2125.000 2.091
2130.000 2.128
2135.000 2.154
2140.000 2.176
2145.000 2.210
2150.000 2.246
2155.000 2.246
2160.000 2.318
2165.000 2.318
2170.000 2.408
2175.000 2.408
2180.000 2.455
2185.000 2.502
2190.000 2.555
2195.000 2.621
2200.000 2.686
2205.000 2.751
2210.000 2.839
2215.000 2.932
2220.000 3.020
2225.000 3.133
2230.000 3.246
2235.000 3.372
2240.000 3.523
2245.000 3.683
2250.000 3.866
2255.000 4.073
2260.000 4.308
2265.000 4.566
2270.000 4.883
2275.000 5.235
2280.000 5.235
2285.000 5.644
2290.000 6.107
2295.000 7.310
2300.000 7.310
2305.000 8.821
2310.000 8.821
2315.000 9.655
2320.000 10.424
2325.000 10.995
2330.000 11.195
2335.000 10.880
2340.000 10.107
2345.000 9.091
2350.000 8.064
2355.000 7.141
2360.000 6.344
2365.000 5.680
2370.000 5.109
2375.000 4.642
2380.000 4.227
2385.000 3.894
2390.000 3.590
2395.000 3.334
2400.000 3.113
2405.000 3.113
2410.000 2.910
2415.000 2.738
2420.000 2.444
2425.000 2.444
2430.000 2.309
2435.000 2.200
2440.000 2.013
2445.000 2.013
2450.000 1.920
2455.000 1.846
2460.000 1.766
2465.000 1.700
2470.000 1.643
2475.000 1.588
2480.000 1.536
2485.000 1.483
2490.000 1.442
2495.000 1.403
2500.000 1.363
2505.000 1.330
2510.000 1.299
2515.000 1.263
2520.000 1.237
2525.000 1.212
2530.000 1.212
2535.000 1.165
2540.000 1.165
2545.000 1.138
2550.000 1.121
2555.000 1.102
2560.000 1.087
2565.000 1.068
2570.000 1.047
2575.000 1.040
2580.000 1.020
2585.000 1.015
2590.000 1.001
2595.000 0.996
2600.000 0.988
2605.000 0.980
2610.000 0.965
2615.000 0.969
2620.000 0.962
2625.000 0.960
2630.000 0.954
2635.000 0.952
2640.000 0.952
2645.000 0.946
2650.000 0.949
2655.000 0.950
2660.000 0.947
2665.000 0.950
2670.000 0.953
2675.000 0.960
2680.000 0.960
2685.000 0.968
2690.000 0.970
2695.000 0.977
2700.000 0.983
2705.000 0.991
2710.000 1.007
2715.000 1.014
2720.000 1.037
2725.000 1.040
2730.000 1.065
2735.000 1.078
2740.000 1.096
2745.000 1.115
2750.000 1.141
2755.000 1.160
2760.000 1.193
2765.000 1.193
2770.000 1.261
2775.000 1.261
2780.000 1.298
2785.000 1.377
2790.000 1.433
2795.000 1.433
2800.000 1.551
2805.000 1.551
2810.000 1.619
2815.000 1.699
2820.000 1.787
2825.000 1.889
2830.000 1.999
2835.000 2.139
2840.000 2.291
2845.000 2.473
2850.000 2.684
2855.000 2.953
2860.000 3.269
2865.000 3.664
2870.000 4.155
2875.000 4.787
2880.000 5.581
2885.000 6.594
2890.000 6.594
2895.000 9.000
2900.000 9.000
2905.000 9.819
2910.000 8.175
2915.000 6.410
2920.000 6.410
2925.000 5.182
2930.000 4.326
2935.000 3.702
2940.000 3.236
2945.000 2.873
2950.000 2.575
2955.000 2.332
2960.000 2.138
2965.000 1.967
2970.000 1.823
2975.000 1.696
2980.000 1.587
2985.000 1.493
2990.000 1.408
2995.000 1.336
3000.000 1.268
3005.000 1.209
3010.000 1.156
3015.000 1.104
3020.000 1.063
3025.000 1.023
3030.000 1.023
3035.000 0.988
3040.000 0.916
3045.000 0.889
3050.000 0.866
3055.000 0.866
3060.000 0.842
3065.000 0.820
3070.000 0.794
3075.000 0.774
3080.000 0.758
3085.000 0.739
3090.000 0.724
3095.000 0.714
3100.000 0.699
3105.000 0.686
3110.000 0.676
3115.000 0.667
3120.000 0.654
3125.000 0.646
3130.000 0.646
3135.000 0.635
3140.000 0.632
3145.000 0.625
3150.000 0.611
3155.000 0.606
3160.000 0.602
3165.000 0.602
3170.000 0.594
3175.000 0.593
3180.000 0.591
3185.000 0.586
3190.000 0.583
3195.000 0.589
3200.000 0.586
3205.000 0.586
3210.000 0.582
3215.000 0.584
3220.000 0.584
3225.000 0.587
3230.000 0.588
3235.000 0.587
3240.000 0.594
3245.000 0.592
3250.000 0.597
3255.000 0.603
3260.000 0.603
3265.000 0.617
3270.000 0.620
3275.000 0.631
3280.000 0.637
3285.000 0.645
3290.000 0.655
3295.000 0.655
3300.000 0.667
3305.000 0.675
3310.000 0.691
3315.000 0.703
3320.000 0.719
3325.000 0.732
3330.000 0.752
3335.000 0.770
3340.000 0.787
3345.000 0.813
3350.000 0.837
3355.000 0.870
3360.000 0.900
3365.000 0.933
3370.000 0.972
3375.000 1.015
3380.000 1.015
3385.000 1.066
3390.000 1.118
3395.000 1.246
3400.000 1.326
3405.000 1.326
3410.000 1.520
3415.000 1.644
3420.000 1.644
3425.000 1.790
3430.000 1.962
3435.000 2.179
3440.000 2.445
3445.000 2.786
3450.000 3.223
3455.000 3.785
3460.000 4.504
3465.000 5.411
3470.000 6.424
3475.000 7.258
3480.000 7.362
3485.000 6.356
3490.000 4.863
3495.000 3.846
3500.000 3.175
3505.000 3.175
3510.000 2.704
3515.000 2.345
3520.000 2.080
3525.000 1.856
3530.000 1.537
3535.000 1.537
3540.000 1.420
3545.000 1.314
3550.000 1.218
3555.000 1.145
3560.000 1.078
3565.000 1.023
3570.000 0.963
3575.000 0.912
3580.000 0.872
3585.000 0.835
3590.000 0.802
3595.000 0.769
3600.000 0.739
3605.000 0.713
3610.000 0.689
3615.000 0.663
3620.000 0.649
3625.000 0.629
3630.000 0.615
3635.000 0.615
3640.000 0.585
3645.000 0.585
3650.000 0.556
3655.000 0.556
3660.000 0.542
3665.000 0.534
3670.000 0.524
3675.000 0.517
3680.000 0.506
3685.000 0.498
3690.000 0.493
3695.000 0.482
3700.000 0.479
3705.000 0.472
3710.000 0.469
3715.000 0.464
3720.000 0.458
3725.000 0.454
3730.000 0.450
3735.000 0.444
3740.000 0.443
3745.000 0.439
3750.000 0.439
3755.000 0.436
3760.000 0.438
3765.000 0.435
3770.000 0.433
3775.000 0.432
3780.000 0.432
3785.000 0.434
3790.000 0.433
3795.000 0.434
3800.000 0.437
3805.000 0.437
3810.000 0.441
3815.000 0.443
3820.000 0.447
3825.000 0.448
3830.000 0.450
3835.000 0.456
3840.000 0.456
3845.000 0.464
3850.000 0.467
3855.000 0.474
3860.000 0.477
3865.000 0.477
3870.000 0.495
3875.000 0.505
3880.000 0.505
3885.000 0.523
3890.000 0.523
3895.000 0.549
3900.000 0.562
3905.000 0.562
3910.000 0.574
3915.000 0.589
3920.000 0.610
3925.000 0.629
3930.000 0.647
3935.000 0.670
3940.000 0.695
3945.000 0.722
3950.000 0.748
3955.000 0.787
3960.000 0.825
3965.000 0.864
3970.000 0.913
3975.000 0.963
3980.000 1.031
3985.000 1.105
3990.000 1.188
3995.000 1.188
4000.000 1.290
4005.000 1.410
4010.000 1.555
4015.000 1.739
4020.000 2.251
4025.000 2.251
4030.000 2.635
4035.000 3.119
4040.000 3.737
4045.000 4.478
4050.000 5.228
4055.000 5.630
4060.000 5.265
4065.000 4.026
4070.000 3.095
4075.000 2.518
4080.000 2.120
4085.000 1.824
4090.000 1.609
4095.000 1.438
4100.000 1.438
4105.000 1.169
4110.000 1.073
4115.000 0.992
4120.000 0.922
4125.000 0.922
4130.000 0.812
4135.000 0.812
4140.000 0.766
4145.000 0.726
4150.000 0.687
4155.000 0.654
4160.000 0.628
4165.000 0.600
4170.000 0.578
4175.000 0.554
4180.000 0.537
4185.000 0.516
4190.000 0.500
4195.000 0.485
4200.000 0.470
4205.000 0.460
4210.000 0.445
4215.000 0.431
4220.000 0.425
4225.000 0.416
4230.000 0.416
4235.000 0.398
4240.000 0.390
4245.000 0.381
4250.000 0.376
4255.000 0.376
4260.000 0.370
4265.000 0.367
4270.000 0.360
4275.000 0.357
4280.000 0.350
4285.000 0.348
4290.000 0.340
4295.000 0.337
4300.000 0.331
4305.000 0.330
4310.000 0.323
4315.000 0.316
4320.000 0.317
4325.000 0.307
4330.000 0.302
4335.000 0.300
4340.000 0.297
4345.000 0.293
4350.000 0.293
4355.000 0.289
4360.000 0.293
4365.000 0.292
4370.000 0.290
4375.000 0.293
4380.000 0.293
4385.000 0.295
4390.000 0.295
4395.000 0.296
4400.000 0.300
4405.000 0.301
4410.000 0.309
4415.000 0.310
4420.000 0.316
4425.000 0.317
4430.000 0.326
4435.000 0.330
4440.000 0.334
4445.000 0.339
4450.000 0.346
4455.000 0.357
4460.000 0.363
4465.000 0.374
4470.000 0.382
4475.000 0.382
4480.000 0.394
4485.000 0.420
4490.000 0.432
4495.000 0.444
4500.000 0.461
4505.000 0.481
4510.000 0.481
4515.000 0.505
4520.000 0.523
4525.000 0.548
4530.000 0.575
4535.000 0.608
4540.000 0.647
4545.000 0.686
4550.000 0.732
4555.000 0.788
4560.000 0.855
4565.000 0.929
4570.000 1.024
4575.000 1.128
4580.000 1.251
4585.000 1.251
4590.000 1.403
4595.000 1.607
4600.000 1.861
4605.000 2.143
4610.000 3.081
4615.000 3.699
4620.000 3.699
4625.000 4.320
4630.000 4.712
4635.000 4.553
4640.000 3.801
4645.000 3.006
4650.000 2.486
4655.000 2.117
4660.000 1.852
4665.000 1.644
4670.000 1.487
4675.000 1.354
4680.000 1.252
4685.000 1.162
4690.000 1.087
4695.000 1.023
4700.000 0.966
4705.000 0.917
4710.000 0.917
4715.000 0.878
4720.000 0.841
4725.000 0.770
4730.000 0.738
4735.000 0.714
4740.000 0.714
4745.000 0.667
4750.000 0.667
4755.000 0.637
4760.000 0.616
4765.000 0.592
4770.000 0.568
4775.000 0.548
4780.000 0.524
4785.000 0.507
4790.000 0.485
4795.000 0.469
4800.000 0.450
4805.000 0.430
4810.000 0.410
4815.000 0.395
4820.000 0.378
4825.000 0.364
4830.000 0.352
4835.000 0.343
4840.000 0.343
4845.000 0.331
4850.000 0.317
4855.000 0.317
4860.000 0.307
4865.000 0.306
4870.000 0.306
4875.000 0.301
4880.000 0.301
4885.000 0.307
4890.000 0.308
4895.000 0.314
4900.000 0.319
4905.000 0.329
4910.000 0.335
4915.000 0.345
4920.000 0.358
4925.000 0.367
4930.000 0.382
4935.000 0.400
4940.000 0.419
4945.000 0.433
4950.000 0.451
4955.000 0.473
4960.000 0.492
4965.000 0.492
4970.000 0.537
4975.000 0.564
4980.000 0.590
4985.000 0.623
4990.000 0.623
4995.000 0.685
5000.000 0.714
5005.000 0.714
5010.000 0.752
5015.000 0.792
5020.000 0.837
5025.000 0.879
5030.000 0.923
5035.000 0.968
5040.000 1.019
5045.000 1.074
5050.000 1.131
5055.000 1.204
5060.000 1.264
5065.000 1.330
5070.000 1.404
5075.000 1.404
5080.000 1.569
5085.000 1.569
5090.000 1.763
5095.000 1.864
5100.000 1.864
5105.000 1.982
5110.000 2.243
5115.000 2.243
5120.000 2.393
5125.000 2.559
5130.000 2.747
5135.000 2.947
5140.000 3.188
5145.000 3.457
5150.000 3.770
5155.000 4.127
5160.000 4.550
5165.000 5.062
5170.000 5.682
5175.000 6.437
5180.000 7.370
5185.000 8.560
5190.000 9.989
5195.000 11.666
5200.000 13.342
5205.000 14.500
5210.000 14.373
5215.000 14.373
5220.000 10.234
5225.000 8.356
5230.000 8.356
5235.000 5.968
5240.000 5.968
5245.000 5.152
5250.000 4.527
5255.000 4.031
5260.000 3.598
5265.000 3.229
5270.000 2.908
5275.000 2.642
5280.000 2.420
5285.000 2.240
5290.000 2.108
5295.000 2.000
5300.000 1.932
5305.000 1.877
5310.000 1.824
5315.000 1.779
5320.000 1.732
5325.000 1.690
5330.000 1.690
5335.000 1.647
5340.000 1.608
5345.000 1.569
5350.000 1.495
5355.000 1.495
5360.000 1.423
5365.000 1.423
5370.000 1.391
5375.000 1.360
5380.000 1.331
5385.000 1.299
5390.000 1.269
5395.000 1.241
5400.000 1.211
5405.000 1.190
5410.000 1.166
5415.000 1.144
5420.000 1.121
5425.000 1.098
5430.000 1.083
5435.000 1.066
5440.000 1.048
5445.000 1.028
5450.000 1.017
5455.000 1.002
5460.000 0.995
5465.000 0.980
5470.000 0.971
5475.000 0.960
5480.000 0.960
5485.000 0.942
5490.000 0.942
5495.000 0.936
5500.000 0.931
5505.000 0.928
5510.000 0.921
5515.000 0.920
5520.000 0.915
5525.000 0.917
5530.000 0.915
5535.000 0.915
5540.000 0.919
5545.000 0.920
5550.000 0.925
5555.000 0.925
5560.000 0.925
5565.000 0.934
5570.000 0.946
5575.000 0.946
5580.000 0.963
5585.000 0.970
5590.000 0.985
5595.000 0.985
5600.000 0.996
5605.000 1.011
5610.000 1.026
5615.000 1.044
5620.000 1.062
5625.000 1.084
5630.000 1.105
5635.000 1.127
5640.000 1.157
5645.000 1.183
5650.000 1.216
5655.000 1.253
5660.000 1.294
5665.000 1.334
5670.000 1.386
5675.000 1.437
5680.000 1.494
5685.000 1.494
5690.000 1.563
5695.000 1.637
5700.000 1.720
5705.000 1.917
5710.000 2.041
5715.000 2.041
5720.000 2.350
5725.000 2.350
5730.000 2.547
5735.000 2.791
5740.000 3.066
5745.000 3.400
5750.000 3.838
5755.000 4.374
5760.000 5.052
5765.000 5.921
5770.000 6.982
5775.000 8.166
5780.000 9.258
5785.000 9.757
5790.000 9.138
5795.000 7.537
5800.000 5.995
5805.000 4.926
5810.000 4.926
5815.000 3.564
5820.000 3.142
5825.000 2.801
5830.000 2.534
5835.000 2.534
5840.000 2.124
5845.000 1.954
5850.000 1.954
5855.000 1.822
5860.000 1.708
5865.000 1.600
5870.000 1.513
5875.000 1.428
5880.000 1.363
5885.000 1.300
5890.000 1.243
5895.000 1.192
5900.000 1.142
5905.000 1.099
5910.000 1.060
5915.000 1.022
5920.000 0.987
5925.000 0.958
5930.000 0.930
5935.000 0.900
5940.000 0.879
5945.000 0.879
5950.000 0.836
5955.000 0.836
5960.000 0.814
5965.000 0.782
5970.000 0.782
5975.000 0.772
5980.000 0.756
5985.000 0.744
5990.000 0.730
5995.000 0.721
6000.000 0.711
6005.000 0.700
6010.000 0.694
6015.000 0.685
6020.000 0.681
6025.000 0.671
6030.000 0.669
6035.000 0.662
6040.000 0.658
6045.000 0.651
6050.000 0.647
6055.000 0.649
6060.000 0.645
6065.000 0.645
6070.000 0.643
6075.000 0.643
6080.000 0.645
6085.000 0.645
6090.000 0.647
6095.000 0.646
6100.000 0.646
6105.000 0.646
6110.000 0.650
6115.000 0.654
6120.000 0.657
6125.000 0.662
6130.000 0.665
6135.000 0.669
6140.000 0.676
6145.000 0.683
6150.000 0.691
6155.000 0.699
6160.000 0.708
6165.000 0.724
6170.000 0.730
6175.000 0.741
6180.000 0.758
6185.000 0.774
6190.000 0.784
6195.000 0.802
6200.000 0.821
6205.000 0.821
6210.000 0.842
6215.000 0.863
6220.000 0.886
6225.000 0.914
6230.000 0.944
6235.000 0.970
6240.000 1.009
6245.000 1.045
6250.000 1.084
6255.000 1.133
6260.000 1.180
6265.000 1.243
6270.000 1.308
6275.000 1.380
6280.000 1.467
6285.000 1.554
6290.000 1.659
6295.000 1.791
6300.000 1.935
6305.000 2.110
6310.000 2.315
6315.000 2.315
6320.000 2.855
6325.000 2.855
6330.000 3.710
6335.000 3.710
6340.000 4.323
6345.000 5.093
6350.000 6.021
6355.000 7.042
6360.000 7.854
6365.000 7.959
6370.000 7.070
6375.000 5.663
6380.000 4.564
6385.000 3.805
6390.000 3.253
6395.000 2.843
6400.000 2.521
6405.000 2.264
6410.000 2.059
6415.000 1.879
6420.000 1.879
6425.000 1.603
6430.000 1.603
6435.000 1.409
6440.000 1.324
6445.000 1.253
6450.000 1.190
6455.000 1.136
6460.000 1.136
6465.000 1.085
6470.000 1.036
6475.000 0.996
6480.000 0.957
6485.000 0.926
6490.000 0.892
6495.000 0.865
6500.000 0.839
6505.000 0.815
6510.000 0.792
6515.000 0.772
6520.000 0.753
6525.000 0.734
6530.000 0.720
6535.000 0.706
6540.000 0.690
6545.000 0.678
6550.000 0.678
6555.000 0.659
6560.000 0.659
6565.000 0.643
6570.000 0.637
6575.000 0.629
6580.000 0.622
6585.000 0.616
6590.000 0.608
6595.000 0.599
6600.000 0.596
6605.000 0.593
6610.000 0.590
6615.000 0.587
6620.000 0.583
6625.000 0.581
6630.000 0.580
6635.000 0.576
6640.000 0.577
6645.000 0.572
6650.000 0.573
6655.000 0.576
6660.000 0.576
6665.000 0.578
6670.000 0.579
6675.000 0.582
6680.000 0.584
6685.000 0.587
6690.000 0.587
6695.000 0.593
6700.000 0.593
6705.000 0.600
6710.000 0.602
6715.000 0.610
6720.000 0.615
6725.000 0.625
6730.000 0.631
6735.000 0.639
6740.000 0.652
6745.000 0.659
6750.000 0.677
6755.000 0.684
6760.000 0.699
6765.000 0.708
6770.000 0.728
6775.000 0.747
6780.000 0.766
6785.000 0.766
6790.000 0.787
6795.000 0.834
6800.000 0.854
6805.000 0.883
6810.000 0.883
6815.000 0.911
6820.000 0.945
6825.000 0.981
6830.000 1.025
6835.000 1.069
6840.000 1.120
6845.000 1.176
6850.000 1.235
6855.000 1.309
6860.000 1.391
6865.000 1.482
6870.000 1.592
6875.000 1.722
6880.000 1.869
6885.000 2.044
6890.000 2.250
6895.000 2.514
6900.000 2.837
6905.000 3.239
6910.000 3.747
6915.000 4.368
6920.000 5.128
6925.000 5.128
6930.000 6.716
6935.000 6.716
6940.000 6.495
6945.000 5.418
6950.000 5.418
6955.000 4.385
6960.000 3.643
6965.000 3.107
6970.000 2.697
6975.000 2.387
6980.000 2.135
6985.000 1.929
6990.000 1.762
6995.000 1.628
7000.000 1.504
7005.000 1.402
7010.000 1.311
7015.000 1.235
7020.000 1.167
7025.000 1.111
7030.000 1.056
7035.000 1.001
7040.000 1.001
7045.000 0.923
7050.000 0.887
7055.000 0.855
7060.000 0.855
7065.000 0.825
7070.000 0.798
7075.000 0.776
7080.000 0.753
7085.000 0.735
7090.000 0.716
7095.000 0.695
7100.000 0.682
7105.000 0.667
7110.000 0.654
7115.000 0.640
7120.000 0.627
7125.000 0.613
7130.000 0.608
7135.000 0.598
7140.000 0.591
7145.000 0.581
7150.000 0.581
7155.000 0.567
7160.000 0.567
7165.000 0.559
7170.000 0.559
7175.000 0.552
7180.000 0.552
7185.000 0.549
7190.000 0.542
7195.000 0.540
7200.000 0.535
7205.000 0.538
7210.000 0.532
7215.000 0.533
7220.000 0.532
7225.000 0.532
7230.000 0.533
7235.000 0.533
7240.000 0.536
7245.000 0.537
7250.000 0.537
7255.000 0.542
7260.000 0.544
7265.000 0.550
7270.000 0.548
7275.000 0.548
7280.000 0.559
7285.000 0.559
7290.000 0.571
7295.000 0.576
7300.000 0.583
7305.000 0.583
7310.000 0.589
7315.000 0.598
7320.000 0.605
7325.000 0.613
7330.000 0.620
7335.000 0.634
7340.000 0.644
7345.000 0.656
7350.000 0.670
7355.000 0.684
7360.000 0.697
7365.000 0.717
7370.000 0.734
7375.000 0.756
7380.000 0.772
7385.000 0.796
7390.000 0.820
7395.000 0.849
7400.000 0.876
7405.000 0.909
7410.000 0.909
7415.000 0.988
7420.000 1.033
7425.000 1.088
7430.000 1.141
7435.000 1.141
7440.000 1.207
7445.000 1.278
7450.000 1.361
7455.000 1.458
7460.000 1.577
7465.000 1.699
7470.000 1.874
7475.000 2.107
7480.000 2.441
7485.000 2.908
7490.000 3.458
7495.000 4.118
7500.000 4.872
7505.000 5.685
7510.000 6.358
7515.000 6.622
7520.000 6.622
7525.000 6.181
7530.000 5.187
7535.000 4.100
7540.000 2.906
7545.000 2.906
7550.000 2.517
7555.000 2.235
7560.000 2.005
7565.000 1.817
7570.000 1.655
7575.000 1.528
7580.000 1.413
7585.000 1.317
7590.000 1.232
7595.000 1.155
7600.000 1.093
7605.000 1.036
7610.000 0.990
7615.000 0.946
7620.000 0.900
7625.000 0.866
7630.000 0.866
7635.000 0.805
7640.000 0.773
7645.000 0.773
7650.000 0.748
7655.000 0.704
7660.000 0.685
7665.000 0.685
7670.000 0.670
7675.000 0.649
7680.000 0.636
7685.000 0.621
7690.000 0.610
7695.000 0.597
7700.000 0.586
7705.000 0.578
7710.000 0.567
7715.000 0.561
7720.000 0.551
7725.000 0.545
7730.000 0.539
7735.000 0.530
7740.000 0.526
7745.000 0.520
7750.000 0.512
7755.000 0.512
7760.000 0.508
7765.000 0.508
7770.000 0.499
7775.000 0.499
7780.000 0.498
7785.000 0.495
7790.000 0.495
7795.000 0.495
7800.000 0.494
7805.000 0.493
7810.000 0.499
7815.000 0.496
7820.000 0.496
7825.000 0.496
7830.000 0.498
7835.000 0.500
7840.000 0.503
7845.000 0.504
7850.000 0.509
7855.000 0.512
7860.000 0.514
7865.000 0.520
7870.000 0.532
7875.000 0.533
7880.000 0.533
7885.000 0.542
7890.000 0.557
7895.000 0.566
7900.000 0.566
7905.000 0.574
7910.000 0.582
7915.000 0.597
7920.000 0.610
7925.000 0.619
7930.000 0.637
7935.000 0.651
7940.000 0.670
7945.000 0.688
7950.000 0.710
7955.000 0.730
7960.000 0.758
7965.000 0.784
7970.000 0.823
7975.000 0.849
7980.000 0.878
7985.000 0.911
7990.000 0.941
7995.000 0.963
8000.000 0.978
8005.000 1.005
8010.000 1.005
8015.000 1.069
8020.000 1.237
8025.000 1.350
8030.000 1.350
8035.000 1.467
8040.000 1.595
8045.000 1.760
8050.000 1.965
8055.000 2.211
8060.000 2.489
8065.000 2.856
8070.000 3.300
8075.000 3.849
8080.000 4.454
8085.000 5.055
8090.000 5.435
8095.000 5.349
8100.000 4.737
8105.000 3.919
8110.000 3.235
8115.000 2.736
8120.000 2.366
8125.000 2.366
8130.000 2.082
8135.000 1.658
8140.000 1.658
8145.000 1.383
8150.000 1.383
8155.000 1.291
8160.000 1.228
8165.000 1.192
8170.000 1.165
8175.000 1.116
8180.000 1.051
8185.000 0.988
8190.000 0.935
8195.000 0.892
8200.000 0.849
8205.000 0.811
8210.000 0.776
8215.000 0.750
8220.000 0.720
8225.000 0.693
8230.000 0.676
8235.000 0.654
8240.000 0.633
8245.000 0.621
8250.000 0.621
8255.000 0.605
8260.000 0.590
8265.000 0.564
8270.000 0.553
8275.000 0.544
8280.000 0.544
8285.000 0.530
8290.000 0.522
8295.000 0.513
8300.000 0.510
8305.000 0.504
8310.000 0.498
8315.000 0.491
8320.000 0.488
8325.000 0.486
8330.000 0.479
8335.000 0.474
8340.000 0.475
8345.000 0.472
8350.000 0.467
8355.000 0.466
8360.000 0.467
8365.000 0.467
8370.000 0.462
8375.000 0.461
8380.000 0.463
8385.000 0.462
8390.000 0.459
8395.000 0.462
8400.000 0.462
8405.000 0.465
8410.000 0.463
8415.000 0.468
8420.000 0.468
8425.000 0.471
8430.000 0.474
8435.000 0.481
8440.000 0.479
8445.000 0.489
8450.000 0.494
8455.000 0.500
8460.000 0.504
8465.000 0.515
8470.000 0.523
8475.000 0.528
8480.000 0.541
8485.000 0.551
8490.000 0.559
8495.000 0.568
8500.000 0.568
8505.000 0.582
8510.000 0.604
8515.000 0.604
8520.000 0.637
8525.000 0.638
8530.000 0.658
8535.000 0.680
8540.000 0.700
8545.000 0.721
8550.000 0.749
8555.000 0.774
8560.000 0.805
8565.000 0.842
8570.000 0.879
8575.000 0.924
8580.000 0.970
8585.000 1.026
8590.000 1.092
8595.000 1.156
8600.000 1.237
8605.000 1.332
8610.000 1.440
8615.000 1.563
8620.000 1.714
8625.000 1.714
8630.000 1.902
8635.000 2.417
8640.000 2.417
8645.000 2.752
8650.000 3.193
8655.000 3.696
8660.000 4.221
8665.000 4.691
8670.000 4.895
8675.000 4.651
8680.000 3.999
8685.000 3.322
8690.000 2.836
8695.000 2.508
8700.000 2.274
8705.000 2.063
8710.000 1.850
8715.000 1.668
8720.000 1.513
8725.000 1.386
8730.000 1.277
8735.000 1.192
8740.000 1.107
8745.000 1.107
8750.000 1.042
8755.000 0.928
8760.000 0.928
8765.000 0.836
8770.000 0.836
8775.000 0.800
8780.000 0.763
8785.000 0.735
8790.000 0.708
8795.000 0.681
8800.000 0.655
8805.000 0.635
8810.000 0.615
8815.000 0.599
8820.000 0.579
8825.000 0.570
8830.000 0.552
8835.000 0.544
8840.000 0.529
8845.000 0.519
8850.000 0.504
8855.000 0.504
8860.000 0.490
8865.000 0.481
8870.000 0.481
8875.000 0.464
8880.000 0.464
8885.000 0.453
8890.000 0.449
8895.000 0.449
8900.000 0.445
8905.000 0.442
8910.000 0.435
8915.000 0.430
8920.000 0.428
8925.000 0.428
8930.000 0.424
8935.000 0.422
8940.000 0.422
8945.000 0.423
8950.000 0.425
8955.000 0.422
8960.000 0.422
8965.000 0.422
8970.000 0.421
8975.000 0.423
8980.000 0.423
8985.000 0.423
8990.000 0.428
8995.000 0.430
9000.000 0.430
9005.000 0.431
9010.000 0.436
9015.000 0.436
9020.000 0.438
9025.000 0.444
9030.000 0.450
9035.000 0.454
9040.000 0.459
9045.000 0.467
9050.000 0.473
9055.000 0.484
9060.000 0.491
9065.000 0.504
9070.000 0.509
9075.000 0.520
9080.000 0.532
9085.000 0.543
9090.000 0.555
9095.000 0.555
9100.000 0.568
9105.000 0.601
9110.000 0.601
9115.000 0.639
9120.000 0.639
9125.000 0.659
9130.000 0.687
9135.000 0.710
9140.000 0.741
9145.000 0.777
9150.000 0.809
9155.000 0.851
9160.000 0.898
9165.000 0.951
9170.000 1.007
9175.000 1.073
9180.000 1.150
9185.000 1.244
9190.000 1.345
9195.000 1.472
9200.000 1.623
9205.000 1.802
9210.000 2.029
9215.000 2.293
9220.000 2.618
9225.000 2.618
9230.000 3.470
9235.000 3.896
9240.000 3.896
9245.000 4.163
9250.000 3.738
9255.000 3.738
9260.000 3.142
9265.000 2.652
9270.000 2.262
9275.000 1.979
9280.000 1.750
9285.000 1.555
9290.000 1.402
9295.000 1.281
9300.000 1.186
9305.000 1.097
9310.000 1.022
9315.000 0.956
9320.000 0.898
9325.000 0.843
9330.000 0.798
9335.000 0.760
9340.000 0.760
9345.000 0.725
9350.000 0.691
9355.000 0.660
9360.000 0.638
9365.000 0.590
9370.000 0.590
9375.000 0.574
9380.000 0.550
9385.000 0.537
9390.000 0.521
9395.000 0.507
9400.000 0.492
9405.000 0.481
9410.000 0.468
9415.000 0.462
9420.000 0.448
9425.000 0.439
9430.000 0.431
9435.000 0.424
9440.000 0.418
9445.000 0.414
9450.000 0.404
9455.000 0.401
9460.000 0.395
9465.000 0.395
9470.000 0.384
9475.000 0.384
9480.000 0.376
9485.000 0.375
9490.000 0.373
9495.000 0.373
9500.000 0.373
9505.000 0.370
9510.000 0.365
9515.000 0.365
9520.000 0.367
9525.000 0.365
9530.000 0.361
9535.000 0.359
9540.000 0.357
9545.000 0.354
9550.000 0.355
9555.000 0.355
9560.000 0.357
9565.000 0.356
9570.000 0.360
9575.000 0.360
9580.000 0.359
9585.000 0.359
9590.000 0.363
9595.000 0.365
9600.000 0.366
9605.000 0.370
9610.000 0.376
9615.000 0.376
9620.000 0.379
9625.000 0.382
9630.000 0.389
9635.000 0.395
9640.000 0.402
9645.000 0.409
9650.000 0.419
9655.000 0.424
9660.000 0.437
9665.000 0.444
9670.000 0.458
9675.000 0.465
9680.000 0.478
9685.000 0.492
9690.000 0.507
9695.000 0.524
9700.000 0.524
9705.000 0.566
9710.000 0.585
9715.000 0.585
9720.000 0.613
9725.000 0.640
9730.000 0.706
9735.000 0.706
9740.000 0.745
9745.000 0.783
9750.000 0.826
9755.000 0.884
9760.000 0.946
9765.000 1.021
9770.000 1.111
9775.000 1.210
9780.000 1.339
9785.000 1.480
9790.000 1.657
9795.000 1.878
9800.000 2.134
9805.000 2.442
9810.000 2.751
9815.000 2.991
9820.000 3.065
9825.000 2.898
9830.000 2.550
9835.000 2.550
9840.000 1.954
9845.000 1.954
9850.000 1.805
9855.000 1.715
9860.000 1.438
9865.000 1.438
9870.000 1.298
9875.000 1.171
9880.000 1.062
9885.000 0.969
9890.000 0.892
9895.000 0.829
9900.000 0.782
9905.000 0.730
9910.000 0.688
9915.000 0.654
9920.000 0.622
9925.000 0.594
9930.000 0.563
9935.000 0.542
9940.000 0.519
9945.000 0.501
9950.000 0.501
9955.000 0.484
9960.000 0.453
9965.000 0.453
9970.000 0.429
9975.000 0.429
9980.000 0.415
9985.000 0.405
9990.000 0.393
9995.000 0.386
10000.000 0.376
10005.000 0.369
10010.000 0.359
10015.000 0.355
10020.000 0.350
10025.000 0.344
10030.000 0.339
10035.000 0.333
10040.000 0.327
10045.000 0.324
10050.000 0.324
10055.000 0.318
10060.000 0.314
10065.000 0.314
10070.000 0.314
10075.000 0.306
10080.000 0.305
10085.000 0.301
10090.000 0.300
10095.000 0.299
10100.000 0.299
10105.000 0.298
10110.000 0.298
10115.000 0.299
10120.000 0.295
10125.000 0.295
10130.000 0.295
10135.000 0.297
10140.000 0.298
10145.000 0.298
10150.000 0.299
10155.000 0.301
10160.000 0.302
10165.000 0.309
10170.000 0.313
10175.000 0.315
10180.000 0.321
10185.000 0.327
10190.000 0.327
10195.000 0.335
10200.000 0.344
10205.000 0.347
10210.000 0.355
10215.000 0.359
10220.000 0.359
10225.000 0.363
10230.000 0.369
10235.000 0.376
10240.000 0.382
10245.000 0.390
10250.000 0.399
10255.000 0.408
10260.000 0.420
10265.000 0.432
10270.000 0.444
10275.000 0.457
10280.000 0.472
10285.000 0.492
10290.000 0.514
10295.000 0.535
10300.000 0.557
10305.000 0.583
10310.000 0.617
10315.000 0.617
10320.000 0.680
10325.000 0.680
10330.000 0.721
10335.000 0.825
10340.000 0.825
10345.000 0.890
10350.000 0.967
10355.000 1.058
10360.000 1.168
10365.000 1.298
10370.000 1.454
10375.000 1.643
10380.000 1.886
10385.000 2.149
10390.000 2.436
10395.000 2.683
10400.000 2.825
10405.000 2.760
10410.000 2.488
10415.000 2.132
10420.000 1.823
10425.000 1.568
10430.000 1.370
10435.000 1.209
10440.000 1.209
10445.000 1.089
10450.000 0.979
10455.000 0.822
10460.000 0.822
10465.000 0.763
10470.000 0.659
10475.000 0.622
10480.000 0.622
10485.000 0.583
10490.000 0.552
10495.000 0.526
10500.000 0.499
10505.000 0.474
10510.000 0.455
10515.000 0.434
10520.000 0.418
10525.000 0.404
10530.000 0.386
10535.000 0.376
10540.000 0.364
10545.000 0.354
10550.000 0.346
10555.000 0.343
10560.000 0.338
10565.000 0.338
10570.000 0.334
10575.000 0.334
10580.000 0.327
10585.000 0.327
10590.000 0.318
10595.000 0.314
10600.000 0.306
10605.000 0.302
10610.000 0.302
10615.000 0.295
10620.000 0.289
10625.000 0.288
10630.000 0.281
10635.000 0.283
10640.000 0.281
10645.000 0.279
10650.000 0.275
10655.000 0.272
10660.000 0.270
10665.000 0.271
10670.000 0.269
10675.000 0.268
10680.000 0.267
10685.000 0.268
10690.000 0.265
10695.000 0.265
10700.000 0.268
10705.000 0.266
10710.000 0.266
10715.000 0.265
10720.000 0.266
10725.000 0.270
10730.000 0.271
10735.000 0.273
10740.000 0.273
10745.000 0.273
10750.000 0.276
10755.000 0.280
10760.000 0.281
10765.000 0.285
10770.000 0.285
10775.000 0.293
10780.000 0.295
10785.000 0.301
10790.000 0.304
10795.000 0.309
10800.000 0.311
10805.000 0.320
10810.000 0.320
10815.000 0.325
10820.000 0.340
10825.000 0.347
10830.000 0.347
10835.000 0.369
10840.000 0.369
10845.000 0.378
10850.000 0.391
10855.000 0.404
10860.000 0.414
10865.000 0.433
10870.000 0.450
10875.000 0.470
10880.000 0.493
10885.000 0.511
10890.000 0.540
10895.000 0.572
10900.000 0.601
10905.000 0.641
10910.000 0.679
10915.000 0.733
10920.000 0.791
10925.000 0.791
10930.000 0.859
10935.000 0.939
10940.000 1.140
10945.000 1.271
10950.000 1.424
10955.000 1.424
10960.000 1.813
10965.000 1.813
10970.000 2.027
10975.000 2.236
10980.000 2.363
10985.000 2.323
10990.000 2.090
10995.000 1.802
11000.000 1.517
11005.000 1.329
11010.000 1.166
11015.000 1.035
11020.000 0.934
11025.000 0.847
11030.000 0.773
11035.000 0.714
11040.000 0.671
11045.000 0.626
11050.000 0.626
11055.000 0.584
11060.000 0.550
11065.000 0.492
11070.000 0.492
11075.000 0.469
11080.000 0.447
11085.000 0.426
11090.000 0.410
11095.000 0.395
11100.000 0.380
11105.000 0.366
11110.000 0.354
11115.000 0.344
11120.000 0.331
11125.000 0.323
11130.000 0.315
11135.000 0.308
11140.000 0.299
11145.000 0.291
11150.000 0.287
11155.000 0.283
11160.000 0.276
11165.000 0.271
11170.000 0.265
11175.000 0.265
11180.000 0.263
11185.000 0.256
11190.000 0.256
11195.000 0.250
11200.000 0.246
11205.000 0.243
11210.000 0.243
11215.000 0.241
11220.000 0.239
11225.000 0.237
11230.000 0.235
11235.000 0.231
11240.000 0.232
11245.000 0.234
11250.000 0.226
11255.000 0.229
11260.000 0.229
11265.000 0.230
11270.000 0.229
11275.000 0.227
11280.000 0.228
11285.000 0.228
11290.000 0.228
11295.000 0.230
11300.000 0.228
11305.000 0.231
11310.000 0.235
11315.000 0.232
11320.000 0.238
11325.000 0.238
11330.000 0.240
11335.000 0.242
11340.000 0.245
11345.000 0.248
11350.000 0.253
11355.000 0.253
11360.000 0.256
11365.000 0.263
11370.000 0.266
11375.000 0.269
11380.000 0.272
11385.000 0.279
11390.000 0.284
11395.000 0.290
11400.000 0.300
11405.000 0.308
11410.000 0.316
11415.000 0.325
11420.000 0.337
11425.000 0.337
11430.000 0.346
11435.000 0.374
11440.000 0.387
11445.000 0.387
11450.000 0.404
11455.000 0.421
11460.000 0.445
11465.000 0.464
11470.000 0.494
11475.000 0.523
11480.000 0.559
11485.000 0.595
11490.000 0.635
11495.000 0.694
11500.000 0.756
11505.000 0.829
11510.000 0.913
11515.000 1.017
11520.000 1.133
11525.000 1.133
11530.000 1.283
11535.000 1.589
11540.000 1.589
11545.000 1.753
11550.000 1.896
11555.000 1.896
11560.000 1.802
11565.000 1.615
11570.000 1.398
11575.000 1.230
11580.000 1.077
11585.000 0.951
11590.000 0.850
11595.000 0.770
11600.000 0.699
11605.000 0.643
11610.000 0.595
11615.000 0.550
11620.000 0.513
11625.000 0.479
11630.000 0.452
11635.000 0.428
11640.000 0.405
11645.000 0.387
11650.000 0.369
11655.000 0.354
11660.000 0.338
11665.000 0.325
11670.000 0.325
11675.000 0.315
11680.000 0.303
11685.000 0.293
11690.000 0.286
11695.000 0.277
11700.000 0.270
11705.000 0.262
11710.000 0.254
11715.000 0.250
11720.000 0.245
11725.000 0.241
11730.000 0.236
11735.000 0.231
11740.000 0.225
11745.000 0.221
11750.000 0.220
11755.000 0.216
11760.000 0.213
11765.000 0.212
11770.000 0.210
11775.000 0.211
11780.000 0.210
11785.000 0.205
11790.000 0.202
11795.000 0.202
11800.000 0.197
11805.000 0.199
11810.000 0.199
11815.000 0.196
11820.000 0.194
11825.000 0.193
11830.000 0.196
11835.000 0.190
11840.000 0.192
11845.000 0.194
11850.000 0.194
11855.000 0.192
11860.000 0.193
11865.000 0.191
11870.000 0.193
11875.000 0.192
11880.000 0.195
11885.000 0.195
11890.000 0.195
11895.000 0.197
11900.000 0.197
11905.000 0.201
11910.000 0.204
11915.000 0.206
11920.000 0.207
11925.000 0.207
11930.000 0.212
11935.000 0.212
11940.000 0.215
11945.000 0.222
11950.000 0.226
11955.000 0.230
11960.000 0.234
11965.000 0.240
11970.000 0.244
11975.000 0.249
11980.000 0.256
11985.000 0.264
11990.000 0.273
11995.000 0.278
12000.000 0.289
