105.000 0.246
110.000 0.157
115.000 0.166
120.000 0.249
125.000 0.118
130.000 0.226
135.000 0.254
140.000 0.281
145.000 0.257
150.000 0.257
155.000 0.193
160.000 0.208
165.000 0.195
170.000 0.209
175.000 0.260
180.000 0.343
185.000 0.362
190.000 0.251
195.000 0.252
200.000 0.291
205.000 0.317
210.000 0.331
215.000 0.278
220.000 0.327
225.000 0.336
230.000 0.366
235.000 0.360
240.000 0.347
245.000 0.379
250.000 0.387
255.000 0.437
260.000 0.442
265.000 0.431
270.000 0.505
275.000 0.505
280.000 0.515
285.000 0.520
290.000 0.586
295.000 0.570
300.000 0.633
305.000 0.660
310.000 0.677
315.000 0.735
320.000 0.772
325.000 0.810
330.000 0.870
335.000 0.932
340.000 1.001
345.000 1.091
350.000 1.119
355.000 1.211
360.000 1.312
365.000 1.461
370.000 1.675
375.000 1.852
380.000 2.001
385.000 2.108
390.000 2.819
395.000 2.327
400.000 2.327
405.000 3.242
410.000 3.784
415.000 3.944
420.000 4.350
425.000 5.057
430.000 5.418
435.000 6.207
440.000 7.574
445.000 9.805
450.000 12.113
455.000 12.553
460.000 15.504
465.000 19.754
470.000 23.142
475.000 23.465
480.000 19.995
485.000 19.686
490.000 15.346
495.000 12.414
500.000 10.836
505.000 9.166
510.000 7.763
515.000 6.843
520.000 5.926
525.000 5.926
530.000 5.293
535.000 4.846
540.000 4.333
545.000 3.843
550.000 3.467
555.000 3.801
560.000 3.504
565.000 2.777
570.000 2.488
575.000 2.230
580.000 2.219
585.000 1.886
590.000 1.741
595.000 1.640
600.000 1.575
605.000 1.386
610.000 1.364
615.000 1.294
620.000 1.201
625.000 1.145
630.000 1.079
635.000 1.079
640.000 1.021
645.000 0.983
650.000 0.938
655.000 0.888
660.000 0.850
665.000 0.828
670.000 0.778
675.000 0.785
680.000 0.730
685.000 0.705
690.000 0.684
695.000 0.659
700.000 0.650
705.000 0.639
710.000 0.620
715.000 0.611
720.000 0.583
725.000 0.568
730.000 0.558
735.000 0.571
740.000 0.550
745.000 0.551
750.000 0.543
755.000 0.527
760.000 0.527
765.000 0.533
770.000 0.519
775.000 0.518
780.000 0.515
785.000 0.503
790.000 0.516
795.000 0.521
800.000 0.527
805.000 0.528
810.000 0.511
815.000 0.543
820.000 0.545
825.000 0.541
830.000 0.560
835.000 0.572
840.000 0.595
845.000 0.600
850.000 0.611
855.000 0.623
860.000 0.665
865.000 0.680
870.000 0.718
875.000 0.747
880.000 0.770
885.000 0.770
890.000 0.913
895.000 0.984
900.000 1.082
905.000 1.224
910.000 1.382
915.000 1.629
920.000 1.968
925.000 2.365
930.000 2.781
935.000 2.916
940.000 2.445
945.000 1.573
950.000 1.194
955.000 1.004
960.000 0.808
965.000 0.678
970.000 0.590
975.000 0.537
980.000 0.481
985.000 0.448
990.000 0.399
995.000 0.357
1000.000 0.335
1005.000 0.326
1010.000 0.326
1015.000 0.302
1020.000 0.272
1025.000 0.279
1030.000 0.247
1035.000 0.238
1040.000 0.225
1045.000 0.215
1050.000 0.214
1055.000 0.186
1060.000 0.183
1065.000 0.417
1070.000 0.291
1075.000 0.168
1080.000 0.195
1085.000 0.187
1090.000 0.163
1095.000 0.163
1100.000 0.175
1105.000 0.172
1110.000 0.170
1115.000 0.168
1120.000 0.170
1125.000 0.170
1130.000 0.167
1135.000 0.172
1140.000 0.165
1145.000 0.175
1150.000 0.182
1155.000 0.173
1160.000 0.185
1165.000 0.189
1170.000 0.196
1175.000 0.189
1180.000 0.206
1185.000 0.214
1190.000 0.220
1195.000 0.212
1200.000 0.226
1205.000 0.236
1210.000 0.232
1215.000 0.259
1220.000 0.264
1225.000 0.265
1230.000 0.285
1235.000 0.282
1240.000 0.307
1245.000 0.311
1250.000 0.311
1255.000 0.324
1260.000 0.340
1265.000 0.364
1270.000 0.378
1275.000 0.410
1280.000 0.432
1285.000 0.427
1290.000 0.462
1295.000 0.481
1300.000 0.561
1305.000 0.604
1310.000 0.639
1315.000 0.654
1320.000 0.698
1325.000 0.774
1330.000 0.906
1335.000 1.005
1340.000 1.122
1345.000 1.215
1350.000 1.408
1355.000 1.651
1360.000 1.948
1365.000 2.458
1370.000 2.919
1375.000 2.919
1380.000 3.715
1385.000 4.661
1390.000 5.448
1395.000 5.609
1400.000 4.634
1405.000 3.396
1410.000 2.640
1415.000 2.200
1420.000 1.928
1425.000 1.696
1430.000 1.521
1435.000 1.385
1440.000 1.291
1445.000 1.197
1450.000 1.107
1455.000 1.063
1460.000 1.010
1465.000 0.966
1470.000 0.918
1475.000 0.887
1480.000 0.869
1485.000 0.836
1490.000 0.817
1495.000 0.789
1500.000 0.789
1505.000 0.776
1510.000 0.765
1515.000 0.742
1520.000 0.738
1525.000 0.726
1530.000 0.708
1535.000 0.699
1540.000 0.692
1545.000 0.681
1550.000 0.691
1555.000 0.686
1560.000 0.678
1565.000 0.679
1570.000 0.675
1575.000 0.673
1580.000 0.678
1585.000 0.678
1590.000 0.679
1595.000 0.681
1600.000 0.694
1605.000 0.687
1610.000 0.694
1615.000 0.697
1620.000 0.696
1625.000 0.700
1630.000 0.707
1635.000 0.707
1640.000 0.717
1645.000 0.721
1650.000 0.733
1655.000 0.736
1660.000 0.748
1665.000 0.752
1670.000 0.750
1675.000 0.759
1680.000 0.759
1685.000 0.773
1690.000 0.767
1695.000 0.779
1700.000 0.773
1705.000 0.777
1710.000 0.777
1715.000 0.774
1720.000 0.784
1725.000 0.797
1730.000 0.812
1735.000 0.812
1740.000 0.844
1745.000 0.888
1750.000 0.933
1755.000 1.009
1760.000 1.101
1765.000 1.220
1770.000 1.367
1775.000 1.524
1780.000 1.737
1785.000 1.974
1790.000 2.241
1795.000 2.572
1800.000 2.959
1805.000 3.440
1810.000 3.991
1815.000 4.679
1820.000 5.541
1825.000 6.583
1830.000 7.839
1835.000 9.270
1840.000 10.652
1845.000 11.491
1850.000 11.317
1855.000 10.173
1860.000 10.173
1865.000 8.559
1870.000 7.371
1875.000 6.469
1880.000 5.729
1885.000 5.157
1890.000 4.717
1895.000 4.360
1900.000 4.072
1905.000 3.800
1910.000 3.513
1915.000 3.372
1920.000 3.185
1925.000 3.032
1930.000 2.934
1935.000 2.803
1940.000 2.695
1945.000 2.681
1950.000 2.517
1955.000 2.478
1960.000 2.431
1965.000 2.354
1970.000 2.289
1975.000 2.285
1980.000 2.200
1985.000 2.200
1990.000 2.181
1995.000 2.159
2000.000 2.120
2005.000 2.085
2010.000 2.055
2015.000 2.031
2020.000 2.002
2025.000 1.986
2030.000 1.971
2035.000 1.953
2040.000 1.932
2045.000 1.918
2050.000 1.911
2055.000 1.892
2060.000 1.881
2065.000 1.879
2070.000 1.867
2075.000 1.864
2080.000 1.863
2085.000 1.858
2090.000 1.863
2095.000 1.859
2100.000 1.864
2105.000 1.866
2110.000 1.866
2115.000 1.872
2120.000 1.882
2125.000 1.890
2130.000 1.891
2135.000 1.912
2140.000 1.927
2145.000 1.946
2150.000 1.957
2155.000 1.983
2160.000 2.011
2165.000 2.033
2170.000 2.062
2175.000 2.094
2180.000 2.136
2185.000 2.169
2190.000 2.206
2195.000 2.257
2200.000 2.310
2205.000 2.378
2210.000 2.441
2215.000 2.515
2220.000 2.515
2225.000 2.599
2230.000 2.687
2235.000 2.789
2240.000 2.910
2245.000 3.038
2250.000 3.187
2255.000 3.356
2260.000 3.546
2265.000 3.783
2270.000 4.033
2275.000 4.349
2280.000 4.712
2285.000 5.139
2290.000 5.638
2295.000 6.222
2300.000 6.922
2305.000 7.708
2310.000 8.578
2315.000 9.414
2320.000 10.051
2325.000 10.279
2330.000 9.917
2335.000 9.031
2340.000 7.936
2345.000 7.936
2350.000 6.901
2355.000 6.014
2360.000 5.288
2365.000 4.698
2370.000 4.217
2375.000 3.812
2380.000 3.480
2385.000 3.194
2390.000 2.953
2395.000 2.741
2400.000 2.560
2405.000 2.405
2410.000 2.260
2415.000 2.138
2420.000 2.024
2425.000 1.924
2430.000 1.831
2435.000 1.755
2440.000 1.684
2445.000 1.615
2450.000 1.567
2455.000 1.502
2460.000 1.450
2465.000 1.410
2470.000 1.410
2475.000 1.363
2480.000 1.325
2485.000 1.287
2490.000 1.259
2495.000 1.230
2500.000 1.204
2505.000 1.175
2510.000 1.159
2515.000 1.139
2520.000 1.117
2525.000 1.102
2530.000 1.085
2535.000 1.073
2540.000 1.064
2545.000 1.051
2550.000 1.043
2555.000 1.039
2560.000 1.029
2565.000 1.028
2570.000 1.023
2575.000 1.020
2580.000 1.015
2585.000 1.015
2590.000 1.019
2595.000 1.019
2600.000 1.025
2605.000 1.033
2610.000 1.041
2615.000 1.047
2620.000 1.057
2625.000 1.072
2630.000 1.081
2635.000 1.100
2640.000 1.117
2645.000 1.135
2650.000 1.163
2655.000 1.184
2660.000 1.212
2665.000 1.248
2670.000 1.283
2675.000 1.322
2680.000 1.367
2685.000 1.421
2690.000 1.474
2695.000 1.547
2700.000 1.619
2705.000 1.619
2710.000 1.704
2715.000 1.803
2720.000 1.913
2725.000 2.053
2730.000 2.205
2735.000 2.389
2740.000 2.617
2745.000 2.888
2750.000 3.231
2755.000 3.652
2760.000 4.201
2765.000 4.906
2770.000 5.787
2775.000 6.835
2780.000 7.962
2785.000 8.796
2790.000 8.753
2795.000 7.539
2800.000 5.887
2805.000 4.732
2810.000 3.941
2815.000 3.361
2820.000 2.933
2825.000 2.599
2830.000 2.599
2835.000 2.331
2840.000 2.103
2845.000 1.922
2850.000 1.769
2855.000 1.642
2860.000 1.538
2865.000 1.443
2870.000 1.357
2875.000 1.282
2880.000 1.211
2885.000 1.158
2890.000 1.105
2895.000 1.062
2900.000 1.016
2905.000 0.979
2910.000 0.945
2915.000 0.911
2920.000 0.881
2925.000 0.861
2930.000 0.834
2935.000 0.812
2940.000 0.793
2945.000 0.777
2950.000 0.762
2955.000 0.745
2960.000 0.745
2965.000 0.731
2970.000 0.723
2975.000 0.712
2980.000 0.700
2985.000 0.695
2990.000 0.686
2995.000 0.678
3000.000 0.674
3005.000 0.665
3010.000 0.665
3015.000 0.657
3020.000 0.662
3025.000 0.658
3030.000 0.657
3035.000 0.656
3040.000 0.658
3045.000 0.659
3050.000 0.663
3055.000 0.670
3060.000 0.675
3065.000 0.683
3070.000 0.686
3075.000 0.694
3080.000 0.703
3085.000 0.703
3090.000 0.712
3095.000 0.726
3100.000 0.737
3105.000 0.754
3110.000 0.770
3115.000 0.788
3120.000 0.814
3125.000 0.837
3130.000 0.859
3135.000 0.892
3140.000 0.919
3145.000 0.958
3150.000 0.999
3155.000 1.040
3160.000 1.095
3165.000 1.156
3170.000 1.227
3175.000 1.305
3180.000 1.390
3185.000 1.503
3190.000 1.631
3195.000 1.631
3200.000 1.794
3205.000 1.980
3210.000 2.223
3215.000 2.521
3220.000 2.910
3225.000 3.419
3230.000 4.072
3235.000 4.897
3240.000 5.847
3245.000 6.676
3250.000 6.859
3255.000 5.968
3260.000 4.518
3265.000 3.536
3270.000 2.909
3275.000 2.469
3280.000 2.140
3285.000 1.886
3290.000 1.694
3295.000 1.534
3300.000 1.404
3305.000 1.290
3310.000 1.197
3315.000 1.120
3320.000 1.120
3325.000 1.048
3330.000 0.990
3335.000 0.934
3340.000 0.887
3345.000 0.849
3350.000 0.813
3355.000 0.777
3360.000 0.745
3365.000 0.717
3370.000 0.694
3375.000 0.675
3380.000 0.655
3385.000 0.637
3390.000 0.620
3395.000 0.600
3400.000 0.591
3405.000 0.581
3410.000 0.569
3415.000 0.555
3420.000 0.545
3425.000 0.543
3430.000 0.531
3435.000 0.528
3440.000 0.518
3445.000 0.518
3450.000 0.516
3455.000 0.511
3460.000 0.507
3465.000 0.510
3470.000 0.506
3475.000 0.499
3480.000 0.504
3485.000 0.497
3490.000 0.499
3495.000 0.497
3500.000 0.500
3505.000 0.502
3510.000 0.505
3515.000 0.512
3520.000 0.513
3525.000 0.518
3530.000 0.526
3535.000 0.532
3540.000 0.539
3545.000 0.549
3550.000 0.559
3555.000 0.566
3560.000 0.581
3565.000 0.597
3570.000 0.597
3575.000 0.608
3580.000 0.623
3585.000 0.640
3590.000 0.663
3595.000 0.684
3600.000 0.713
3605.000 0.738
3610.000 0.770
3615.000 0.809
3620.000 0.842
3625.000 0.893
3630.000 0.945
3635.000 1.009
3640.000 1.074
3645.000 1.159
3650.000 1.258
3655.000 1.376
3660.000 1.515
3665.000 1.694
3670.000 1.918
3675.000 2.201
3680.000 2.201
3685.000 2.560
3690.000 3.060
3695.000 3.683
3700.000 4.424
3705.000 5.192
3710.000 5.604
3715.000 5.201
3720.000 4.049
3725.000 3.067
3730.000 2.494
3735.000 2.090
3740.000 1.804
3745.000 1.578
3750.000 1.412
3755.000 1.274
3760.000 1.161
3765.000 1.066
3770.000 0.986
3775.000 0.914
3780.000 0.862
3785.000 0.808
3790.000 0.764
3795.000 0.722
3800.000 0.689
3805.000 0.689
3810.000 0.660
3815.000 0.632
3820.000 0.610
3825.000 0.585
3830.000 0.564
3835.000 0.542
3840.000 0.531
3845.000 0.513
3850.000 0.499
3855.000 0.486
3860.000 0.479
3865.000 0.462
3870.000 0.457
3875.000 0.448
3880.000 0.443
3885.000 0.435
3890.000 0.426
3895.000 0.422
3900.000 0.417
3905.000 0.412
3910.000 0.408
3915.000 0.408
3920.000 0.402
3925.000 0.401
3930.000 0.401
3935.000 0.396
3940.000 0.398
3945.000 0.395
3950.000 0.396
3955.000 0.396
3960.000 0.399
3965.000 0.397
3970.000 0.395
3975.000 0.401
3980.000 0.404
3985.000 0.410
3990.000 0.410
3995.000 0.415
4000.000 0.425
4005.000 0.425
4010.000 0.434
4015.000 0.444
4020.000 0.453
4025.000 0.464
4030.000 0.471
4035.000 0.481
4040.000 0.499
4045.000 0.515
4050.000 0.526
4055.000 0.526
4060.000 0.547
4065.000 0.568
4070.000 0.587
4075.000 0.616
4080.000 0.642
4085.000 0.675
4090.000 0.711
4095.000 0.765
4100.000 0.811
4105.000 0.876
4110.000 0.942
4115.000 1.027
4120.000 1.130
4125.000 1.252
4130.000 1.412
4135.000 1.603
4140.000 1.854
4145.000 2.190
4150.000 2.615
4155.000 3.160
4160.000 3.763
4165.000 3.763
4170.000 4.257
4175.000 4.275
4180.000 3.596
4185.000 2.692
4190.000 2.130
4195.000 1.763
4200.000 1.509
4205.000 1.316
4210.000 1.163
4215.000 1.044
4220.000 0.948
4225.000 0.866
4230.000 0.798
4235.000 0.743
4240.000 0.691
4245.000 0.650
4250.000 0.614
4255.000 0.582
4260.000 0.557
4265.000 0.527
4270.000 0.506
4275.000 0.487
4280.000 0.464
4285.000 0.449
4290.000 0.449
4295.000 0.432
4300.000 0.419
4305.000 0.402
4310.000 0.391
4315.000 0.379
4320.000 0.364
4325.000 0.354
4330.000 0.340
4335.000 0.332
4340.000 0.320
4345.000 0.312
4350.000 0.305
4355.000 0.301
4360.000 0.295
4365.000 0.293
4370.000 0.288
4375.000 0.288
4380.000 0.280
4385.000 0.284
4390.000 0.285
4395.000 0.282
4400.000 0.285
4405.000 0.286
4410.000 0.282
4415.000 0.282
4420.000 0.287
4425.000 0.289
4430.000 0.287
4435.000 0.293
4440.000 0.295
4445.000 0.298
4450.000 0.302
4455.000 0.309
4460.000 0.316
4465.000 0.318
4470.000 0.327
4475.000 0.334
4480.000 0.344
4485.000 0.351
4490.000 0.358
4495.000 0.368
4500.000 0.382
4505.000 0.391
4510.000 0.410
4515.000 0.427
4520.000 0.444
4525.000 0.466
4530.000 0.491
4535.000 0.513
4540.000 0.513
4545.000 0.547
4550.000 0.579
4555.000 0.619
4560.000 0.663
4565.000 0.721
4570.000 0.776
4575.000 0.854
4580.000 0.945
4585.000 1.051
4590.000 1.209
4595.000 1.387
4600.000 1.612
4605.000 1.909
4610.000 2.287
4615.000 2.768
4620.000 3.314
4625.000 3.793
4630.000 3.930
4635.000 3.510
4640.000 2.772
4645.000 2.221
4650.000 1.857
4655.000 1.857
4660.000 1.606
4665.000 1.419
4670.000 1.266
4675.000 1.150
4680.000 1.059
4685.000 0.985
4690.000 0.917
4695.000 0.862
4700.000 0.813
4705.000 0.777
4710.000 0.734
4715.000 0.707
4720.000 0.674
4725.000 0.653
4730.000 0.626
4735.000 0.601
4740.000 0.580
4745.000 0.564
4750.000 0.544
4755.000 0.526
4760.000 0.508
4765.000 0.492
4770.000 0.472
4775.000 0.458
4780.000 0.458
4785.000 0.444
4790.000 0.430
4795.000 0.414
4800.000 0.397
4805.000 0.386
4810.000 0.370
4815.000 0.359
4820.000 0.345
4825.000 0.334
4830.000 0.324
4835.000 0.316
4840.000 0.304
4845.000 0.300
4850.000 0.297
4855.000 0.294
4860.000 0.292
4865.000 0.291
4870.000 0.295
4875.000 0.298
4880.000 0.303
4885.000 0.308
4890.000 0.311
4895.000 0.325
4900.000 0.335
4905.000 0.335
4910.000 0.348
4915.000 0.366
4920.000 0.383
4925.000 0.405
4930.000 0.425
4935.000 0.448
4940.000 0.476
4945.000 0.503
4950.000 0.536
4955.000 0.573
4960.000 0.609
4965.000 0.653
4970.000 0.700
4975.000 0.754
4980.000 0.805
4985.000 0.869
4990.000 0.944
4995.000 1.014
5000.000 1.110
5005.000 1.210
5010.000 1.322
5015.000 1.453
5020.000 1.595
5025.000 1.768
5030.000 1.768
5035.000 1.973
5040.000 2.214
5045.000 2.496
5050.000 2.835
5055.000 3.257
5060.000 3.780
5065.000 4.455
5070.000 5.265
5075.000 6.307
5080.000 7.562
5085.000 9.043
5090.000 10.069
5095.000 10.236
5100.000 9.248
5105.000 7.686
5110.000 6.444
5115.000 5.524
5120.000 4.822
5125.000 4.308
5130.000 3.865
5135.000 3.527
5140.000 3.527
5145.000 3.242
5150.000 3.000
5155.000 2.796
5160.000 2.613
5165.000 2.456
5170.000 2.323
5175.000 2.197
5180.000 2.089
5185.000 1.990
5190.000 1.899
5195.000 1.817
5200.000 1.738
5205.000 1.676
5210.000 1.612
5215.000 1.548
5220.000 1.494
5225.000 1.440
5230.000 1.389
5235.000 1.345
5240.000 1.296
5245.000 1.253
5250.000 1.210
5255.000 1.167
5260.000 1.119
5265.000 1.119
5270.000 1.073
5275.000 1.033
5280.000 1.002
5285.000 1.006
5290.000 1.029
5295.000 1.043
5300.000 1.056
5305.000 1.066
5310.000 1.077
5315.000 1.084
5320.000 1.089
5325.000 1.094
5330.000 1.100
5335.000 1.104
5340.000 1.105
5345.000 1.110
5350.000 1.115
5355.000 1.123
5360.000 1.130
5365.000 1.143
5370.000 1.149
5375.000 1.160
5380.000 1.175
5385.000 1.182
5390.000 1.182
5395.000 1.200
5400.000 1.212
5405.000 1.231
5410.000 1.254
5415.000 1.274
5420.000 1.303
5425.000 1.334
5430.000 1.366
5435.000 1.401
5440.000 1.444
5445.000 1.484
5450.000 1.536
5455.000 1.592
5460.000 1.658
5465.000 1.726
5470.000 1.812
5475.000 1.910
5480.000 2.019
5485.000 2.144
5490.000 2.301
5495.000 2.477
5500.000 2.693
5505.000 2.947
5510.000 3.261
5515.000 3.261
5520.000 3.654
5525.000 4.145
5530.000 4.763
5535.000 5.593
5540.000 6.595
5545.000 7.794
5550.000 8.979
5555.000 9.846
5560.000 9.643
5565.000 8.127
5570.000 6.319
5575.000 5.083
5580.000 4.144
5585.000 3.558
5590.000 3.115
5595.000 2.763
5600.000 2.484
5605.000 2.253
5610.000 2.063
5615.000 1.906
5620.000 1.770
5625.000 1.770
5630.000 1.656
5635.000 1.546
5640.000 1.462
5645.000 1.384
5650.000 1.315
5655.000 1.249
5660.000 1.194
5665.000 1.145
5670.000 1.103
5675.000 1.064
5680.000 1.024
5685.000 0.991
5690.000 0.964
5695.000 0.937
5700.000 0.914
5705.000 0.885
5710.000 0.869
5715.000 0.849
5720.000 0.836
5725.000 0.815
5730.000 0.801
5735.000 0.790
5740.000 0.780
5745.000 0.767
5750.000 0.767
5755.000 0.759
5760.000 0.752
5765.000 0.746
5770.000 0.737
5775.000 0.735
5780.000 0.731
5785.000 0.729
5790.000 0.725
5795.000 0.727
5800.000 0.723
5805.000 0.726
5810.000 0.726
5815.000 0.734
5820.000 0.736
5825.000 0.742
5830.000 0.744
5835.000 0.755
5840.000 0.764
5845.000 0.773
5850.000 0.788
5855.000 0.794
5860.000 0.814
5865.000 0.827
5870.000 0.842
5875.000 0.842
5880.000 0.864
5885.000 0.885
5890.000 0.911
5895.000 0.934
5900.000 0.969
5905.000 0.997
5910.000 1.036
5915.000 1.078
5920.000 1.125
5925.000 1.180
5930.000 1.239
5935.000 1.304
5940.000 1.384
5945.000 1.469
5950.000 1.574
5955.000 1.696
5960.000 1.837
5965.000 2.016
5970.000 2.215
5975.000 2.469
5980.000 2.793
5985.000 3.202
5990.000 3.718
5995.000 4.388
6000.000 4.388
6005.000 5.199
6010.000 6.129
6015.000 6.987
6020.000 7.331
6025.000 6.718
6030.000 5.408
6035.000 4.275
6040.000 3.518
6045.000 2.986
6050.000 2.589
6055.000 2.287
6060.000 2.044
6065.000 1.856
6070.000 1.692
6075.000 1.544
6080.000 1.430
6085.000 1.340
6090.000 1.260
6095.000 1.187
6100.000 1.128
6105.000 1.068
6110.000 1.068
6115.000 1.017
6120.000 0.977
6125.000 0.936
6130.000 0.900
6135.000 0.873
6140.000 0.841
6145.000 0.816
6150.000 0.795
6155.000 0.770
6160.000 0.752
6165.000 0.735
6170.000 0.722
6175.000 0.705
6180.000 0.692
6185.000 0.682
6190.000 0.665
6195.000 0.657
6200.000 0.649
6205.000 0.645
6210.000 0.635
6215.000 0.633
6220.000 0.629
6225.000 0.624
6230.000 0.626
6235.000 0.626
6240.000 0.620
6245.000 0.618
6250.000 0.616
6255.000 0.617
6260.000 0.617
6265.000 0.620
6270.000 0.624
6275.000 0.628
6280.000 0.632
6285.000 0.635
6290.000 0.639
6295.000 0.644
6300.000 0.653
6305.000 0.661
6310.000 0.673
6315.000 0.687
6320.000 0.694
6325.000 0.710
6330.000 0.728
6335.000 0.743
6340.000 0.761
6345.000 0.785
6350.000 0.807
6355.000 0.830
6360.000 0.830
6365.000 0.861
6370.000 0.891
6375.000 0.926
6380.000 0.967
6385.000 1.011
6390.000 1.057
6395.000 1.116
6400.000 1.181
6405.000 1.257
6410.000 1.342
6415.000 1.439
6420.000 1.552
6425.000 1.691
6430.000 1.855
6435.000 2.060
6440.000 2.312
6445.000 2.620
6450.000 3.025
6455.000 3.522
6460.000 4.165
6465.000 4.947
6470.000 5.767
6475.000 6.367
6480.000 6.346
6485.000 5.512
6490.000 5.512
6495.000 4.361
6500.000 3.533
6505.000 2.949
6510.000 2.536
6515.000 2.221
6520.000 1.970
6525.000 1.769
6530.000 1.608
6535.000 1.475
6540.000 1.361
6545.000 1.269
6550.000 1.184
6555.000 1.115
6560.000 1.054
6565.000 1.003
6570.000 0.950
6575.000 0.906
6580.000 0.869
6585.000 0.835
6590.000 0.808
6595.000 0.782
6600.000 0.782
6605.000 0.753
6610.000 0.733
6615.000 0.712
6620.000 0.694
6625.000 0.676
6630.000 0.664
6635.000 0.652
6640.000 0.642
6645.000 0.626
6650.000 0.620
6655.000 0.607
6660.000 0.605
6665.000 0.595
6670.000 0.590
6675.000 0.588
6680.000 0.578
6685.000 0.572
6690.000 0.573
6695.000 0.572
6700.000 0.568
6705.000 0.569
6710.000 0.569
6715.000 0.566
6720.000 0.571
6725.000 0.571
6730.000 0.572
6735.000 0.577
6740.000 0.576
6745.000 0.583
6750.000 0.592
6755.000 0.596
6760.000 0.600
6765.000 0.612
6770.000 0.621
6775.000 0.630
6780.000 0.642
6785.000 0.657
6790.000 0.667
6795.000 0.683
6800.000 0.702
6805.000 0.721
6810.000 0.742
6815.000 0.766
6820.000 0.789
6825.000 0.817
6830.000 0.852
6835.000 0.884
6840.000 0.929
6845.000 0.970
6850.000 0.970
6855.000 1.020
6860.000 1.081
6865.000 1.147
6870.000 1.221
6875.000 1.309
6880.000 1.416
6885.000 1.540
6890.000 1.685
6895.000 1.859
6900.000 2.078
6905.000 2.353
6910.000 2.698
6915.000 3.118
6920.000 3.665
6925.000 4.321
6930.000 5.038
6935.000 5.613
6940.000 5.720
6945.000 5.153
6950.000 4.192
6955.000 3.394
6960.000 2.829
6965.000 2.427
6970.000 2.127
6975.000 2.127
6980.000 1.860
6985.000 1.677
6990.000 1.520
6995.000 1.398
7000.000 1.291
7005.000 1.203
7010.000 1.129
7015.000 1.058
7020.000 1.002
7025.000 0.953
7030.000 0.909
7035.000 0.870
7040.000 0.833
7045.000 0.800
7050.000 0.770
7055.000 0.745
7060.000 0.722
7065.000 0.698
7070.000 0.679
7075.000 0.658
7080.000 0.646
7085.000 0.646
7090.000 0.634
7095.000 0.619
7100.000 0.603
7105.000 0.595
7110.000 0.582
7115.000 0.575
7120.000 0.565
7125.000 0.559
7130.000 0.554
7135.000 0.548
7140.000 0.542
7145.000 0.537
7150.000 0.531
7155.000 0.531
7160.000 0.529
7165.000 0.524
7170.000 0.522
7175.000 0.527
7180.000 0.528
7185.000 0.528
7190.000 0.531
7195.000 0.533
7200.000 0.536
7205.000 0.539
7210.000 0.539
7215.000 0.544
7220.000 0.551
7225.000 0.557
7230.000 0.565
7235.000 0.572
7240.000 0.588
7245.000 0.597
7250.000 0.608
7255.000 0.622
7260.000 0.638
7265.000 0.653
7270.000 0.677
7275.000 0.689
7280.000 0.710
7285.000 0.738
7290.000 0.761
7295.000 0.788
7300.000 0.823
7305.000 0.859
7310.000 0.905
7315.000 0.947
7320.000 1.004
7325.000 1.066
7330.000 1.134
7335.000 1.134
7340.000 1.217
7345.000 1.315
7350.000 1.432
7355.000 1.565
7360.000 1.729
7365.000 1.929
7370.000 2.183
7375.000 2.506
7380.000 2.915
7385.000 3.421
7390.000 4.015
7395.000 4.630
7400.000 5.076
7405.000 5.060
7410.000 4.446
7415.000 3.595
7420.000 2.924
7425.000 2.453
7430.000 2.098
7435.000 1.828
7440.000 1.622
7445.000 1.460
7450.000 1.323
7455.000 1.208
7460.000 1.208
7465.000 1.111
7470.000 1.027
7475.000 0.955
7480.000 0.918
7485.000 0.900
7490.000 0.899
7495.000 0.887
7500.000 0.868
7505.000 0.834
7510.000 0.802
7515.000 0.773
7520.000 0.742
7525.000 0.712
7530.000 0.690
7535.000 0.668
7540.000 0.646
7545.000 0.628
7550.000 0.609
7555.000 0.592
7560.000 0.582
7565.000 0.569
7570.000 0.569
7575.000 0.558
7580.000 0.548
7585.000 0.540
7590.000 0.534
7595.000 0.525
7600.000 0.521
7605.000 0.515
7610.000 0.513
7615.000 0.510
7620.000 0.502
7625.000 0.505
7630.000 0.504
7635.000 0.503
7640.000 0.503
7645.000 0.502
7650.000 0.505
7655.000 0.510
7660.000 0.509
7665.000 0.513
7670.000 0.519
7675.000 0.521
7680.000 0.529
7685.000 0.533
7690.000 0.543
7695.000 0.543
7700.000 0.550
7705.000 0.563
7710.000 0.573
7715.000 0.585
7720.000 0.600
7725.000 0.612
7730.000 0.629
7735.000 0.648
7740.000 0.665
7745.000 0.685
7750.000 0.715
7755.000 0.739
7760.000 0.769
7765.000 0.804
7770.000 0.845
7775.000 0.888
7780.000 0.938
7785.000 0.991
7790.000 1.057
7795.000 1.131
7800.000 1.220
7805.000 1.323
7810.000 1.441
7815.000 1.590
7820.000 1.590
7825.000 1.773
7830.000 1.992
7835.000 2.273
7840.000 2.618
7845.000 3.049
7850.000 3.576
7855.000 4.147
7860.000 4.682
7865.000 4.870
7870.000 4.501
7875.000 3.745
7880.000 3.065
7885.000 2.559
7890.000 2.193
7895.000 1.909
7900.000 1.688
7905.000 1.516
7910.000 1.374
7915.000 1.258
7920.000 1.178
7925.000 1.089
7930.000 1.019
7935.000 0.958
7940.000 0.903
7945.000 0.903
7950.000 0.858
7955.000 0.820
7960.000 0.782
7965.000 0.749
7970.000 0.717
7975.000 0.697
7980.000 0.671
7985.000 0.650
7990.000 0.627
7995.000 0.613
8000.000 0.598
8005.000 0.586
8010.000 0.575
8015.000 0.560
8020.000 0.545
8025.000 0.525
8030.000 0.497
8035.000 0.473
8040.000 0.465
8045.000 0.462
8050.000 0.455
8055.000 0.451
8060.000 0.451
8065.000 0.449
8070.000 0.444
8075.000 0.443
8080.000 0.437
8085.000 0.438
8090.000 0.451
8095.000 0.465
8100.000 0.488
8105.000 0.502
8110.000 0.503
8115.000 0.496
8120.000 0.497
8125.000 0.495
8130.000 0.498
8135.000 0.500
8140.000 0.501
8145.000 0.514
8150.000 0.513
8155.000 0.520
8160.000 0.530
8165.000 0.543
8170.000 0.550
8175.000 0.563
8180.000 0.563
8185.000 0.571
8190.000 0.589
8195.000 0.605
8200.000 0.623
8205.000 0.640
8210.000 0.660
8215.000 0.684
8220.000 0.714
8225.000 0.743
8230.000 0.770
8235.000 0.809
8240.000 0.855
8245.000 0.903
8250.000 0.954
8255.000 1.014
8260.000 1.089
8265.000 1.172
8270.000 1.273
8275.000 1.392
8280.000 1.532
8285.000 1.708
8290.000 1.914
8295.000 2.170
8300.000 2.481
8305.000 2.877
8310.000 2.877
8315.000 3.344
8320.000 3.839
8325.000 4.258
8330.000 4.380
8335.000 4.048
8340.000 3.394
8345.000 2.794
8350.000 2.348
8355.000 2.021
8360.000 1.755
8365.000 1.566
8370.000 1.404
8375.000 1.280
8380.000 1.168
8385.000 1.079
8390.000 0.998
8395.000 0.930
8400.000 0.869
8405.000 0.816
8410.000 0.770
8415.000 0.733
8420.000 0.698
8425.000 0.666
8430.000 0.644
8435.000 0.644
8440.000 0.634
8445.000 0.637
8450.000 0.637
8455.000 0.624
8460.000 0.609
8465.000 0.587
8470.000 0.572
8475.000 0.554
8480.000 0.538
8485.000 0.528
8490.000 0.516
8495.000 0.509
8500.000 0.498
8505.000 0.492
8510.000 0.484
8515.000 0.478
8520.000 0.472
8525.000 0.470
8530.000 0.468
8535.000 0.464
8540.000 0.463
8545.000 0.459
8550.000 0.458
8555.000 0.459
8560.000 0.466
8565.000 0.463
8570.000 0.467
8575.000 0.468
8580.000 0.471
8585.000 0.477
8590.000 0.482
8595.000 0.486
8600.000 0.486
8605.000 0.485
8610.000 0.472
8615.000 0.468
8620.000 0.476
8625.000 0.488
8630.000 0.499
8635.000 0.506
8640.000 0.521
8645.000 0.534
8650.000 0.549
8655.000 0.562
8660.000 0.578
8665.000 0.602
8670.000 0.602
8675.000 0.621
8680.000 0.645
8685.000 0.666
8690.000 0.698
8695.000 0.729
8700.000 0.765
8705.000 0.803
8710.000 0.851
8715.000 0.899
8720.000 0.962
8725.000 1.033
8730.000 1.120
8735.000 1.224
8740.000 1.347
8745.000 1.486
8750.000 1.665
8755.000 1.880
8760.000 2.144
8765.000 2.473
8770.000 2.860
8775.000 3.297
8780.000 3.695
8785.000 3.907
8790.000 3.831
8795.000 3.831
8800.000 3.449
8805.000 2.966
8810.000 2.530
8815.000 2.160
8820.000 1.866
8825.000 1.633
8830.000 1.461
8835.000 1.319
8840.000 1.194
8845.000 1.096
8850.000 1.017
8855.000 0.943
8860.000 0.881
8865.000 0.830
8870.000 0.783
8875.000 0.743
8880.000 0.706
8885.000 0.675
8890.000 0.649
8895.000 0.622
8900.000 0.599
8905.000 0.578
8910.000 0.562
8915.000 0.547
8920.000 0.547
8925.000 0.528
8930.000 0.516
8935.000 0.502
8940.000 0.486
8945.000 0.479
8950.000 0.472
8955.000 0.459
8960.000 0.453
8965.000 0.446
8970.000 0.440
8975.000 0.434
8980.000 0.431
8985.000 0.425
8990.000 0.422
8995.000 0.421
9000.000 0.420
9005.000 0.421
9010.000 0.420
9015.000 0.423
9020.000 0.421
9025.000 0.420
9030.000 0.419
9035.000 0.421
9040.000 0.425
9045.000 0.425
9050.000 0.427
9055.000 0.429
9060.000 0.433
9065.000 0.436
9070.000 0.444
9075.000 0.447
9080.000 0.451
9085.000 0.464
9090.000 0.470
9095.000 0.474
9100.000 0.488
9105.000 0.498
9110.000 0.507
9115.000 0.522
9120.000 0.536
9125.000 0.552
9130.000 0.571
9135.000 0.591
9140.000 0.615
9145.000 0.640
9150.000 0.665
9155.000 0.665
9160.000 0.697
9165.000 0.735
9170.000 0.775
9175.000 0.818
9180.000 0.876
9185.000 0.939
9190.000 1.008
9195.000 1.092
9200.000 1.192
9205.000 1.322
9210.000 1.469
9215.000 1.651
9220.000 1.873
9225.000 2.157
9230.000 2.480
9235.000 2.851
9240.000 3.227
9245.000 3.461
9250.000 3.440
9255.000 3.104
9260.000 2.612
9265.000 2.188
9270.000 1.858
9275.000 1.616
9280.000 1.616
9285.000 1.420
9290.000 1.270
9295.000 1.144
9300.000 1.041
9305.000 0.964
9310.000 0.887
9315.000 0.827
9320.000 0.775
9325.000 0.729
9330.000 0.682
9335.000 0.649
9340.000 0.616
9345.000 0.590
9350.000 0.563
9355.000 0.543
9360.000 0.522
9365.000 0.503
9370.000 0.490
9375.000 0.471
9380.000 0.460
9385.000 0.447
9390.000 0.438
9395.000 0.427
9400.000 0.419
9405.000 0.419
9410.000 0.409
9415.000 0.404
9420.000 0.399
9425.000 0.392
9430.000 0.385
9435.000 0.381
9440.000 0.378
9445.000 0.375
9450.000 0.373
9455.000 0.370
9460.000 0.364
9465.000 0.363
9470.000 0.358
9475.000 0.358
9480.000 0.358
9485.000 0.359
9490.000 0.352
9495.000 0.358
9500.000 0.358
9505.000 0.361
9510.000 0.366
9515.000 0.369
9520.000 0.371
9525.000 0.373
9530.000 0.373
9535.000 0.378
9540.000 0.384
9545.000 0.388
9550.000 0.397
9555.000 0.405
9560.000 0.410
9565.000 0.420
9570.000 0.431
9575.000 0.440
9580.000 0.451
9585.000 0.468
9590.000 0.478
9595.000 0.494
9600.000 0.514
9605.000 0.537
9610.000 0.557
9615.000 0.582
9620.000 0.613
9625.000 0.639
9630.000 0.680
9635.000 0.720
9640.000 0.720
9645.000 0.767
9650.000 0.820
9655.000 0.884
9660.000 0.963
9665.000 1.055
9670.000 1.160
9675.000 1.276
9680.000 1.422
9685.000 1.615
9690.000 1.856
9695.000 2.132
9700.000 2.434
9705.000 2.726
9710.000 2.890
9715.000 2.852
9720.000 2.611
9725.000 2.253
9730.000 1.909
9735.000 1.620
9740.000 1.405
9745.000 1.235
9750.000 1.098
9755.000 0.987
9760.000 0.899
9765.000 0.899
9770.000 0.824
9775.000 0.761
9780.000 0.710
9785.000 0.664
9790.000 0.626
9795.000 0.590
9800.000 0.560
9805.000 0.534
9810.000 0.510
9815.000 0.489
9820.000 0.467
9825.000 0.451
9830.000 0.434
9835.000 0.423
9840.000 0.409
9845.000 0.396
9850.000 0.386
9855.000 0.377
9860.000 0.369
9865.000 0.360
9870.000 0.353
9875.000 0.347
9880.000 0.339
9885.000 0.333
9890.000 0.333
9895.000 0.325
9900.000 0.322
9905.000 0.321
9910.000 0.318
9915.000 0.317
9920.000 0.310
9925.000 0.308
9930.000 0.304
9935.000 0.304
9940.000 0.304
9945.000 0.303
9950.000 0.298
9955.000 0.299
9960.000 0.294
9965.000 0.295
9970.000 0.298
9975.000 0.304
9980.000 0.310
9985.000 0.322
9990.000 0.334
9995.000 0.341
10000.000 0.350
10005.000 0.354
10010.000 0.359
10015.000 0.359
10020.000 0.364
10025.000 0.368
10030.000 0.375
10035.000 0.385
10040.000 0.394
10045.000 0.406
10050.000 0.418
10055.000 0.428
10060.000 0.438
10065.000 0.458
10070.000 0.475
10075.000 0.493
10080.000 0.516
10085.000 0.542
10090.000 0.572
10095.000 0.605
10100.000 0.644
10105.000 0.683
10110.000 0.734
10115.000 0.794
10120.000 0.865
10125.000 0.946
10130.000 0.946
10135.000 1.045
10140.000 1.167
10145.000 1.318
10150.000 1.513
10155.000 1.713
10160.000 1.947
10165.000 2.223
10170.000 2.455
10175.000 2.567
10180.000 2.473
10185.000 2.183
10190.000 1.850
10195.000 1.573
10200.000 1.361
10205.000 1.188
10210.000 1.057
10215.000 0.946
10220.000 0.861
10225.000 0.789
10230.000 0.727
10235.000 0.676
10240.000 0.629
10245.000 0.593
10250.000 0.557
10255.000 0.557
10260.000 0.527
10265.000 0.503
10270.000 0.479
10275.000 0.457
10280.000 0.433
10285.000 0.419
10290.000 0.402
10295.000 0.390
10300.000 0.374
10305.000 0.366
10310.000 0.353
10315.000 0.344
10320.000 0.335
10325.000 0.328
10330.000 0.319
10335.000 0.317
10340.000 0.310
10345.000 0.305
10350.000 0.302
10355.000 0.296
10360.000 0.292
10365.000 0.291
10370.000 0.287
10375.000 0.286
10380.000 0.286
10385.000 0.282
10390.000 0.279
10395.000 0.278
10400.000 0.278
10405.000 0.280
10410.000 0.276
10415.000 0.277
10420.000 0.278
10425.000 0.279
10430.000 0.281
10435.000 0.282
10440.000 0.284
10445.000 0.287
10450.000 0.286
10455.000 0.293
10460.000 0.294
10465.000 0.299
10470.000 0.302
10475.000 0.310
10480.000 0.315
10485.000 0.322
10490.000 0.326
10495.000 0.337
10500.000 0.345
10505.000 0.345
10510.000 0.354
10515.000 0.367
10520.000 0.378
10525.000 0.391
10530.000 0.405
10535.000 0.419
10540.000 0.441
10545.000 0.462
10550.000 0.489
10555.000 0.517
10560.000 0.546
10565.000 0.584
10570.000 0.623
10575.000 0.673
10580.000 0.730
10585.000 0.798
10590.000 0.884
10595.000 0.981
10600.000 1.089
10605.000 1.241
10610.000 1.409
10615.000 1.409
10620.000 1.608
10625.000 1.836
10630.000 2.067
10635.000 2.221
10640.000 2.234
10645.000 2.060
10650.000 1.780
10655.000 1.515
10660.000 1.304
10665.000 1.136
10670.000 1.003
10675.000 0.880
10680.000 0.800
10685.000 0.731
10690.000 0.672
10695.000 0.620
10700.000 0.577
10705.000 0.544
10710.000 0.511
10715.000 0.481
10720.000 0.456
10725.000 0.437
10730.000 0.413
10735.000 0.397
10740.000 0.397
10745.000 0.384
10750.000 0.372
10755.000 0.353
10760.000 0.346
10765.000 0.335
10770.000 0.324
10775.000 0.315
10780.000 0.308
10785.000 0.297
10790.000 0.294
10795.000 0.289
10800.000 0.283
10805.000 0.280
10810.000 0.278
10815.000 0.272
10820.000 0.264
10825.000 0.265
10830.000 0.260
10835.000 0.258
10840.000 0.260
10845.000 0.257
10850.000 0.255
10855.000 0.254
10860.000 0.251
10865.000 0.251
10870.000 0.252
10875.000 0.254
10880.000 0.252
10885.000 0.251
10890.000 0.250
10895.000 0.253
10900.000 0.255
10905.000 0.255
10910.000 0.259
10915.000 0.262
10920.000 0.264
10925.000 0.268
10930.000 0.272
10935.000 0.277
10940.000 0.282
10945.000 0.287
10950.000 0.291
10955.000 0.300
10960.000 0.306
10965.000 0.313
10970.000 0.323
10975.000 0.332
10980.000 0.344
10985.000 0.355
10990.000 0.355
10995.000 0.370
11000.000 0.387
11005.000 0.403
11010.000 0.422
11015.000 0.445
11020.000 0.468
11025.000 0.495
11030.000 0.534
11035.000 0.573
11040.000 0.618
11045.000 0.672
11050.000 0.733
11055.000 0.803
11060.000 0.906
11065.000 1.028
11070.000 1.160
11075.000 1.316
11080.000 1.505
11085.000 1.695
11090.000 1.846
11095.000 1.910
11100.000 1.910
11105.000 1.834
11110.000 1.634
11115.000 1.399
11120.000 1.235
11125.000 1.063
11130.000 0.935
11135.000 0.831
11140.000 0.747
11145.000 0.675
11150.000 0.619
11155.000 0.574
11160.000 0.532
11165.000 0.492
11170.000 0.463
11175.000 0.439
11180.000 0.416
11185.000 0.396
11190.000 0.376
11195.000 0.361
11200.000 0.345
11205.000 0.333
11210.000 0.319
11215.000 0.308
11220.000 0.298
11225.000 0.298
11230.000 0.290
11235.000 0.282
11240.000 0.274
11245.000 0.264
11250.000 0.262
11255.000 0.257
11260.000 0.251
11265.000 0.243
11270.000 0.242
11275.000 0.239
11280.000 0.236
11285.000 0.234
11290.000 0.230
11295.000 0.229
11300.000 0.230
11305.000 0.224
11310.000 0.224
11315.000 0.225
11320.000 0.223
11325.000 0.222
11330.000 0.222
11335.000 0.223
11340.000 0.225
11345.000 0.223
11350.000 0.223
11355.000 0.227
11360.000 0.225
11365.000 0.227
11370.000 0.228
11375.000 0.229
11380.000 0.234
11385.000 0.238
11390.000 0.240
11395.000 0.246
11400.000 0.250
11405.000 0.254
11410.000 0.259
11415.000 0.267
11420.000 0.275
11425.000 0.279
11430.000 0.289
11435.000 0.299
11440.000 0.308
11445.000 0.320
11450.000 0.333
11455.000 0.345
11460.000 0.363
11465.000 0.381
11470.000 0.396
11475.000 0.396
11480.000 0.420
11485.000 0.438
11490.000 0.471
11495.000 0.506
11500.000 0.542
11505.000 0.588
11510.000 0.641
11515.000 0.705
11520.000 0.778
11525.000 0.880
11530.000 0.994
11535.000 1.120
11540.000 1.272
11545.000 1.423
11550.000 1.540
11555.000 1.590
11560.000 1.533
11565.000 1.383
11570.000 1.196
11575.000 1.026
11580.000 0.894
11585.000 0.894
11590.000 0.786
11595.000 0.703
11600.000 0.636
11605.000 0.576
11610.000 0.529
11615.000 0.490
11620.000 0.455
11625.000 0.426
11630.000 0.401
11635.000 0.376
11640.000 0.360
11645.000 0.338
11650.000 0.323
11655.000 0.310
11660.000 0.295
11665.000 0.284
11670.000 0.276
11675.000 0.267
11680.000 0.260
11685.000 0.252
11690.000 0.243
11695.000 0.239
11700.000 0.232
11705.000 0.221
11710.000 0.221
11715.000 0.220
11720.000 0.217
11725.000 0.213
11730.000 0.209
11735.000 0.206
11740.000 0.201
11745.000 0.199
11750.000 0.199
11755.000 0.198
11760.000 0.196
11765.000 0.196
11770.000 0.192
11775.000 0.192
11780.000 0.192
11785.000 0.189
11790.000 0.189
11795.000 0.190
11800.000 0.190
11805.000 0.190
11810.000 0.190
11815.000 0.192
11820.000 0.192
11825.000 0.196
11830.000 0.197
11835.000 0.197
11840.000 0.197
11845.000 0.204
11850.000 0.206
11855.000 0.213
11860.000 0.221
11865.000 0.228
11870.000 0.231
11875.000 0.240
11880.000 0.244
11885.000 0.250
11890.000 0.257
11895.000 0.264
11900.000 0.270
11905.000 0.279
11910.000 0.288
11915.000 0.296
11920.000 0.310
11925.000 0.321
11930.000 0.340
11935.000 0.356
11940.000 0.376
11945.000 0.394
11950.000 0.422
11955.000 0.453
11960.000 0.486
11965.000 0.486
11970.000 0.524
11975.000 0.574
11980.000 0.629
11985.000 0.695
11990.000 0.777
11995.000 0.868
12000.000 0.973
