105.000 0.115
110.000 0.147
115.000 0.156
120.000 0.112
125.000 0.145
130.000 0.159
135.000 0.133
140.000 0.181
145.000 0.208
150.000 0.197
155.000 0.167
160.000 0.270
165.000 0.170
170.000 0.226
175.000 0.268
180.000 0.243
185.000 0.250
190.000 0.274
195.000 0.281
200.000 0.294
205.000 0.346
210.000 0.304
215.000 0.304
220.000 0.345
225.000 0.377
230.000 0.412
235.000 0.431
240.000 0.548
245.000 0.621
250.000 0.647
255.000 0.669
260.000 0.572
265.000 0.672
270.000 0.782
275.000 0.740
280.000 0.737
285.000 0.817
290.000 0.877
295.000 1.001
300.000 0.910
305.000 0.955
310.000 1.169
315.000 1.121
320.000 1.436
325.000 1.599
330.000 1.638
335.000 1.520
340.000 1.520
345.000 2.105
350.000 1.995
355.000 2.614
360.000 3.243
365.000 3.920
370.000 4.073
375.000 5.816
380.000 6.604
385.000 9.498
390.000 11.708
395.000 13.948
400.000 14.140
405.000 11.562
410.000 9.467
415.000 6.891
420.000 6.265
425.000 5.751
430.000 5.387
435.000 5.211
440.000 4.681
445.000 4.430
450.000 4.430
455.000 4.402
460.000 3.953
465.000 4.153
470.000 3.607
475.000 3.694
480.000 3.561
485.000 3.409
490.000 2.992
495.000 2.929
500.000 2.926
505.000 2.679
510.000 2.569
515.000 2.427
520.000 2.402
525.000 2.369
530.000 2.151
535.000 2.080
540.000 1.904
545.000 1.857
550.000 1.748
555.000 1.631
560.000 1.552
565.000 1.494
570.000 1.467
575.000 1.467
580.000 1.390
585.000 1.304
590.000 1.276
595.000 1.241
600.000 1.202
605.000 1.163
610.000 1.110
615.000 1.093
620.000 1.091
625.000 1.047
630.000 1.035
635.000 1.018
640.000 1.012
645.000 0.990
650.000 0.990
655.000 0.996
660.000 1.022
665.000 0.995
670.000 1.010
675.000 0.995
680.000 1.020
685.000 1.031
690.000 1.068
695.000 1.078
700.000 1.078
705.000 1.151
710.000 1.237
715.000 1.225
720.000 1.348
725.000 1.373
730.000 1.468
735.000 1.604
740.000 1.723
745.000 1.882
750.000 2.217
755.000 2.629
760.000 3.087
765.000 3.868
770.000 4.846
775.000 5.897
780.000 6.611
785.000 5.780
790.000 3.522
795.000 2.414
800.000 1.851
805.000 1.512
810.000 1.267
815.000 1.130
820.000 1.008
825.000 1.008
830.000 0.840
835.000 0.749
840.000 0.696
845.000 0.625
850.000 0.563
855.000 0.533
860.000 0.473
865.000 0.445
870.000 0.422
875.000 0.390
880.000 0.373
885.000 0.346
890.000 0.331
895.000 0.297
900.000 0.278
905.000 0.262
910.000 0.256
915.000 0.248
920.000 0.259
925.000 0.248
930.000 0.203
935.000 0.189
940.000 0.189
945.000 0.193
950.000 0.181
955.000 0.175
960.000 0.186
965.000 0.178
970.000 0.183
975.000 0.177
980.000 0.171
985.000 0.178
990.000 0.181
995.000 0.182
1000.000 0.185
1005.000 0.166
1010.000 0.171
1015.000 0.179
1020.000 0.175
1025.000 0.178
1030.000 0.188
1035.000 0.179
1040.000 0.189
1045.000 0.185
1050.000 0.196
1055.000 0.202
1060.000 0.208
1065.000 0.208
1070.000 0.240
1075.000 0.229
1080.000 0.235
1085.000 0.292
1090.000 0.277
1095.000 0.310
1100.000 0.326
1105.000 0.351
1110.000 0.429
1115.000 0.432
1120.000 0.520
1125.000 0.608
1130.000 0.691
1135.000 0.819
1140.000 1.023
1145.000 1.310
1150.000 1.603
1155.000 2.095
1160.000 2.491
1165.000 2.432
1170.000 1.784
1175.000 1.254
1180.000 0.968
1185.000 0.840
1190.000 0.840
1195.000 0.717
1200.000 0.648
1205.000 0.593
1210.000 0.546
1215.000 0.527
1220.000 0.463
1225.000 0.446
1230.000 0.418
1235.000 0.419
1240.000 0.402
1245.000 0.380
1250.000 0.384
1255.000 0.378
1260.000 0.365
1265.000 0.349
1270.000 0.338
1275.000 0.333
1280.000 0.354
1285.000 0.326
1290.000 0.342
1295.000 0.337
1300.000 0.320
1305.000 0.338
1310.000 0.334
1315.000 0.334
1320.000 0.322
1325.000 0.323
1330.000 0.345
1335.000 0.340
1340.000 0.348
1345.000 0.340
1350.000 0.367
1355.000 0.374
1360.000 0.371
1365.000 0.397
1370.000 0.405
1375.000 0.394
1380.000 0.407
1385.000 0.410
1390.000 0.432
1395.000 0.460
1400.000 0.465
1405.000 0.488
1410.000 0.497
1415.000 0.521
1420.000 0.541
1425.000 0.541
1430.000 0.578
1435.000 0.601
1440.000 0.636
1445.000 0.659
1450.000 0.706
1455.000 0.742
1460.000 0.798
1465.000 0.862
1470.000 0.929
1475.000 1.000
1480.000 1.092
1485.000 1.195
1490.000 1.323
1495.000 1.480
1500.000 1.674
1505.000 1.925
1510.000 2.231
1515.000 2.647
1520.000 3.158
1525.000 3.902
1530.000 4.777
1535.000 5.782
1540.000 6.479
1545.000 6.327
1550.000 6.327
1555.000 5.100
1560.000 3.810
1565.000 3.112
1570.000 2.613
1575.000 2.292
1580.000 2.022
1585.000 1.817
1590.000 1.662
1595.000 1.535
1600.000 1.420
1605.000 1.333
1610.000 1.250
1615.000 1.191
1620.000 1.122
1625.000 1.074
1630.000 1.030
1635.000 0.994
1640.000 0.956
1645.000 0.932
1650.000 0.891
1655.000 0.869
1660.000 0.844
1665.000 0.826
1670.000 0.798
1675.000 0.798
1680.000 0.773
1685.000 0.754
1690.000 0.733
1695.000 0.708
1700.000 0.691
1705.000 0.665
1710.000 0.649
1715.000 0.628
1720.000 0.610
1725.000 0.599
1730.000 0.592
1735.000 0.586
1740.000 0.579
1745.000 0.592
1750.000 0.628
1755.000 0.648
1760.000 0.673
1765.000 0.708
1770.000 0.823
1775.000 0.823
1780.000 0.892
1785.000 0.961
1790.000 1.031
1795.000 1.096
1800.000 1.096
1805.000 1.183
1810.000 1.280
1815.000 1.372
1820.000 1.465
1825.000 1.588
1830.000 1.678
1835.000 1.809
1840.000 1.970
1845.000 2.111
1850.000 2.273
1855.000 2.460
1860.000 2.748
1865.000 2.987
1870.000 3.267
1875.000 3.528
1880.000 4.066
1885.000 4.417
1890.000 5.071
1895.000 5.803
1900.000 6.605
1905.000 7.472
1910.000 8.673
1915.000 9.574
1920.000 9.702
1925.000 10.550
1930.000 10.607
1935.000 9.912
1940.000 8.728
1945.000 7.595
1950.000 6.779
1955.000 6.030
1960.000 5.357
1965.000 4.877
1970.000 4.568
1975.000 4.079
1980.000 3.922
1985.000 3.581
1990.000 3.363
1995.000 3.194
2000.000 3.077
2005.000 2.908
2010.000 2.810
2015.000 2.681
2020.000 2.571
2025.000 2.505
2030.000 2.408
2035.000 2.408
2040.000 2.357
2045.000 2.277
2050.000 2.227
2055.000 2.186
2060.000 2.126
2065.000 2.094
2070.000 2.055
2075.000 2.017
2080.000 1.994
2085.000 1.960
2090.000 1.933
2095.000 1.913
2100.000 1.893
2105.000 1.882
2110.000 1.864
2115.000 1.857
2120.000 1.845
2125.000 1.832
2130.000 1.826
2135.000 1.829
2140.000 1.832
2145.000 1.836
2150.000 1.845
2155.000 1.850
2160.000 1.850
2165.000 1.862
2170.000 1.873
2175.000 1.894
2180.000 1.916
2185.000 1.942
2190.000 1.964
2195.000 1.997
2200.000 2.039
2205.000 2.080
2210.000 2.125
2215.000 2.187
2220.000 2.248
2225.000 2.319
2230.000 2.395
2235.000 2.489
2240.000 2.599
2245.000 2.700
2250.000 2.844
2255.000 3.005
2260.000 3.182
2265.000 3.395
2270.000 3.648
2275.000 3.955
2280.000 4.305
2285.000 4.305
2290.000 4.734
2295.000 5.261
2300.000 5.898
2305.000 6.629
2310.000 7.478
2315.000 8.384
2320.000 9.169
2325.000 9.604
2330.000 9.409
2335.000 8.551
2340.000 7.380
2345.000 6.279
2350.000 5.390
2355.000 4.698
2360.000 4.140
2365.000 3.693
2370.000 3.330
2375.000 3.027
2380.000 2.771
2385.000 2.559
2390.000 2.378
2395.000 2.223
2400.000 2.085
2405.000 1.970
2410.000 1.970
2415.000 1.852
2420.000 1.758
2425.000 1.675
2430.000 1.607
2435.000 1.542
2440.000 1.487
2445.000 1.431
2450.000 1.388
2455.000 1.342
2460.000 1.300
2465.000 1.270
2470.000 1.244
2475.000 1.212
2480.000 1.184
2485.000 1.164
2490.000 1.152
2495.000 1.138
2500.000 1.123
2505.000 1.110
2510.000 1.102
2515.000 1.091
2520.000 1.091
2525.000 1.091
2530.000 1.082
2535.000 1.082
2540.000 1.081
2545.000 1.087
2550.000 1.091
2555.000 1.094
2560.000 1.105
2565.000 1.118
2570.000 1.127
2575.000 1.144
2580.000 1.167
2585.000 1.187
2590.000 1.220
2595.000 1.250
2600.000 1.284
2605.000 1.316
2610.000 1.368
2615.000 1.417
2620.000 1.480
2625.000 1.554
2630.000 1.622
2635.000 1.721
2640.000 1.833
2645.000 1.833
2650.000 1.960
2655.000 2.103
2660.000 2.291
2665.000 2.512
2670.000 2.790
2675.000 3.135
2680.000 3.576
2685.000 4.136
2690.000 4.844
2695.000 5.747
2700.000 6.839
2705.000 7.913
2710.000 8.495
2715.000 7.967
2720.000 6.385
2725.000 4.911
2730.000 3.989
2735.000 3.354
2740.000 2.886
2745.000 2.528
2750.000 2.258
2755.000 2.026
2760.000 1.845
2765.000 1.701
2770.000 1.570
2775.000 1.570
2780.000 1.466
2785.000 1.376
2790.000 1.291
2795.000 1.220
2800.000 1.159
2805.000 1.103
2810.000 1.060
2815.000 1.017
2820.000 0.972
2825.000 0.946
2830.000 0.911
2835.000 0.891
2840.000 0.861
2845.000 0.840
2850.000 0.824
2855.000 0.800
2860.000 0.787
2865.000 0.771
2870.000 0.763
2875.000 0.755
2880.000 0.742
2885.000 0.739
2890.000 0.732
2895.000 0.729
2900.000 0.729
2905.000 0.729
2910.000 0.723
2915.000 0.722
2920.000 0.721
2925.000 0.729
2930.000 0.731
2935.000 0.738
2940.000 0.745
2945.000 0.752
2950.000 0.761
2955.000 0.777
2960.000 0.791
2965.000 0.806
2970.000 0.827
2975.000 0.847
2980.000 0.873
2985.000 0.900
2990.000 0.931
2995.000 0.974
3000.000 1.010
3005.000 1.058
3010.000 1.058
3015.000 1.114
3020.000 1.173
3025.000 1.246
3030.000 1.333
3035.000 1.436
3040.000 1.558
3045.000 1.702
3050.000 1.883
3055.000 2.109
3060.000 2.394
3065.000 2.774
3070.000 3.277
3075.000 3.920
3080.000 4.743
3085.000 5.708
3090.000 6.535
3095.000 6.637
3100.000 5.578
3105.000 4.078
3110.000 3.213
3115.000 2.654
3120.000 2.261
3125.000 1.962
3130.000 1.734
3135.000 1.734
3140.000 1.561
3145.000 1.413
3150.000 1.299
3155.000 1.200
3160.000 1.113
3165.000 1.041
3170.000 0.977
3175.000 0.922
3180.000 0.878
3185.000 0.834
3190.000 0.798
3195.000 0.769
3200.000 0.743
3205.000 0.710
3210.000 0.696
3215.000 0.668
3220.000 0.652
3225.000 0.632
3230.000 0.621
3235.000 0.610
3240.000 0.601
3245.000 0.588
3250.000 0.582
3255.000 0.574
3260.000 0.574
3265.000 0.564
3270.000 0.561
3275.000 0.561
3280.000 0.551
3285.000 0.552
3290.000 0.552
3295.000 0.547
3300.000 0.554
3305.000 0.553
3310.000 0.560
3315.000 0.562
3320.000 0.566
3325.000 0.571
3330.000 0.586
3335.000 0.591
3340.000 0.602
3345.000 0.611
3350.000 0.627
3355.000 0.643
3360.000 0.666
3365.000 0.684
3370.000 0.710
3375.000 0.739
3380.000 0.765
3385.000 0.765
3390.000 0.800
3395.000 0.843
3400.000 0.887
3405.000 0.945
3410.000 1.009
3415.000 1.080
3420.000 1.168
3425.000 1.275
3430.000 1.401
3435.000 1.555
3440.000 1.754
3445.000 2.015
3450.000 2.347
3455.000 2.786
3460.000 3.366
3465.000 4.087
3470.000 4.863
3475.000 5.395
3480.000 5.182
3485.000 4.101
3490.000 3.018
3495.000 3.018
3500.000 2.442
3505.000 2.029
3510.000 1.742
3515.000 1.523
3520.000 1.358
3525.000 1.217
3530.000 1.106
3535.000 1.020
3540.000 0.947
3545.000 0.879
3550.000 0.829
3555.000 0.787
3560.000 0.740
3565.000 0.703
3570.000 0.675
3575.000 0.646
3580.000 0.619
3585.000 0.601
3590.000 0.577
3595.000 0.559
3600.000 0.545
3605.000 0.531
3610.000 0.519
3615.000 0.511
3620.000 0.511
3625.000 0.498
3630.000 0.490
3635.000 0.481
3640.000 0.479
3645.000 0.469
3650.000 0.467
3655.000 0.459
3660.000 0.460
3665.000 0.459
3670.000 0.461
3675.000 0.457
3680.000 0.452
3685.000 0.456
3690.000 0.460
3695.000 0.462
3700.000 0.468
3705.000 0.469
3710.000 0.474
3715.000 0.484
3720.000 0.494
3725.000 0.500
3730.000 0.515
3735.000 0.528
3740.000 0.541
3745.000 0.541
3750.000 0.554
3755.000 0.575
3760.000 0.597
3765.000 0.614
3770.000 0.646
3775.000 0.671
3780.000 0.707
3785.000 0.746
3790.000 0.793
3795.000 0.849
3800.000 0.911
3805.000 0.989
3810.000 1.077
3815.000 1.185
3820.000 1.320
3825.000 1.495
3830.000 1.718
3835.000 2.003
3840.000 2.395
3845.000 2.902
3850.000 3.536
3855.000 4.170
3860.000 4.529
3865.000 4.178
3870.000 4.178
3875.000 3.176
3880.000 2.384
3885.000 1.934
3890.000 1.615
3895.000 1.398
3900.000 1.203
3905.000 1.075
3910.000 0.973
3915.000 0.894
3920.000 0.814
3925.000 0.761
3930.000 0.709
3935.000 0.666
3940.000 0.630
3945.000 0.596
3950.000 0.568
3955.000 0.543
3960.000 0.527
3965.000 0.501
3970.000 0.480
3975.000 0.467
3980.000 0.467
3985.000 0.454
3990.000 0.440
3995.000 0.430
4000.000 0.419
4005.000 0.412
4010.000 0.405
4015.000 0.398
4020.000 0.390
4025.000 0.386
4030.000 0.379
4035.000 0.378
4040.000 0.374
4045.000 0.374
4050.000 0.371
4055.000 0.372
4060.000 0.370
4065.000 0.373
4070.000 0.373
4075.000 0.375
4080.000 0.375
4085.000 0.379
4090.000 0.383
4095.000 0.390
4100.000 0.391
4105.000 0.391
4110.000 0.400
4115.000 0.410
4120.000 0.419
4125.000 0.429
4130.000 0.440
4135.000 0.456
4140.000 0.470
4145.000 0.485
4150.000 0.507
4155.000 0.529
4160.000 0.556
4165.000 0.579
4170.000 0.617
4175.000 0.654
4180.000 0.703
4185.000 0.755
4190.000 0.819
4195.000 0.891
4200.000 0.983
4205.000 1.105
4210.000 1.252
4215.000 1.451
4220.000 1.701
4225.000 2.034
4230.000 2.034
4235.000 2.468
4240.000 2.989
4245.000 3.467
4250.000 3.643
4255.000 3.218
4260.000 2.401
4265.000 1.841
4270.000 1.515
4275.000 1.281
4280.000 1.105
4285.000 0.973
4290.000 0.871
4295.000 0.784
4300.000 0.714
4305.000 0.655
4310.000 0.609
4315.000 0.561
4320.000 0.520
4325.000 0.493
4330.000 0.456
4335.000 0.430
4340.000 0.405
4345.000 0.387
4350.000 0.372
4355.000 0.372
4360.000 0.359
4365.000 0.343
4370.000 0.331
4375.000 0.324
4380.000 0.318
4385.000 0.312
4390.000 0.307
4395.000 0.301
4400.000 0.295
4405.000 0.291
4410.000 0.289
4415.000 0.287
4420.000 0.289
4425.000 0.283
4430.000 0.284
4435.000 0.281
4440.000 0.288
4445.000 0.286
4450.000 0.287
4455.000 0.289
4460.000 0.294
4465.000 0.294
4470.000 0.298
4475.000 0.299
4480.000 0.304
4485.000 0.312
4490.000 0.319
4495.000 0.327
4500.000 0.335
4505.000 0.343
4510.000 0.352
4515.000 0.366
4520.000 0.378
4525.000 0.394
4530.000 0.416
4535.000 0.432
4540.000 0.455
4545.000 0.483
4550.000 0.512
4555.000 0.548
4560.000 0.587
4565.000 0.632
4570.000 0.692
4575.000 0.766
4580.000 0.843
4585.000 0.948
4590.000 1.072
4595.000 1.072
4600.000 1.237
4605.000 1.451
4610.000 1.734
4615.000 2.098
4620.000 2.546
4625.000 3.031
4630.000 3.367
4635.000 3.290
4640.000 2.718
4645.000 2.102
4650.000 1.725
4655.000 1.462
4660.000 1.274
4665.000 1.129
4670.000 1.021
4675.000 0.936
4680.000 0.866
4685.000 0.808
4690.000 0.755
4695.000 0.718
4700.000 0.676
4705.000 0.647
4710.000 0.621
4715.000 0.596
4720.000 0.596
4725.000 0.570
4730.000 0.555
4735.000 0.534
4740.000 0.518
4745.000 0.503
4750.000 0.491
4755.000 0.475
4760.000 0.460
4765.000 0.448
4770.000 0.439
4775.000 0.423
4780.000 0.412
4785.000 0.397
4790.000 0.384
4795.000 0.378
4800.000 0.369
4805.000 0.357
4810.000 0.346
4815.000 0.341
4820.000 0.331
4825.000 0.325
4830.000 0.319
4835.000 0.313
4840.000 0.310
4845.000 0.310
4850.000 0.308
4855.000 0.306
4860.000 0.308
4865.000 0.311
4870.000 0.319
4875.000 0.323
4880.000 0.334
4885.000 0.348
4890.000 0.366
4895.000 0.384
4900.000 0.405
4905.000 0.431
4910.000 0.458
4915.000 0.493
4920.000 0.533
4925.000 0.579
4930.000 0.632
4935.000 0.691
4940.000 0.758
4945.000 0.838
4950.000 0.937
4955.000 0.937
4960.000 1.048
4965.000 1.191
4970.000 1.362
4975.000 1.566
4980.000 1.830
4985.000 2.168
4990.000 2.602
4995.000 3.170
5000.000 3.880
5005.000 4.752
5010.000 5.668
5015.000 6.322
5020.000 6.274
5025.000 5.422
5030.000 4.398
5035.000 3.719
5040.000 3.232
5045.000 2.875
5050.000 2.614
5055.000 2.401
5060.000 2.235
5065.000 2.092
5070.000 1.978
5075.000 1.885
5080.000 1.885
5085.000 1.798
5090.000 1.726
5095.000 1.666
5100.000 1.612
5105.000 1.566
5110.000 1.519
5115.000 1.487
5120.000 1.452
5125.000 1.424
5130.000 1.395
5135.000 1.364
5140.000 1.345
5145.000 1.322
5150.000 1.305
5155.000 1.282
5160.000 1.266
5165.000 1.258
5170.000 1.240
5175.000 1.228
5180.000 1.218
5185.000 1.205
5190.000 1.197
5195.000 1.190
5200.000 1.183
5205.000 1.183
5210.000 1.174
5215.000 1.174
5220.000 1.167
5225.000 1.171
5230.000 1.165
5235.000 1.166
5240.000 1.172
5245.000 1.172
5250.000 1.173
5255.000 1.175
5260.000 1.179
5265.000 1.172
5270.000 1.177
5275.000 1.175
5280.000 1.181
5285.000 1.193
5290.000 1.241
5295.000 1.309
5300.000 1.398
5305.000 1.484
5310.000 1.581
5315.000 1.681
5320.000 1.794
5325.000 1.920
5330.000 1.920
5335.000 2.055
5340.000 2.213
5345.000 2.391
5350.000 2.610
5355.000 2.867
5360.000 3.185
5365.000 3.561
5370.000 4.051
5375.000 4.675
5380.000 5.452
5385.000 6.603
5390.000 7.834
5395.000 9.128
5400.000 10.011
5405.000 9.769
5410.000 8.170
5415.000 6.308
5420.000 5.070
5425.000 4.217
5430.000 3.616
5435.000 3.153
5440.000 3.153
5445.000 2.789
5450.000 2.503
5455.000 2.267
5460.000 2.074
5465.000 1.913
5470.000 1.773
5475.000 1.658
5480.000 1.558
5485.000 1.467
5490.000 1.387
5495.000 1.319
5500.000 1.262
5505.000 1.207
5510.000 1.161
5515.000 1.114
5520.000 1.079
5525.000 1.045
5530.000 1.012
5535.000 0.986
5540.000 0.962
5545.000 0.940
5550.000 0.920
5555.000 0.907
5560.000 0.892
5565.000 0.892
5570.000 0.879
5575.000 0.867
5580.000 0.859
5585.000 0.851
5590.000 0.845
5595.000 0.839
5600.000 0.838
5605.000 0.839
5610.000 0.838
5615.000 0.843
5620.000 0.846
5625.000 0.853
5630.000 0.860
5635.000 0.866
5640.000 0.879
5645.000 0.890
5650.000 0.912
5655.000 0.928
5660.000 0.947
5665.000 0.973
5670.000 0.995
5675.000 1.027
5680.000 1.062
5685.000 1.103
5690.000 1.103
5695.000 1.143
5700.000 1.192
5705.000 1.249
5710.000 1.317
5715.000 1.394
5720.000 1.485
5725.000 1.586
5730.000 1.707
5735.000 1.863
5740.000 2.045
5745.000 2.267
5750.000 2.550
5755.000 2.899
5760.000 3.358
5765.000 3.935
5770.000 4.687
5775.000 5.541
5780.000 6.413
5785.000 6.905
5790.000 6.572
5795.000 5.389
5800.000 4.192
5805.000 3.420
5810.000 2.881
5815.000 2.881
5820.000 2.488
5825.000 2.182
5830.000 1.948
5835.000 1.758
5840.000 1.613
5845.000 1.472
5850.000 1.372
5855.000 1.279
5860.000 1.197
5865.000 1.128
5870.000 1.069
5875.000 1.019
5880.000 0.970
5885.000 0.930
5890.000 0.892
5895.000 0.863
5900.000 0.838
5905.000 0.811
5910.000 0.790
5915.000 0.768
5920.000 0.749
5925.000 0.749
5930.000 0.738
5935.000 0.724
5940.000 0.711
5945.000 0.695
5950.000 0.694
5955.000 0.682
5960.000 0.676
5965.000 0.671
5970.000 0.666
5975.000 0.663
5980.000 0.665
5985.000 0.667
5990.000 0.668
5995.000 0.670
6000.000 0.673
6005.000 0.681
6010.000 0.688
6015.000 0.693
6020.000 0.703
6025.000 0.715
6030.000 0.728
6035.000 0.742
6040.000 0.755
6045.000 0.776
6050.000 0.776
6055.000 0.796
6060.000 0.821
6065.000 0.847
6070.000 0.879
6075.000 0.916
6080.000 0.958
6085.000 1.000
6090.000 1.054
6095.000 1.113
6100.000 1.183
6105.000 1.263
6110.000 1.352
6115.000 1.466
6120.000 1.605
6125.000 1.778
6130.000 1.980
6135.000 2.236
6140.000 2.554
6145.000 2.975
6150.000 3.516
6155.000 4.200
6160.000 4.974
6165.000 5.696
6170.000 6.001
6175.000 6.001
6180.000 5.506
6185.000 4.398
6190.000 3.452
6195.000 2.834
6200.000 2.414
6205.000 2.095
6210.000 1.846
6215.000 1.651
6220.000 1.505
6225.000 1.378
6230.000 1.271
6235.000 1.180
6240.000 1.109
6245.000 1.038
6250.000 0.981
6255.000 0.931
6260.000 0.893
6265.000 0.852
6270.000 0.821
6275.000 0.788
6280.000 0.764
6285.000 0.742
6290.000 0.723
6295.000 0.702
6300.000 0.702
6305.000 0.685
6310.000 0.667
6315.000 0.657
6320.000 0.647
6325.000 0.639
6330.000 0.626
6335.000 0.620
6340.000 0.612
6345.000 0.608
6350.000 0.610
6355.000 0.605
6360.000 0.602
6365.000 0.603
6370.000 0.602
6375.000 0.604
6380.000 0.608
6385.000 0.614
6390.000 0.615
6395.000 0.624
6400.000 0.629
6405.000 0.639
6410.000 0.654
6415.000 0.654
6420.000 0.666
6425.000 0.678
6430.000 0.694
6435.000 0.716
6440.000 0.734
6445.000 0.755
6450.000 0.782
6455.000 0.811
6460.000 0.844
6465.000 0.883
6470.000 0.924
6475.000 0.975
6480.000 1.031
6485.000 1.097
6490.000 1.171
6495.000 1.267
6500.000 1.371
6505.000 1.499
6510.000 1.658
6515.000 1.847
6520.000 2.091
6525.000 2.394
6530.000 2.799
6535.000 3.320
6540.000 3.320
6545.000 3.944
6550.000 4.642
6555.000 5.252
6560.000 5.454
6565.000 4.927
6570.000 3.932
6575.000 3.124
6580.000 2.587
6585.000 2.199
6590.000 1.917
6595.000 1.697
6600.000 1.524
6605.000 1.385
6610.000 1.270
6615.000 1.176
6620.000 1.093
6625.000 1.027
6630.000 0.967
6635.000 0.915
6640.000 0.873
6645.000 0.831
6650.000 0.798
6655.000 0.765
6660.000 0.740
6665.000 0.740
6670.000 0.717
6675.000 0.698
6680.000 0.678
6685.000 0.657
6690.000 0.644
6695.000 0.631
6700.000 0.616
6705.000 0.611
6710.000 0.599
6715.000 0.593
6720.000 0.586
6725.000 0.579
6730.000 0.576
6735.000 0.575
6740.000 0.573
6745.000 0.569
6750.000 0.575
6755.000 0.573
6760.000 0.575
6765.000 0.577
6770.000 0.581
6775.000 0.584
6780.000 0.595
6785.000 0.600
6790.000 0.600
6795.000 0.611
6800.000 0.624
6805.000 0.636
6810.000 0.646
6815.000 0.662
6820.000 0.683
6825.000 0.703
6830.000 0.723
6835.000 0.747
6840.000 0.779
6845.000 0.815
6850.000 0.848
6855.000 0.889
6860.000 0.941
6865.000 0.998
6870.000 1.073
6875.000 1.151
6880.000 1.242
6885.000 1.351
6890.000 1.480
6895.000 1.650
6900.000 1.650
6905.000 1.847
6910.000 2.099
6915.000 2.416
6920.000 2.834
6925.000 3.340
6930.000 3.924
6935.000 4.508
6940.000 4.874
6945.000 4.746
6950.000 4.045
6955.000 3.239
6960.000 2.627
6965.000 2.220
6970.000 1.915
6975.000 1.692
6980.000 1.508
6985.000 1.362
6990.000 1.252
6995.000 1.147
7000.000 1.065
7005.000 0.994
7010.000 0.933
7015.000 0.883
7020.000 0.837
7025.000 0.837
7030.000 0.797
7035.000 0.761
7040.000 0.731
7045.000 0.702
7050.000 0.680
7055.000 0.658
7060.000 0.639
7065.000 0.628
7070.000 0.606
7075.000 0.592
7080.000 0.583
7085.000 0.569
7090.000 0.558
7095.000 0.549
7100.000 0.546
7105.000 0.538
7110.000 0.535
7115.000 0.528
7120.000 0.528
7125.000 0.529
7130.000 0.523
7135.000 0.523
7140.000 0.525
7145.000 0.528
7150.000 0.528
7155.000 0.529
7160.000 0.533
7165.000 0.536
7170.000 0.541
7175.000 0.547
7180.000 0.556
7185.000 0.567
7190.000 0.577
7195.000 0.591
7200.000 0.602
7205.000 0.617
7210.000 0.640
7215.000 0.658
7220.000 0.682
7225.000 0.704
7230.000 0.737
7235.000 0.768
7240.000 0.807
7245.000 0.854
7250.000 0.908
7255.000 0.962
7260.000 1.035
7265.000 1.114
7270.000 1.217
7275.000 1.217
7280.000 1.329
7285.000 1.474
7290.000 1.652
7295.000 1.875
7300.000 2.158
7305.000 2.515
7310.000 2.976
7315.000 3.512
7320.000 4.070
7325.000 4.476
7330.000 4.454
7335.000 3.888
7340.000 3.101
7345.000 2.520
7350.000 2.120
7355.000 1.822
7360.000 1.600
7365.000 1.413
7370.000 1.274
7375.000 1.163
7380.000 1.072
7385.000 1.072
7390.000 0.992
7395.000 0.921
7400.000 0.871
7405.000 0.823
7410.000 0.778
7415.000 0.736
7420.000 0.704
7425.000 0.674
7430.000 0.648
7435.000 0.624
7440.000 0.598
7445.000 0.578
7450.000 0.558
7455.000 0.543
7460.000 0.527
7465.000 0.512
7470.000 0.500
7475.000 0.494
7480.000 0.498
7485.000 0.512
7490.000 0.533
7495.000 0.543
7500.000 0.545
7505.000 0.543
7510.000 0.543
7515.000 0.539
7520.000 0.540
7525.000 0.537
7530.000 0.532
7535.000 0.533
7540.000 0.533
7545.000 0.534
7550.000 0.539
7555.000 0.542
7560.000 0.551
7565.000 0.558
7570.000 0.564
7575.000 0.573
7580.000 0.585
7585.000 0.600
7590.000 0.617
7595.000 0.631
7600.000 0.653
7605.000 0.682
7610.000 0.701
7615.000 0.734
7620.000 0.770
7625.000 0.810
7630.000 0.852
7635.000 0.852
7640.000 0.904
7645.000 0.966
7650.000 1.032
7655.000 1.120
7660.000 1.220
7665.000 1.338
7670.000 1.484
7675.000 1.668
7680.000 1.900
7685.000 2.184
7690.000 2.537
7695.000 2.986
7700.000 3.501
7705.000 3.994
7710.000 4.283
7715.000 4.126
7720.000 3.504
7725.000 2.823
7730.000 2.324
7735.000 1.964
7740.000 1.704
7745.000 1.513
7750.000 1.352
7755.000 1.223
7760.000 1.223
7765.000 1.126
7770.000 1.038
7775.000 0.962
7780.000 0.903
7785.000 0.850
7790.000 0.803
7795.000 0.763
7800.000 0.725
7805.000 0.694
7810.000 0.665
7815.000 0.641
7820.000 0.624
7825.000 0.601
7830.000 0.585
7835.000 0.569
7840.000 0.555
7845.000 0.544
7850.000 0.534
7855.000 0.525
7860.000 0.515
7865.000 0.509
7870.000 0.509
7875.000 0.506
7880.000 0.500
7885.000 0.501
7890.000 0.494
7895.000 0.495
7900.000 0.491
7905.000 0.489
7910.000 0.492
7915.000 0.493
7920.000 0.494
7925.000 0.496
7930.000 0.500
7935.000 0.506
7940.000 0.512
7945.000 0.523
7950.000 0.530
7955.000 0.542
7960.000 0.550
7965.000 0.561
7970.000 0.576
7975.000 0.595
7980.000 0.618
7985.000 0.639
7990.000 0.670
7995.000 0.670
8000.000 0.691
8005.000 0.718
8010.000 0.746
8015.000 0.765
8020.000 0.783
8025.000 0.812
8030.000 0.874
8035.000 0.951
8040.000 1.036
8045.000 1.132
8050.000 1.251
8055.000 1.389
8060.000 1.566
8065.000 1.774
8070.000 2.050
8075.000 2.385
8080.000 2.783
8085.000 3.197
8090.000 3.519
8095.000 3.553
8100.000 3.204
8105.000 2.625
8110.000 2.144
8115.000 1.859
8120.000 1.731
8125.000 1.731
8130.000 1.660
8135.000 1.548
8140.000 1.377
8145.000 1.230
8150.000 1.109
8155.000 1.015
8160.000 0.936
8165.000 0.868
8170.000 0.819
8175.000 0.767
8180.000 0.724
8185.000 0.691
8190.000 0.662
8195.000 0.633
8200.000 0.612
8205.000 0.591
8210.000 0.575
8215.000 0.562
8220.000 0.548
8225.000 0.534
8230.000 0.522
8235.000 0.511
8240.000 0.506
8245.000 0.492
8250.000 0.492
8255.000 0.492
8260.000 0.484
8265.000 0.479
8270.000 0.476
8275.000 0.474
8280.000 0.472
8285.000 0.473
8290.000 0.473
8295.000 0.471
8300.000 0.473
8305.000 0.473
8310.000 0.479
8315.000 0.477
8320.000 0.482
8325.000 0.488
8330.000 0.497
8335.000 0.506
8340.000 0.510
8345.000 0.522
8350.000 0.534
8355.000 0.550
8360.000 0.550
8365.000 0.566
8370.000 0.585
8375.000 0.603
8380.000 0.622
8385.000 0.653
8390.000 0.687
8395.000 0.719
8400.000 0.760
8405.000 0.801
8410.000 0.840
8415.000 0.885
8420.000 0.925
8425.000 0.987
8430.000 1.076
8435.000 1.184
8440.000 1.320
8445.000 1.483
8450.000 1.677
8455.000 1.936
8460.000 2.258
8465.000 2.636
8470.000 3.078
8475.000 3.481
8480.000 3.689
8485.000 3.689
8490.000 3.538
8495.000 3.042
8500.000 2.466
8505.000 2.047
8510.000 1.753
8515.000 1.531
8520.000 1.347
8525.000 1.207
8530.000 1.094
8535.000 1.003
8540.000 0.921
8545.000 0.859
8550.000 0.802
8555.000 0.758
8560.000 0.718
8565.000 0.683
8570.000 0.655
8575.000 0.622
8580.000 0.598
8585.000 0.577
8590.000 0.556
8595.000 0.544
8600.000 0.525
8605.000 0.511
8610.000 0.511
8615.000 0.500
8620.000 0.492
8625.000 0.480
8630.000 0.471
8635.000 0.463
8640.000 0.459
8645.000 0.453
8650.000 0.451
8655.000 0.444
8660.000 0.441
8665.000 0.442
8670.000 0.439
8675.000 0.439
8680.000 0.441
8685.000 0.445
8690.000 0.448
8695.000 0.450
8700.000 0.457
8705.000 0.461
8710.000 0.461
8715.000 0.467
8720.000 0.475
8725.000 0.484
8730.000 0.490
8735.000 0.490
8740.000 0.502
8745.000 0.515
8750.000 0.533
8755.000 0.549
8760.000 0.565
8765.000 0.588
8770.000 0.611
8775.000 0.639
8780.000 0.669
8785.000 0.702
8790.000 0.741
8795.000 0.785
8800.000 0.834
8805.000 0.898
8810.000 0.968
8815.000 1.058
8820.000 1.156
8825.000 1.281
8830.000 1.437
8835.000 1.630
8840.000 1.873
8845.000 2.168
8850.000 2.517
8855.000 2.559
8860.000 2.933
8865.000 3.258
8870.000 3.385
8875.000 3.199
8880.000 2.744
8885.000 2.273
8890.000 1.893
8895.000 1.625
8900.000 1.411
8905.000 1.248
8910.000 1.124
8915.000 1.021
8920.000 0.936
8925.000 0.865
8930.000 0.805
8935.000 0.750
8940.000 0.705
8945.000 0.669
8950.000 0.636
8955.000 0.605
8960.000 0.583
8965.000 0.560
8970.000 0.560
8975.000 0.536
8980.000 0.519
8985.000 0.503
8990.000 0.493
8995.000 0.476
9000.000 0.464
9005.000 0.452
9010.000 0.447
9015.000 0.440
9020.000 0.433
9025.000 0.426
9030.000 0.417
9035.000 0.416
9040.000 0.420
9045.000 0.412
9050.000 0.412
9055.000 0.409
9060.000 0.412
9065.000 0.413
9070.000 0.411
9075.000 0.416
9080.000 0.417
9085.000 0.421
9090.000 0.427
9095.000 0.427
9100.000 0.434
9105.000 0.440
9110.000 0.446
9115.000 0.452
9120.000 0.462
9125.000 0.478
9130.000 0.486
9135.000 0.502
9140.000 0.518
9145.000 0.535
9150.000 0.555
9155.000 0.577
9160.000 0.603
9165.000 0.637
9170.000 0.668
9175.000 0.711
9180.000 0.755
9185.000 0.807
9190.000 0.870
9195.000 0.939
9200.000 1.028
9205.000 1.132
9210.000 1.259
9215.000 1.427
9220.000 1.427
9225.000 1.620
9230.000 1.870
9235.000 2.159
9240.000 2.480
9245.000 2.783
9250.000 2.959
9255.000 2.883
9260.000 2.538
9265.000 2.128
9270.000 1.782
9275.000 1.524
9280.000 1.320
9285.000 1.173
9290.000 1.063
9295.000 0.960
9300.000 0.878
9305.000 0.810
9310.000 0.748
9315.000 0.700
9320.000 0.656
9325.000 0.620
9330.000 0.586
9335.000 0.559
9340.000 0.530
9345.000 0.530
9350.000 0.504
9355.000 0.485
9360.000 0.472
9365.000 0.457
9370.000 0.446
9375.000 0.432
9380.000 0.419
9385.000 0.413
9390.000 0.403
9395.000 0.395
9400.000 0.390
9405.000 0.387
9410.000 0.382
9415.000 0.374
9420.000 0.371
9425.000 0.367
9430.000 0.363
9435.000 0.359
9440.000 0.357
9445.000 0.356
9450.000 0.357
9455.000 0.357
9460.000 0.358
9465.000 0.359
9470.000 0.362
9475.000 0.365
9480.000 0.367
9485.000 0.370
9490.000 0.378
9495.000 0.382
9500.000 0.391
9505.000 0.399
9510.000 0.406
9515.000 0.420
9520.000 0.429
9525.000 0.444
9530.000 0.456
9535.000 0.471
9540.000 0.493
9545.000 0.513
9550.000 0.540
9555.000 0.570
9560.000 0.598
9565.000 0.639
9570.000 0.686
9575.000 0.736
9580.000 0.736
9585.000 0.798
9590.000 0.869
9595.000 0.958
9600.000 1.064
9605.000 1.201
9610.000 1.355
9615.000 1.552
9620.000 1.790
9625.000 2.051
9630.000 2.322
9635.000 2.532
9640.000 2.558
9645.000 2.352
9650.000 1.995
9655.000 1.657
9660.000 1.401
9665.000 1.221
9670.000 1.072
9675.000 0.953
9680.000 0.868
9685.000 0.797
9690.000 0.727
9695.000 0.675
9700.000 0.633
9705.000 0.633
9710.000 0.588
9715.000 0.558
9720.000 0.527
9725.000 0.498
9730.000 0.478
9735.000 0.456
9740.000 0.440
9745.000 0.426
9750.000 0.409
9755.000 0.394
9760.000 0.387
9765.000 0.376
9770.000 0.365
9775.000 0.356
9780.000 0.348
9785.000 0.343
9790.000 0.341
9795.000 0.334
9800.000 0.330
9805.000 0.327
9810.000 0.326
9815.000 0.322
9820.000 0.320
9825.000 0.319
9830.000 0.319
9835.000 0.317
9840.000 0.318
9845.000 0.315
9850.000 0.321
9855.000 0.322
9860.000 0.330
9865.000 0.335
9870.000 0.339
9875.000 0.344
9880.000 0.349
9885.000 0.356
9890.000 0.363
9895.000 0.370
9900.000 0.382
9905.000 0.389
9910.000 0.404
9915.000 0.419
9920.000 0.431
9925.000 0.447
9930.000 0.470
9935.000 0.494
9940.000 0.517
9945.000 0.517
9950.000 0.547
9955.000 0.580
9960.000 0.617
9965.000 0.666
9970.000 0.719
9975.000 0.784
9980.000 0.879
9985.000 0.972
9990.000 1.095
9995.000 1.242
10000.000 1.430
10005.000 1.643
10010.000 1.888
10015.000 2.122
10020.000 2.269
10025.000 2.243
10030.000 2.017
10035.000 1.701
10040.000 1.420
10045.000 1.217
10050.000 1.055
10055.000 0.926
10060.000 0.828
10065.000 0.752
10070.000 0.752
10075.000 0.689
10080.000 0.634
10085.000 0.594
10090.000 0.555
10095.000 0.521
10100.000 0.488
10105.000 0.464
10110.000 0.441
10115.000 0.418
10120.000 0.403
10125.000 0.387
10130.000 0.372
10135.000 0.362
10140.000 0.349
10145.000 0.340
10150.000 0.333
10155.000 0.324
10160.000 0.321
10165.000 0.318
10170.000 0.311
10175.000 0.308
10180.000 0.307
10185.000 0.302
10190.000 0.299
10195.000 0.299
10200.000 0.301
10205.000 0.299
10210.000 0.295
10215.000 0.296
10220.000 0.298
10225.000 0.300
10230.000 0.300
10235.000 0.298
10240.000 0.307
10245.000 0.305
10250.000 0.308
10255.000 0.312
10260.000 0.320
10265.000 0.324
10270.000 0.329
10275.000 0.339
10280.000 0.344
10285.000 0.352
10290.000 0.364
10295.000 0.373
10300.000 0.387
10305.000 0.402
10310.000 0.416
10315.000 0.438
10320.000 0.438
10325.000 0.456
10330.000 0.480
10335.000 0.507
10340.000 0.543
10345.000 0.581
10350.000 0.629
10355.000 0.680
10360.000 0.739
10365.000 0.817
10370.000 0.906
10375.000 1.014
10380.000 1.146
10385.000 1.320
10390.000 1.521
10395.000 1.736
10400.000 1.923
10405.000 2.021
10410.000 1.958
10415.000 1.738
10420.000 1.466
10425.000 1.240
10430.000 1.240
10435.000 1.065
10440.000 0.934
10445.000 0.826
10450.000 0.741
10455.000 0.669
10460.000 0.612
10465.000 0.564
10470.000 0.526
10475.000 0.491
10480.000 0.460
10485.000 0.438
10490.000 0.416
10495.000 0.395
10500.000 0.376
10505.000 0.361
10510.000 0.347
10515.000 0.337
10520.000 0.326
10525.000 0.318
10530.000 0.308
10535.000 0.304
10540.000 0.296
10545.000 0.289
10550.000 0.285
10555.000 0.285
10560.000 0.281
10565.000 0.278
10570.000 0.273
10575.000 0.271
10580.000 0.267
10585.000 0.270
10590.000 0.266
10595.000 0.266
10600.000 0.264
10605.000 0.264
10610.000 0.268
10615.000 0.271
10620.000 0.270
10625.000 0.275
10630.000 0.276
10635.000 0.280
10640.000 0.285
10645.000 0.291
10650.000 0.296
10655.000 0.302
10660.000 0.309
10665.000 0.315
10670.000 0.323
10675.000 0.332
10680.000 0.332
10685.000 0.341
10690.000 0.357
10695.000 0.368
10700.000 0.385
10705.000 0.403
10710.000 0.425
10715.000 0.446
10720.000 0.473
10725.000 0.504
10730.000 0.542
10735.000 0.581
10740.000 0.630
10745.000 0.690
10750.000 0.760
10755.000 0.847
10760.000 0.949
10765.000 1.073
10770.000 1.230
10775.000 1.402
10780.000 1.583
10785.000 1.728
10790.000 1.779
10795.000 1.685
10800.000 1.484
10805.000 1.484
10810.000 1.264
10815.000 1.078
10820.000 0.934
10825.000 0.825
10830.000 0.740
10835.000 0.664
10840.000 0.603
10845.000 0.550
10850.000 0.514
10855.000 0.478
10860.000 0.448
10865.000 0.421
10870.000 0.398
10875.000 0.375
10880.000 0.359
10885.000 0.344
10890.000 0.329
10895.000 0.317
10900.000 0.308
10905.000 0.296
10910.000 0.288
10915.000 0.288
10920.000 0.281
10925.000 0.275
10930.000 0.267
10935.000 0.264
10940.000 0.259
10945.000 0.253
10950.000 0.249
10955.000 0.249
10960.000 0.245
10965.000 0.244
10970.000 0.244
10975.000 0.241
10980.000 0.237
10985.000 0.240
10990.000 0.240
10995.000 0.240
11000.000 0.242
11005.000 0.241
11010.000 0.243
11015.000 0.246
11020.000 0.252
11025.000 0.253
11030.000 0.256
11035.000 0.260
11040.000 0.260
11045.000 0.265
11050.000 0.274
11055.000 0.278
11060.000 0.284
11065.000 0.292
11070.000 0.301
11075.000 0.316
11080.000 0.326
11085.000 0.342
11090.000 0.359
11095.000 0.379
11100.000 0.399
11105.000 0.426
11110.000 0.453
11115.000 0.483
11120.000 0.517
11125.000 0.563
11130.000 0.613
11135.000 0.680
11140.000 0.758
11145.000 0.849
11150.000 0.960
11155.000 1.099
11160.000 1.249
11165.000 1.249
11170.000 1.414
11175.000 1.544
11180.000 1.597
11185.000 1.518
11190.000 1.336
11195.000 1.142
11200.000 0.969
11205.000 0.843
11210.000 0.740
11215.000 0.657
11220.000 0.595
11225.000 0.542
11230.000 0.497
11235.000 0.461
11240.000 0.427
11245.000 0.402
11250.000 0.380
11255.000 0.358
11260.000 0.339
11265.000 0.323
11270.000 0.312
11275.000 0.298
11280.000 0.291
11285.000 0.279
11290.000 0.279
11295.000 0.271
11300.000 0.260
11305.000 0.253
11310.000 0.252
11315.000 0.242
11320.000 0.240
11325.000 0.233
11330.000 0.233
11335.000 0.227
11340.000 0.224
11345.000 0.225
11350.000 0.222
11355.000 0.221
11360.000 0.221
11365.000 0.223
11370.000 0.223
11375.000 0.221
11380.000 0.223
11385.000 0.223
11390.000 0.224
11395.000 0.226
11400.000 0.226
11405.000 0.228
11410.000 0.233
11415.000 0.233
11420.000 0.239
11425.000 0.243
11430.000 0.248
11435.000 0.253
11440.000 0.262
11445.000 0.268
11450.000 0.279
11455.000 0.284
11460.000 0.296
11465.000 0.308
11470.000 0.326
11475.000 0.340
11480.000 0.359
11485.000 0.378
11490.000 0.399
11495.000 0.431
11500.000 0.459
11505.000 0.501
11510.000 0.547
11515.000 0.601
11520.000 0.663
11525.000 0.663
11530.000 0.741
11535.000 0.837
11540.000 0.949
11545.000 1.075
11550.000 1.201
11555.000 1.306
11560.000 1.349
11565.000 1.298
11570.000 1.163
11575.000 1.004
11580.000 0.864
11585.000 0.749
11590.000 0.658
11595.000 0.588
11600.000 0.530
11605.000 0.483
11610.000 0.443
11615.000 0.409
11620.000 0.380
11625.000 0.358
11630.000 0.340
11635.000 0.326
11640.000 0.313
11645.000 0.297
11650.000 0.297
11655.000 0.286
11660.000 0.273
11665.000 0.263
11670.000 0.253
11675.000 0.245
11680.000 0.238
11685.000 0.235
11690.000 0.223
11695.000 0.221
11700.000 0.215
11705.000 0.209
11710.000 0.207
11715.000 0.207
11720.000 0.203
11725.000 0.201
11730.000 0.199
11735.000 0.194
11740.000 0.198
11745.000 0.196
11750.000 0.194
11755.000 0.194
11760.000 0.194
11765.000 0.195
11770.000 0.196
11775.000 0.196
11780.000 0.196
11785.000 0.197
11790.000 0.202
11795.000 0.205
11800.000 0.207
11805.000 0.209
11810.000 0.216
11815.000 0.220
11820.000 0.224
11825.000 0.231
11830.000 0.238
11835.000 0.246
11840.000 0.253
11845.000 0.262
11850.000 0.271
11855.000 0.286
11860.000 0.299
11865.000 0.311
11870.000 0.329
11875.000 0.349
11880.000 0.370
11885.000 0.402
11890.000 0.402
11895.000 0.434
11900.000 0.472
11905.000 0.521
11910.000 0.584
11915.000 0.647
11920.000 0.732
11925.000 0.827
11930.000 0.937
11935.000 1.054
11940.000 1.157
11945.000 1.219
11950.000 1.201
11955.000 1.106
11960.000 0.965
11965.000 0.837
11970.000 0.721
11975.000 0.635
11980.000 0.563
11985.000 0.504
11990.000 0.462
11995.000 0.422
12000.000 0.389
