105.000 0.118
110.000 0.121
115.000 0.204
120.000 0.129
125.000 0.126
130.000 0.133
135.000 0.173
140.000 0.170
145.000 0.213
150.000 0.222
155.000 0.263
160.000 0.201
165.000 0.266
170.000 0.268
175.000 0.194
180.000 0.180
185.000 0.228
190.000 0.267
195.000 0.303
200.000 0.336
205.000 0.336
210.000 0.289
215.000 0.286
220.000 0.438
225.000 0.278
230.000 0.352
235.000 0.402
240.000 0.494
245.000 0.459
250.000 0.511
255.000 0.580
260.000 0.671
265.000 0.739
270.000 0.704
275.000 0.819
280.000 0.897
285.000 1.031
290.000 1.228
295.000 1.399
300.000 1.662
305.000 1.906
310.000 2.340
315.000 2.871
320.000 3.683
325.000 4.747
330.000 4.747
335.000 6.231
340.000 7.847
345.000 8.966
350.000 8.247
355.000 5.611
360.000 4.463
365.000 3.723
370.000 3.305
375.000 2.976
380.000 2.868
385.000 2.675
390.000 2.428
395.000 2.403
400.000 2.436
405.000 2.400
410.000 2.340
415.000 2.201
420.000 2.156
425.000 2.217
430.000 2.229
435.000 2.297
440.000 2.275
445.000 2.297
450.000 2.296
455.000 2.297
460.000 2.297
465.000 2.287
470.000 2.260
475.000 2.275
480.000 2.263
485.000 2.252
490.000 2.205
495.000 2.186
500.000 2.121
505.000 2.100
510.000 2.048
515.000 2.018
520.000 1.983
525.000 1.998
530.000 1.984
535.000 1.932
540.000 1.900
545.000 1.867
550.000 1.854
555.000 1.815
560.000 1.808
565.000 1.808
570.000 1.783
575.000 1.786
580.000 1.806
585.000 1.812
590.000 1.815
595.000 1.850
600.000 1.930
605.000 1.963
610.000 2.055
615.000 2.189
620.000 2.299
625.000 2.447
630.000 2.658
635.000 2.958
640.000 3.391
645.000 3.928
650.000 4.724
655.000 5.901
660.000 7.410
665.000 9.348
670.000 10.662
675.000 9.617
680.000 5.414
685.000 3.556
690.000 3.556
695.000 2.740
700.000 2.310
705.000 1.921
710.000 1.620
715.000 1.394
720.000 1.245
725.000 1.142
730.000 0.996
735.000 0.924
740.000 0.865
745.000 0.790
750.000 0.739
755.000 0.660
760.000 0.639
765.000 0.594
770.000 0.561
775.000 0.534
780.000 0.510
785.000 0.481
790.000 0.454
795.000 0.442
800.000 0.436
805.000 0.406
810.000 0.408
815.000 0.408
820.000 0.401
825.000 0.362
830.000 0.352
835.000 0.354
840.000 0.340
845.000 0.331
850.000 0.320
855.000 0.322
860.000 0.312
865.000 0.314
870.000 0.301
875.000 0.300
880.000 0.297
885.000 0.305
890.000 0.304
895.000 0.305
900.000 0.309
905.000 0.302
910.000 0.305
915.000 0.308
920.000 0.310
925.000 0.323
930.000 0.333
935.000 0.357
940.000 0.357
945.000 0.367
950.000 0.388
955.000 0.458
960.000 0.523
965.000 0.589
970.000 0.657
975.000 0.798
980.000 0.981
985.000 1.225
990.000 1.559
995.000 1.995
1000.000 2.216
1005.000 1.821
1010.000 1.047
1015.000 0.790
1020.000 0.610
1025.000 0.545
1030.000 0.459
1035.000 0.396
1040.000 0.357
1045.000 0.320
1050.000 0.320
1055.000 0.300
1060.000 0.276
1065.000 0.243
1070.000 0.236
1075.000 0.212
1080.000 0.214
1085.000 0.194
1090.000 0.198
1095.000 0.199
1100.000 0.183
1105.000 0.185
1110.000 0.177
1115.000 0.172
1120.000 0.181
1125.000 0.170
1130.000 0.171
1135.000 0.173
1140.000 0.176
1145.000 0.178
1150.000 0.180
1155.000 0.184
1160.000 0.186
1165.000 0.185
1170.000 0.194
1175.000 0.194
1180.000 0.198
1185.000 0.202
1190.000 0.211
1195.000 0.223
1200.000 0.229
1205.000 0.230
1210.000 0.248
1215.000 0.247
1220.000 0.291
1225.000 0.291
1230.000 0.294
1235.000 0.316
1240.000 0.351
1245.000 0.358
1250.000 0.403
1255.000 0.435
1260.000 0.479
1265.000 0.505
1270.000 0.580
1275.000 0.623
1280.000 0.724
1285.000 0.842
1290.000 0.975
1295.000 1.146
1300.000 1.436
1305.000 1.436
1310.000 1.780
1315.000 2.309
1320.000 2.998
1325.000 3.706
1330.000 4.080
1335.000 3.409
1340.000 2.065
1345.000 1.672
1350.000 1.414
1355.000 1.224
1360.000 1.054
1365.000 0.887
1370.000 0.969
1375.000 0.779
1380.000 0.705
1385.000 0.676
1390.000 0.636
1395.000 0.650
1400.000 0.609
1405.000 0.609
1410.000 0.575
1415.000 0.550
1420.000 0.543
1425.000 0.553
1430.000 0.553
1435.000 0.525
1440.000 0.614
1445.000 0.547
1450.000 0.517
1455.000 0.536
1460.000 0.520
1465.000 0.520
1470.000 0.531
1475.000 0.521
1480.000 0.525
1485.000 0.536
1490.000 0.544
1495.000 0.553
1500.000 0.562
1505.000 0.573
1510.000 0.584
1515.000 0.603
1520.000 0.622
1525.000 0.644
1530.000 0.655
1535.000 0.681
1540.000 0.681
1545.000 0.711
1550.000 0.734
1555.000 0.782
1560.000 0.814
1565.000 0.869
1570.000 0.909
1575.000 0.972
1580.000 1.029
1585.000 1.118
1590.000 1.200
1595.000 1.315
1600.000 1.445
1605.000 1.584
1610.000 1.782
1615.000 2.015
1620.000 2.315
1625.000 2.681
1630.000 3.163
1635.000 3.763
1640.000 4.485
1645.000 5.265
1650.000 5.789
1655.000 5.666
1660.000 4.796
1665.000 4.796
1670.000 3.716
1675.000 2.986
1680.000 2.512
1685.000 2.141
1690.000 1.869
1695.000 1.644
1700.000 1.468
1705.000 1.302
1710.000 1.183
1715.000 1.074
1720.000 0.982
1725.000 0.916
1730.000 0.850
1735.000 0.817
1740.000 0.774
1745.000 0.753
1750.000 0.763
1755.000 0.765
1760.000 0.766
1765.000 0.789
1770.000 0.814
1775.000 0.844
1780.000 0.873
1785.000 0.915
1790.000 0.915
1795.000 0.943
1800.000 0.980
1805.000 1.020
1810.000 1.052
1815.000 1.090
1820.000 1.124
1825.000 1.169
1830.000 1.209
1835.000 1.249
1840.000 1.290
1845.000 1.341
1850.000 1.405
1855.000 1.451
1860.000 1.502
1865.000 1.569
1870.000 1.632
1875.000 1.726
1880.000 1.831
1885.000 1.894
1890.000 1.998
1895.000 2.132
1900.000 2.255
1905.000 2.411
1910.000 2.632
1915.000 2.632
1920.000 2.750
1925.000 3.037
1930.000 3.365
1935.000 3.623
1940.000 3.961
1945.000 4.419
1950.000 4.917
1955.000 5.631
1960.000 6.355
1965.000 7.196
1970.000 8.157
1975.000 8.946
1980.000 9.516
1985.000 9.583
1990.000 8.999
1995.000 8.077
2000.000 7.066
2005.000 6.240
2010.000 5.537
2015.000 4.988
2020.000 4.491
2025.000 4.491
2030.000 4.148
2035.000 3.824
2040.000 3.528
2045.000 3.325
2050.000 3.120
2055.000 2.955
2060.000 2.801
2065.000 2.670
2070.000 2.547
2075.000 2.451
2080.000 2.340
2085.000 2.285
2090.000 2.202
2095.000 2.132
2100.000 2.079
2105.000 2.022
2110.000 1.981
2115.000 1.938
2120.000 1.903
2125.000 1.881
2130.000 1.849
2135.000 1.823
2140.000 1.810
2145.000 1.796
2150.000 1.796
2155.000 1.786
2160.000 1.777
2165.000 1.780
2170.000 1.775
2175.000 1.781
2180.000 1.787
2185.000 1.799
2190.000 1.816
2195.000 1.833
2200.000 1.855
2205.000 1.891
2210.000 1.929
2215.000 1.969
2220.000 2.021
2225.000 2.074
2230.000 2.141
2235.000 2.215
2240.000 2.304
2245.000 2.411
2250.000 2.530
2255.000 2.665
2260.000 2.835
2265.000 3.024
2270.000 3.258
2275.000 3.258
2280.000 3.534
2285.000 3.853
2290.000 4.314
2295.000 4.798
2300.000 5.404
2305.000 6.174
2310.000 7.028
2315.000 7.978
2320.000 8.758
2325.000 9.082
2330.000 8.671
2335.000 7.576
2340.000 6.338
2345.000 5.321
2350.000 4.546
2355.000 3.949
2360.000 3.491
2365.000 3.121
2370.000 2.822
2375.000 2.573
2380.000 2.363
2385.000 2.185
2390.000 2.027
2395.000 1.932
2400.000 1.932
2405.000 1.809
2410.000 1.716
2415.000 1.631
2420.000 1.548
2425.000 1.492
2430.000 1.443
2435.000 1.376
2440.000 1.333
2445.000 1.297
2450.000 1.264
2455.000 1.237
2460.000 1.207
2465.000 1.185
2470.000 1.168
2475.000 1.151
2480.000 1.139
2485.000 1.127
2490.000 1.119
2495.000 1.115
2500.000 1.113
2505.000 1.117
2510.000 1.117
2515.000 1.124
2520.000 1.131
2525.000 1.141
2530.000 1.157
2535.000 1.176
2540.000 1.189
2545.000 1.224
2550.000 1.248
2555.000 1.289
2560.000 1.328
2565.000 1.378
2570.000 1.428
2575.000 1.496
2580.000 1.576
2585.000 1.666
2590.000 1.797
2595.000 1.920
2600.000 2.072
2605.000 2.223
2610.000 2.482
2615.000 2.781
2620.000 3.153
2625.000 3.632
2630.000 4.273
2635.000 4.273
2640.000 5.110
2645.000 6.119
2650.000 7.205
2655.000 7.985
2660.000 7.796
2665.000 6.406
2670.000 4.812
2675.000 3.848
2680.000 3.210
2685.000 2.742
2690.000 2.396
2695.000 2.129
2700.000 1.914
2705.000 1.737
2710.000 1.599
2715.000 1.483
2720.000 1.384
2725.000 1.295
2730.000 1.224
2735.000 1.157
2740.000 1.101
2745.000 1.054
2750.000 1.008
2755.000 0.977
2760.000 0.977
2765.000 0.941
2770.000 0.909
2775.000 0.882
2780.000 0.864
2785.000 0.845
2790.000 0.829
2795.000 0.812
2800.000 0.798
2805.000 0.798
2810.000 0.785
2815.000 0.779
2820.000 0.783
2825.000 0.774
2830.000 0.780
2835.000 0.783
2840.000 0.786
2845.000 0.790
2850.000 0.799
2855.000 0.815
2860.000 0.830
2865.000 0.845
2870.000 0.862
2875.000 0.884
2880.000 0.910
2885.000 0.910
2890.000 0.947
2895.000 0.979
2900.000 1.025
2905.000 1.073
2910.000 1.127
2915.000 1.198
2920.000 1.272
2925.000 1.366
2930.000 1.484
2935.000 1.609
2940.000 1.789
2945.000 1.998
2950.000 2.272
2955.000 2.631
2960.000 3.115
2965.000 3.741
2970.000 4.558
2975.000 5.619
2980.000 6.377
2985.000 6.331
2990.000 5.115
2995.000 5.115
3000.000 3.650
3005.000 2.910
3010.000 2.396
3015.000 2.052
3020.000 1.790
3025.000 1.593
3030.000 1.433
3035.000 1.303
3040.000 1.196
3045.000 1.111
3050.000 1.035
3055.000 0.975
3060.000 0.918
3065.000 0.873
3070.000 0.834
3075.000 0.796
3080.000 0.764
3085.000 0.738
3090.000 0.715
3095.000 0.690
3100.000 0.671
3105.000 0.662
3110.000 0.644
3115.000 0.637
3120.000 0.627
3125.000 0.627
3130.000 0.616
3135.000 0.608
3140.000 0.606
3145.000 0.605
3150.000 0.599
3155.000 0.601
3160.000 0.599
3165.000 0.604
3170.000 0.609
3175.000 0.619
3180.000 0.620
3185.000 0.633
3190.000 0.645
3195.000 0.658
3200.000 0.670
3205.000 0.693
3210.000 0.712
3215.000 0.738
3220.000 0.764
3225.000 0.798
3230.000 0.841
3235.000 0.883
3240.000 0.938
3245.000 1.001
3250.000 1.001
3255.000 1.074
3260.000 1.163
3265.000 1.273
3270.000 1.411
3275.000 1.567
3280.000 1.792
3285.000 2.072
3290.000 2.441
3295.000 2.950
3300.000 3.612
3305.000 4.398
3310.000 5.110
3315.000 5.286
3320.000 4.487
3325.000 3.204
3330.000 2.475
3335.000 2.033
3340.000 1.719
3345.000 1.492
3350.000 1.326
3355.000 1.190
3360.000 1.077
3365.000 0.988
3370.000 0.913
3375.000 0.913
3380.000 0.854
3385.000 0.798
3390.000 0.754
3395.000 0.719
3400.000 0.685
3405.000 0.658
3410.000 0.629
3415.000 0.603
3420.000 0.592
3425.000 0.576
3430.000 0.558
3435.000 0.542
3440.000 0.536
3445.000 0.525
3450.000 0.517
3455.000 0.511
3460.000 0.506
3465.000 0.502
3470.000 0.496
3475.000 0.499
3480.000 0.497
3485.000 0.497
3490.000 0.500
3495.000 0.505
3500.000 0.506
3505.000 0.514
3510.000 0.516
3515.000 0.530
3520.000 0.538
3525.000 0.547
3530.000 0.561
3535.000 0.577
3540.000 0.595
3545.000 0.618
3550.000 0.641
3555.000 0.668
3560.000 0.699
3565.000 0.738
3570.000 0.785
3575.000 0.841
3580.000 0.904
3585.000 0.977
3590.000 1.059
3595.000 1.178
3600.000 1.317
3605.000 1.495
3610.000 1.495
3615.000 1.731
3620.000 2.043
3625.000 2.455
3630.000 3.006
3635.000 3.661
3640.000 4.289
3645.000 4.524
3650.000 3.935
3655.000 2.826
3660.000 2.193
3665.000 1.785
3670.000 1.510
3675.000 1.310
3680.000 1.156
3685.000 1.040
3690.000 0.941
3695.000 0.863
3700.000 0.798
3705.000 0.745
3710.000 0.693
3715.000 0.655
3720.000 0.622
3725.000 0.588
3730.000 0.566
3735.000 0.566
3740.000 0.546
3745.000 0.523
3750.000 0.509
3755.000 0.494
3760.000 0.477
3765.000 0.470
3770.000 0.459
3775.000 0.450
3780.000 0.443
3785.000 0.440
3790.000 0.433
3795.000 0.427
3800.000 0.423
3805.000 0.425
3810.000 0.427
3815.000 0.427
3820.000 0.429
3825.000 0.428
3830.000 0.435
3835.000 0.441
3840.000 0.444
3845.000 0.454
3850.000 0.462
3855.000 0.475
3860.000 0.475
3865.000 0.482
3870.000 0.501
3875.000 0.519
3880.000 0.537
3885.000 0.559
3890.000 0.590
3895.000 0.618
3900.000 0.654
3905.000 0.694
3910.000 0.746
3915.000 0.802
3920.000 0.878
3925.000 0.958
3930.000 1.073
3935.000 1.214
3940.000 1.396
3945.000 1.629
3950.000 1.953
3955.000 2.372
3960.000 2.900
3965.000 3.505
3970.000 3.505
3975.000 3.767
3980.000 3.393
3985.000 2.497
3990.000 1.893
3995.000 1.545
4000.000 1.302
4005.000 1.117
4010.000 0.988
4015.000 0.883
4020.000 0.799
4025.000 0.732
4030.000 0.675
4035.000 0.625
4040.000 0.589
4045.000 0.552
4050.000 0.526
4055.000 0.503
4060.000 0.475
4065.000 0.459
4070.000 0.441
4075.000 0.428
4080.000 0.412
4085.000 0.402
4090.000 0.393
4095.000 0.393
4100.000 0.386
4105.000 0.376
4110.000 0.369
4115.000 0.364
4120.000 0.365
4125.000 0.360
4130.000 0.358
4135.000 0.352
4140.000 0.355
4145.000 0.355
4150.000 0.356
4155.000 0.360
4160.000 0.362
4165.000 0.368
4170.000 0.371
4175.000 0.381
4180.000 0.383
4185.000 0.393
4190.000 0.403
4195.000 0.418
4200.000 0.429
4205.000 0.448
4210.000 0.464
4215.000 0.487
4220.000 0.487
4225.000 0.511
4230.000 0.541
4235.000 0.575
4240.000 0.611
4245.000 0.666
4250.000 0.723
4255.000 0.795
4260.000 0.881
4265.000 0.994
4270.000 1.138
4275.000 1.326
4280.000 1.571
4285.000 1.899
4290.000 2.315
4295.000 2.766
4300.000 3.081
4305.000 2.955
4310.000 2.301
4315.000 1.655
4320.000 1.320
4325.000 1.081
4330.000 0.918
4335.000 0.792
4340.000 0.706
4345.000 0.706
4350.000 0.627
4355.000 0.572
4360.000 0.526
4365.000 0.487
4370.000 0.456
4375.000 0.426
4380.000 0.406
4385.000 0.387
4390.000 0.371
4395.000 0.353
4400.000 0.341
4405.000 0.334
4410.000 0.322
4415.000 0.315
4420.000 0.311
4425.000 0.302
4430.000 0.297
4435.000 0.292
4440.000 0.289
4445.000 0.287
4450.000 0.289
4455.000 0.288
4460.000 0.287
4465.000 0.287
4470.000 0.286
4475.000 0.290
4480.000 0.291
4485.000 0.294
4490.000 0.298
4495.000 0.304
4500.000 0.307
4505.000 0.314
4510.000 0.326
4515.000 0.338
4520.000 0.343
4525.000 0.353
4530.000 0.369
4535.000 0.383
4540.000 0.402
4545.000 0.422
4550.000 0.451
4555.000 0.479
4560.000 0.508
4565.000 0.552
4570.000 0.598
4575.000 0.659
4580.000 0.659
4585.000 0.730
4590.000 0.816
4595.000 0.928
4600.000 1.067
4605.000 1.253
4610.000 1.500
4615.000 1.818
4620.000 2.216
4625.000 2.677
4630.000 2.988
4635.000 2.905
4640.000 2.351
4645.000 1.792
4650.000 1.473
4655.000 1.247
4660.000 1.091
4665.000 0.968
4670.000 0.877
4675.000 0.806
4680.000 0.745
4685.000 0.696
4690.000 0.651
4695.000 0.622
4700.000 0.595
4705.000 0.595
4710.000 0.566
4715.000 0.548
4720.000 0.530
4725.000 0.512
4730.000 0.494
4735.000 0.478
4740.000 0.466
4745.000 0.456
4750.000 0.444
4755.000 0.435
4760.000 0.422
4765.000 0.414
4770.000 0.408
4775.000 0.399
4780.000 0.387
4785.000 0.383
4790.000 0.374
4795.000 0.369
4800.000 0.362
4805.000 0.355
4810.000 0.349
4815.000 0.347
4820.000 0.342
4825.000 0.339
4830.000 0.339
4835.000 0.340
4840.000 0.342
4845.000 0.343
4850.000 0.345
4855.000 0.353
4860.000 0.360
4865.000 0.372
4870.000 0.386
4875.000 0.409
4880.000 0.433
4885.000 0.463
4890.000 0.500
4895.000 0.548
4900.000 0.601
4905.000 0.671
4910.000 0.756
4915.000 0.862
4920.000 0.999
4925.000 1.167
4930.000 1.394
4935.000 1.689
4940.000 2.083
4945.000 2.589
4950.000 3.199
4955.000 3.781
4960.000 3.838
4965.000 4.053
4970.000 3.683
4975.000 2.976
4980.000 2.440
4985.000 2.102
4990.000 1.864
4995.000 1.685
5000.000 1.550
5005.000 1.448
5010.000 1.363
5015.000 1.299
5020.000 1.245
5025.000 1.204
5030.000 1.164
5035.000 1.139
5040.000 1.115
5045.000 1.096
5050.000 1.082
5055.000 1.074
5060.000 1.063
5065.000 1.058
5070.000 1.058
5075.000 1.052
5080.000 1.057
5085.000 1.050
5090.000 1.058
5095.000 1.058
5100.000 1.070
5105.000 1.075
5110.000 1.085
5115.000 1.090
5120.000 1.105
5125.000 1.118
5130.000 1.132
5135.000 1.148
5140.000 1.165
5145.000 1.185
5150.000 1.203
5155.000 1.224
5160.000 1.255
5165.000 1.277
5170.000 1.310
5175.000 1.344
5180.000 1.385
5185.000 1.425
5190.000 1.468
5195.000 1.468
5200.000 1.525
5205.000 1.587
5210.000 1.656
5215.000 1.731
5220.000 1.821
5225.000 1.924
5230.000 2.036
5235.000 2.180
5240.000 2.342
5245.000 2.544
5250.000 2.782
5255.000 3.072
5260.000 3.437
5265.000 3.905
5270.000 4.500
5275.000 5.282
5280.000 6.257
5285.000 7.365
5290.000 8.174
5295.000 8.096
5300.000 6.932
5305.000 5.535
5310.000 4.564
5315.000 3.857
5320.000 3.857
5325.000 3.339
5330.000 2.952
5335.000 2.641
5340.000 2.416
5345.000 2.209
5350.000 2.031
5355.000 1.884
5360.000 1.762
5365.000 1.657
5370.000 1.560
5375.000 1.483
5380.000 1.411
5385.000 1.353
5390.000 1.296
5395.000 1.240
5400.000 1.202
5405.000 1.163
5410.000 1.130
5415.000 1.097
5420.000 1.079
5425.000 1.055
5430.000 1.036
5435.000 1.019
5440.000 1.007
5445.000 1.007
5450.000 0.992
5455.000 0.983
5460.000 0.979
5465.000 0.975
5470.000 0.974
5475.000 0.973
5480.000 0.979
5485.000 0.984
5490.000 0.995
5495.000 1.004
5500.000 1.022
5505.000 1.041
5510.000 1.062
5515.000 1.083
5520.000 1.117
5525.000 1.152
5530.000 1.195
5535.000 1.242
5540.000 1.297
5545.000 1.365
5550.000 1.442
5555.000 1.442
5560.000 1.538
5565.000 1.647
5570.000 1.775
5575.000 1.936
5580.000 2.132
5585.000 2.404
5590.000 2.729
5595.000 3.138
5600.000 3.683
5605.000 4.388
5610.000 5.221
5615.000 6.173
5620.000 6.884
5625.000 6.841
5630.000 5.739
5635.000 4.376
5640.000 3.482
5645.000 2.904
5650.000 2.493
5655.000 2.178
5660.000 1.928
5665.000 1.749
5670.000 1.593
5675.000 1.468
5680.000 1.468
5685.000 1.357
5690.000 1.267
5695.000 1.183
5700.000 1.122
5705.000 1.060
5710.000 1.009
5715.000 0.965
5720.000 0.928
5725.000 0.891
5730.000 0.865
5735.000 0.839
5740.000 0.819
5745.000 0.800
5750.000 0.778
5755.000 0.765
5760.000 0.756
5765.000 0.745
5770.000 0.737
5775.000 0.731
5780.000 0.728
5785.000 0.727
5790.000 0.723
5795.000 0.728
5800.000 0.729
5805.000 0.729
5810.000 0.734
5815.000 0.743
5820.000 0.753
5825.000 0.763
5830.000 0.775
5835.000 0.792
5840.000 0.812
5845.000 0.835
5850.000 0.858
5855.000 0.892
5860.000 0.921
5865.000 0.966
5870.000 1.012
5875.000 1.066
5880.000 1.124
5885.000 1.189
5890.000 1.276
5895.000 1.382
5900.000 1.501
5905.000 1.655
5910.000 1.842
5915.000 2.072
5920.000 2.373
5925.000 2.764
5930.000 2.764
5935.000 3.263
5940.000 3.896
5945.000 4.641
5950.000 5.421
5955.000 5.676
5960.000 5.123
5965.000 3.969
5970.000 3.070
5975.000 2.536
5980.000 2.166
5985.000 1.881
5990.000 1.669
5995.000 1.498
6000.000 1.359
6005.000 1.250
6010.000 1.159
6015.000 1.080
6020.000 1.014
6025.000 0.959
6030.000 0.910
6035.000 0.871
6040.000 0.871
6045.000 0.831
6050.000 0.798
6055.000 0.773
6060.000 0.747
6065.000 0.726
6070.000 0.708
6075.000 0.691
6080.000 0.681
6085.000 0.670
6090.000 0.655
6095.000 0.652
6100.000 0.646
6105.000 0.641
6110.000 0.635
6115.000 0.634
6120.000 0.635
6125.000 0.636
6130.000 0.640
6135.000 0.647
6140.000 0.651
6145.000 0.659
6150.000 0.670
6155.000 0.684
6160.000 0.698
6165.000 0.698
6170.000 0.713
6175.000 0.737
6180.000 0.758
6185.000 0.788
6190.000 0.816
6195.000 0.854
6200.000 0.892
6205.000 0.940
6210.000 0.994
6215.000 1.060
6220.000 1.130
6225.000 1.216
6230.000 1.325
6235.000 1.457
6240.000 1.617
6245.000 1.819
6250.000 2.075
6255.000 2.411
6260.000 2.835
6265.000 3.375
6270.000 4.025
6275.000 4.686
6280.000 5.079
6285.000 4.840
6290.000 4.840
6295.000 3.968
6300.000 3.065
6305.000 2.507
6310.000 2.107
6315.000 1.820
6320.000 1.584
6325.000 1.419
6330.000 1.286
6335.000 1.177
6340.000 1.090
6345.000 1.016
6350.000 0.954
6355.000 0.895
6360.000 0.851
6365.000 0.812
6370.000 0.777
6375.000 0.748
6380.000 0.719
6385.000 0.700
6390.000 0.679
6395.000 0.662
6400.000 0.647
6405.000 0.634
6410.000 0.624
6415.000 0.624
6420.000 0.611
6425.000 0.606
6430.000 0.597
6435.000 0.593
6440.000 0.589
6445.000 0.589
6450.000 0.588
6455.000 0.589
6460.000 0.595
6465.000 0.597
6470.000 0.603
6475.000 0.615
6480.000 0.623
6485.000 0.634
6490.000 0.650
6495.000 0.662
6500.000 0.685
6505.000 0.701
6510.000 0.725
6515.000 0.753
6520.000 0.783
6525.000 0.783
6530.000 0.826
6535.000 0.870
6540.000 0.918
6545.000 0.978
6550.000 1.043
6555.000 1.127
6560.000 1.221
6565.000 1.336
6570.000 1.481
6575.000 1.667
6580.000 1.890
6585.000 2.187
6590.000 2.565
6595.000 3.047
6600.000 3.638
6605.000 4.246
6610.000 4.673
6615.000 4.584
6620.000 3.862
6625.000 3.010
6630.000 2.481
6635.000 2.080
6640.000 1.784
6645.000 1.563
6650.000 1.389
6655.000 1.389
6660.000 1.255
6665.000 1.146
6670.000 1.056
6675.000 0.983
6680.000 0.919
6685.000 0.866
6690.000 0.820
6695.000 0.780
6700.000 0.746
6705.000 0.715
6710.000 0.688
6715.000 0.660
6720.000 0.644
6725.000 0.628
6730.000 0.613
6735.000 0.598
6740.000 0.590
6745.000 0.581
6750.000 0.572
6755.000 0.567
6760.000 0.561
6765.000 0.558
6770.000 0.557
6775.000 0.557
6780.000 0.557
6785.000 0.564
6790.000 0.562
6795.000 0.565
6800.000 0.569
6805.000 0.578
6810.000 0.588
6815.000 0.597
6820.000 0.609
6825.000 0.625
6830.000 0.638
6835.000 0.658
6840.000 0.683
6845.000 0.705
6850.000 0.737
6855.000 0.768
6860.000 0.804
6865.000 0.854
6870.000 0.904
6875.000 0.963
6880.000 1.042
6885.000 1.124
6890.000 1.226
6895.000 1.378
6900.000 1.538
6905.000 1.538
6910.000 1.742
6915.000 2.007
6920.000 2.329
6925.000 2.748
6930.000 3.245
6935.000 3.777
6940.000 4.187
6945.000 4.100
6950.000 3.505
6955.000 2.766
6960.000 2.251
6965.000 1.897
6970.000 1.641
6975.000 1.440
6980.000 1.290
6985.000 1.167
6990.000 1.068
6995.000 0.984
7000.000 0.913
7005.000 0.859
7010.000 0.811
7015.000 0.811
7020.000 0.768
7025.000 0.733
7030.000 0.695
7035.000 0.667
7040.000 0.647
7045.000 0.622
7050.000 0.607
7055.000 0.591
7060.000 0.578
7065.000 0.565
7070.000 0.557
7075.000 0.548
7080.000 0.541
7085.000 0.539
7090.000 0.532
7095.000 0.529
7100.000 0.529
7105.000 0.526
7110.000 0.524
7115.000 0.529
7120.000 0.536
7125.000 0.540
7130.000 0.547
7135.000 0.553
7140.000 0.553
7145.000 0.561
7150.000 0.573
7155.000 0.586
7160.000 0.606
7165.000 0.621
7170.000 0.642
7175.000 0.665
7180.000 0.693
7185.000 0.726
7190.000 0.759
7195.000 0.803
7200.000 0.849
7205.000 0.907
7210.000 0.974
7215.000 1.049
7220.000 1.145
7225.000 1.262
7230.000 1.395
7235.000 1.567
7240.000 1.799
7245.000 2.072
7250.000 2.449
7255.000 2.885
7260.000 3.387
7265.000 3.387
7270.000 3.856
7275.000 4.066
7280.000 3.767
7285.000 3.077
7290.000 2.440
7295.000 2.008
7300.000 1.711
7305.000 1.487
7310.000 1.309
7315.000 1.188
7320.000 1.079
7325.000 0.989
7330.000 0.910
7335.000 0.846
7340.000 0.794
7345.000 0.748
7350.000 0.708
7355.000 0.671
7360.000 0.643
7365.000 0.614
7370.000 0.596
7375.000 0.571
7380.000 0.555
7385.000 0.539
7390.000 0.539
7395.000 0.528
7400.000 0.513
7405.000 0.507
7410.000 0.499
7415.000 0.491
7420.000 0.483
7425.000 0.480
7430.000 0.477
7435.000 0.473
7440.000 0.473
7445.000 0.472
7450.000 0.468
7455.000 0.474
7460.000 0.470
7465.000 0.479
7470.000 0.487
7475.000 0.508
7480.000 0.544
7485.000 0.582
7490.000 0.618
7495.000 0.644
7500.000 0.644
7505.000 0.670
7510.000 0.701
7515.000 0.727
7520.000 0.756
7525.000 0.795
7530.000 0.835
7535.000 0.888
7540.000 0.942
7545.000 1.018
7550.000 1.104
7555.000 1.207
7560.000 1.333
7565.000 1.488
7570.000 1.689
7575.000 1.948
7580.000 2.269
7585.000 2.681
7590.000 3.158
7595.000 3.582
7600.000 3.857
7605.000 3.754
7610.000 3.208
7615.000 2.564
7620.000 2.106
7625.000 2.106
7630.000 1.760
7635.000 1.538
7640.000 1.349
7645.000 1.205
7650.000 1.092
7655.000 1.001
7660.000 0.918
7665.000 0.853
7670.000 0.797
7675.000 0.752
7680.000 0.715
7685.000 0.679
7690.000 0.654
7695.000 0.627
7700.000 0.600
7705.000 0.589
7710.000 0.568
7715.000 0.554
7720.000 0.539
7725.000 0.531
7730.000 0.519
7735.000 0.511
7740.000 0.504
7745.000 0.500
7750.000 0.500
7755.000 0.501
7760.000 0.493
7765.000 0.497
7770.000 0.493
7775.000 0.496
7780.000 0.500
7785.000 0.501
7790.000 0.508
7795.000 0.513
7800.000 0.520
7805.000 0.528
7810.000 0.541
7815.000 0.555
7820.000 0.569
7825.000 0.585
7830.000 0.604
7835.000 0.626
7840.000 0.652
7845.000 0.685
7850.000 0.721
7855.000 0.759
7860.000 0.815
7865.000 0.868
7870.000 0.936
7875.000 0.936
7880.000 1.012
7885.000 1.107
7890.000 1.229
7895.000 1.370
7900.000 1.556
7905.000 1.787
7910.000 2.087
7915.000 2.444
7920.000 2.869
7925.000 3.289
7930.000 3.573
7935.000 3.424
7940.000 2.893
7945.000 2.303
7950.000 1.908
7955.000 1.609
7960.000 1.391
7965.000 1.227
7970.000 1.105
7975.000 1.012
7980.000 0.935
7985.000 0.935
7990.000 0.869
7995.000 0.814
8000.000 0.766
8005.000 0.732
8010.000 0.697
8015.000 0.665
8020.000 0.640
8025.000 0.614
8030.000 0.589
8035.000 0.553
8040.000 0.516
8045.000 0.483
8050.000 0.468
8055.000 0.460
8060.000 0.447
8065.000 0.441
8070.000 0.432
8075.000 0.431
8080.000 0.448
8085.000 0.469
8090.000 0.488
8095.000 0.488
8100.000 0.486
8105.000 0.484
8110.000 0.484
8115.000 0.485
8120.000 0.488
8125.000 0.489
8130.000 0.492
8135.000 0.505
8140.000 0.515
8145.000 0.529
8150.000 0.541
8155.000 0.558
8160.000 0.577
8165.000 0.597
8170.000 0.616
8175.000 0.642
8180.000 0.673
8185.000 0.711
8190.000 0.748
8195.000 0.797
8200.000 0.857
8205.000 0.925
8210.000 1.007
8215.000 1.100
8220.000 1.210
8225.000 1.346
8230.000 1.520
8235.000 1.520
8240.000 1.767
8245.000 2.053
8250.000 2.403
8255.000 2.796
8260.000 3.149
8265.000 3.297
8270.000 3.083
8275.000 2.568
8280.000 2.069
8285.000 1.703
8290.000 1.450
8295.000 1.271
8300.000 1.153
8305.000 1.060
8310.000 0.992
8315.000 0.936
8320.000 0.860
8325.000 0.796
8330.000 0.747
8335.000 0.701
8340.000 0.662
8345.000 0.633
8350.000 0.605
8355.000 0.581
8360.000 0.581
8365.000 0.561
8370.000 0.540
8375.000 0.524
8380.000 0.513
8385.000 0.497
8390.000 0.491
8395.000 0.480
8400.000 0.473
8405.000 0.465
8410.000 0.461
8415.000 0.458
8420.000 0.456
8425.000 0.453
8430.000 0.454
8435.000 0.456
8440.000 0.460
8445.000 0.461
8450.000 0.465
8455.000 0.472
8460.000 0.479
8465.000 0.487
8470.000 0.497
8475.000 0.497
8480.000 0.504
8485.000 0.518
8490.000 0.532
8495.000 0.550
8500.000 0.568
8505.000 0.597
8510.000 0.632
8515.000 0.675
8520.000 0.721
8525.000 0.767
8530.000 0.814
8535.000 0.878
8540.000 0.961
8545.000 1.046
8550.000 1.152
8555.000 1.305
8560.000 1.470
8565.000 1.692
8570.000 1.950
8575.000 2.277
8580.000 2.652
8585.000 3.004
8590.000 3.173
8595.000 3.025
8600.000 3.025
8605.000 2.559
8610.000 2.082
8615.000 1.717
8620.000 1.467
8625.000 1.281
8630.000 1.146
8635.000 1.061
8640.000 0.976
8645.000 0.893
8650.000 0.834
8655.000 0.775
8660.000 0.722
8665.000 0.677
8670.000 0.643
8675.000 0.613
8680.000 0.586
8685.000 0.556
8690.000 0.542
8695.000 0.519
8700.000 0.507
8705.000 0.490
8710.000 0.480
8715.000 0.470
8720.000 0.462
8725.000 0.462
8730.000 0.454
8735.000 0.448
8740.000 0.443
8745.000 0.443
8750.000 0.438
8755.000 0.439
8760.000 0.436
8765.000 0.437
8770.000 0.438
8775.000 0.437
8780.000 0.442
8785.000 0.446
8790.000 0.452
8795.000 0.457
8800.000 0.467
8805.000 0.476
8810.000 0.486
8815.000 0.502
8820.000 0.518
8825.000 0.537
8830.000 0.557
8835.000 0.588
8840.000 0.610
8845.000 0.644
8850.000 0.644
8855.000 0.681
8860.000 0.723
8865.000 0.781
8870.000 0.843
8875.000 0.914
8880.000 1.001
8885.000 1.126
8890.000 1.269
8895.000 1.444
8900.000 1.661
8905.000 1.922
8910.000 2.230
8915.000 2.548
8920.000 2.845
8925.000 2.893
8930.000 2.655
8935.000 2.210
8940.000 1.817
8945.000 1.523
8950.000 1.318
8955.000 1.159
8960.000 1.159
8965.000 1.034
8970.000 0.931
8975.000 0.849
8980.000 0.783
8985.000 0.729
8990.000 0.682
8995.000 0.641
9000.000 0.608
9005.000 0.576
9010.000 0.554
9015.000 0.530
9020.000 0.510
9025.000 0.492
9030.000 0.479
9035.000 0.466
9040.000 0.455
9045.000 0.443
9050.000 0.431
9055.000 0.427
9060.000 0.424
9065.000 0.421
9070.000 0.414
9075.000 0.414
9080.000 0.413
9085.000 0.413
9090.000 0.411
9095.000 0.408
9100.000 0.412
9105.000 0.417
9110.000 0.420
9115.000 0.425
9120.000 0.429
9125.000 0.436
9130.000 0.447
9135.000 0.455
9140.000 0.465
9145.000 0.484
9150.000 0.494
9155.000 0.513
9160.000 0.535
9165.000 0.561
9170.000 0.586
9175.000 0.620
9180.000 0.657
9185.000 0.696
9190.000 0.747
9195.000 0.810
9200.000 0.882
9205.000 0.973
9210.000 0.973
9215.000 1.084
9220.000 1.205
9225.000 1.378
9230.000 1.586
9235.000 1.796
9240.000 2.079
9245.000 2.360
9250.000 2.569
9255.000 2.587
9260.000 2.341
9265.000 1.966
9270.000 1.637
9275.000 1.389
9280.000 1.192
9285.000 1.051
9290.000 0.939
9295.000 0.848
9300.000 0.773
9305.000 0.708
9310.000 0.656
9315.000 0.612
9320.000 0.574
9325.000 0.548
9330.000 0.519
9335.000 0.519
9340.000 0.492
9345.000 0.473
9350.000 0.455
9355.000 0.437
9360.000 0.427
9365.000 0.413
9370.000 0.404
9375.000 0.397
9380.000 0.390
9385.000 0.383
9390.000 0.374
9395.000 0.370
9400.000 0.364
9405.000 0.365
9410.000 0.359
9415.000 0.360
9420.000 0.358
9425.000 0.363
9430.000 0.361
9435.000 0.365
9440.000 0.369
9445.000 0.369
9450.000 0.370
9455.000 0.378
9460.000 0.386
9465.000 0.395
9470.000 0.402
9475.000 0.415
9480.000 0.428
9485.000 0.441
9490.000 0.454
9495.000 0.477
9500.000 0.495
9505.000 0.516
9510.000 0.549
9515.000 0.586
9520.000 0.629
9525.000 0.675
9530.000 0.734
9535.000 0.801
9540.000 0.881
9545.000 0.981
9550.000 1.102
9555.000 1.257
9560.000 1.461
9565.000 1.682
9570.000 1.682
9575.000 1.951
9580.000 2.191
9585.000 2.330
9590.000 2.261
9595.000 1.966
9600.000 1.638
9605.000 1.369
9610.000 1.169
9615.000 1.021
9620.000 0.906
9625.000 0.811
9630.000 0.733
9635.000 0.668
9640.000 0.620
9645.000 0.576
9650.000 0.542
9655.000 0.512
9660.000 0.485
9665.000 0.460
9670.000 0.442
9675.000 0.422
9680.000 0.408
9685.000 0.391
9690.000 0.380
9695.000 0.380
9700.000 0.372
9705.000 0.366
9710.000 0.356
9715.000 0.350
9720.000 0.342
9725.000 0.333
9730.000 0.332
9735.000 0.329
9740.000 0.328
9745.000 0.325
9750.000 0.328
9755.000 0.328
9760.000 0.334
9765.000 0.338
9770.000 0.341
9775.000 0.347
9780.000 0.347
9785.000 0.352
9790.000 0.362
9795.000 0.368
9800.000 0.375
9805.000 0.388
9810.000 0.397
9815.000 0.416
9820.000 0.416
9825.000 0.429
9830.000 0.452
9835.000 0.471
9840.000 0.499
9845.000 0.528
9850.000 0.560
9855.000 0.604
9860.000 0.654
9865.000 0.714
9870.000 0.777
9875.000 0.866
9880.000 0.972
9885.000 1.102
9890.000 1.259
9895.000 1.458
9900.000 1.656
9905.000 1.823
9910.000 1.873
9915.000 1.739
9920.000 1.476
9925.000 1.260
9930.000 1.260
9935.000 1.057
9940.000 0.926
9945.000 0.854
9950.000 0.825
9955.000 0.799
9960.000 0.750
9965.000 0.687
9970.000 0.628
9975.000 0.577
9980.000 0.535
9985.000 0.496
9990.000 0.472
9995.000 0.443
10000.000 0.423
10005.000 0.403
10010.000 0.388
10015.000 0.374
10020.000 0.361
10025.000 0.351
10030.000 0.341
10035.000 0.329
10040.000 0.327
10045.000 0.321
10050.000 0.316
10055.000 0.316
10060.000 0.314
10065.000 0.309
10070.000 0.310
10075.000 0.309
10080.000 0.307
10085.000 0.309
10090.000 0.307
10095.000 0.310
10100.000 0.315
10105.000 0.318
10110.000 0.320
10115.000 0.326
10120.000 0.333
10125.000 0.341
10130.000 0.350
10135.000 0.359
10140.000 0.368
10145.000 0.374
10150.000 0.378
10155.000 0.389
10160.000 0.407
10165.000 0.428
10170.000 0.453
10175.000 0.486
10180.000 0.486
10185.000 0.526
10190.000 0.564
10195.000 0.615
10200.000 0.670
10205.000 0.742
10210.000 0.831
10215.000 0.941
10220.000 1.069
10225.000 1.233
10230.000 1.420
10235.000 1.643
10240.000 1.820
10245.000 1.879
10250.000 1.770
10255.000 1.530
10260.000 1.281
10265.000 1.085
10270.000 0.934
10275.000 0.818
10280.000 0.729
10285.000 0.655
10290.000 0.599
10295.000 0.551
10300.000 0.508
10305.000 0.473
10310.000 0.473
10315.000 0.448
10320.000 0.421
10325.000 0.403
10330.000 0.381
10335.000 0.367
10340.000 0.355
10345.000 0.341
10350.000 0.333
10355.000 0.323
10360.000 0.312
10365.000 0.305
10370.000 0.297
10375.000 0.296
10380.000 0.288
10385.000 0.284
10390.000 0.284
10395.000 0.276
10400.000 0.280
10405.000 0.277
10410.000 0.275
10415.000 0.277
10420.000 0.277
10425.000 0.279
10430.000 0.278
10435.000 0.284
10440.000 0.285
10445.000 0.288
10450.000 0.295
10455.000 0.302
10460.000 0.307
10465.000 0.317
10470.000 0.326
10475.000 0.338
10480.000 0.350
10485.000 0.362
10490.000 0.379
10495.000 0.400
10500.000 0.420
10505.000 0.449
10510.000 0.476
10515.000 0.513
10520.000 0.550
10525.000 0.600
10530.000 0.662
10535.000 0.733
10540.000 0.827
10545.000 0.827
10550.000 0.933
10555.000 1.062
10560.000 1.211
10565.000 1.364
10570.000 1.503
10575.000 1.592
10580.000 1.578
10585.000 1.441
10590.000 1.231
10595.000 1.049
10600.000 0.901
10605.000 0.790
10610.000 0.701
10615.000 0.630
10620.000 0.571
10625.000 0.526
10630.000 0.489
10635.000 0.457
10640.000 0.428
10645.000 0.399
10650.000 0.381
10655.000 0.362
10660.000 0.350
10665.000 0.331
10670.000 0.331
10675.000 0.320
10680.000 0.312
10685.000 0.302
10690.000 0.291
10695.000 0.286
10700.000 0.282
10705.000 0.277
10710.000 0.268
10715.000 0.264
10720.000 0.263
10725.000 0.261
10730.000 0.259
10735.000 0.258
10740.000 0.258
10745.000 0.259
10750.000 0.259
10755.000 0.260
10760.000 0.260
10765.000 0.266
10770.000 0.271
10775.000 0.277
10780.000 0.280
10785.000 0.286
10790.000 0.295
10795.000 0.295
10800.000 0.304
10805.000 0.313
10810.000 0.324
10815.000 0.339
10820.000 0.353
10825.000 0.369
10830.000 0.390
10835.000 0.413
10840.000 0.439
10845.000 0.470
10850.000 0.508
10855.000 0.550
10860.000 0.605
10865.000 0.667
10870.000 0.748
10875.000 0.849
10880.000 0.963
10885.000 1.105
10890.000 1.263
10895.000 1.414
10900.000 1.511
10905.000 1.511
10910.000 1.505
10915.000 1.374
10920.000 1.181
10925.000 0.998
10930.000 0.855
10935.000 0.744
10940.000 0.655
10945.000 0.590
10950.000 0.535
10955.000 0.492
10960.000 0.452
10965.000 0.420
10970.000 0.393
10975.000 0.366
10980.000 0.347
10985.000 0.328
10990.000 0.315
10995.000 0.300
11000.000 0.290
11005.000 0.281
11010.000 0.275
11015.000 0.270
11020.000 0.264
11025.000 0.256
11030.000 0.256
11035.000 0.254
11040.000 0.250
11045.000 0.245
11050.000 0.245
11055.000 0.242
11060.000 0.239
11065.000 0.236
11070.000 0.238
11075.000 0.235
11080.000 0.237
11085.000 0.240
11090.000 0.240
11095.000 0.244
11100.000 0.248
11105.000 0.250
11110.000 0.257
11115.000 0.261
11120.000 0.267
11125.000 0.275
11130.000 0.285
11135.000 0.297
11140.000 0.306
11145.000 0.321
11150.000 0.336
11155.000 0.336
11160.000 0.348
11165.000 0.367
11170.000 0.390
11175.000 0.417
11180.000 0.449
11185.000 0.486
11190.000 0.533
11195.000 0.586
11200.000 0.648
11205.000 0.732
11210.000 0.828
11215.000 0.951
11220.000 1.102
11225.000 1.235
11230.000 1.327
11235.000 1.333
11240.000 1.234
11245.000 1.084
11250.000 0.933
11255.000 0.808
11260.000 0.708
11265.000 0.630
11270.000 0.562
11275.000 0.506
11280.000 0.506
11285.000 0.462
11290.000 0.423
11295.000 0.395
11300.000 0.365
11305.000 0.346
11310.000 0.329
11315.000 0.312
11320.000 0.297
11325.000 0.285
11330.000 0.275
11335.000 0.265
11340.000 0.255
11345.000 0.251
11350.000 0.245
11355.000 0.238
11360.000 0.235
11365.000 0.229
11370.000 0.225
11375.000 0.222
11380.000 0.223
11385.000 0.217
11390.000 0.219
11395.000 0.220
11400.000 0.220
11405.000 0.216
11410.000 0.219
11415.000 0.221
11420.000 0.222
11425.000 0.226
11430.000 0.227
11435.000 0.233
11440.000 0.234
11445.000 0.241
11450.000 0.245
11455.000 0.253
11460.000 0.261
11465.000 0.271
11470.000 0.279
11475.000 0.293
11480.000 0.305
11485.000 0.322
11490.000 0.341
11495.000 0.363
11500.000 0.392
11505.000 0.421
11510.000 0.465
11515.000 0.465
11520.000 0.507
11525.000 0.562
11530.000 0.625
11535.000 0.699
11540.000 0.794
11545.000 0.906
11550.000 1.024
11555.000 1.123
11560.000 1.189
11565.000 1.170
11570.000 1.068
11575.000 0.926
11580.000 0.792
11585.000 0.679
11590.000 0.601
11595.000 0.531
11600.000 0.486
11605.000 0.444
11610.000 0.403
11615.000 0.375
11620.000 0.350
11625.000 0.326
11630.000 0.310
11635.000 0.290
11640.000 0.290
11645.000 0.276
11650.000 0.262
11655.000 0.251
11660.000 0.243
11665.000 0.235
11670.000 0.226
11675.000 0.221
11680.000 0.213
11685.000 0.211
11690.000 0.208
11695.000 0.203
11700.000 0.201
11705.000 0.199
11710.000 0.197
11715.000 0.196
11720.000 0.193
11725.000 0.195
11730.000 0.194
11735.000 0.192
11740.000 0.193
11745.000 0.196
11750.000 0.197
11755.000 0.201
11760.000 0.205
11765.000 0.205
11770.000 0.208
11775.000 0.211
11780.000 0.216
11785.000 0.223
11790.000 0.227
11795.000 0.235
11800.000 0.247
11805.000 0.256
11810.000 0.268
11815.000 0.279
11820.000 0.294
11825.000 0.311
11830.000 0.330
11835.000 0.353
11840.000 0.381
11845.000 0.415
11850.000 0.451
11855.000 0.499
11860.000 0.560
11865.000 0.631
11870.000 0.729
11875.000 0.825
11880.000 0.933
11885.000 1.027
11890.000 1.027
11895.000 1.083
11900.000 1.047
11905.000 0.948
11910.000 0.816
11915.000 0.707
11920.000 0.615
11925.000 0.541
11930.000 0.482
11935.000 0.437
11940.000 0.396
11945.000 0.364
11950.000 0.336
11955.000 0.312
11960.000 0.290
11965.000 0.272
11970.000 0.259
11975.000 0.246
11980.000 0.233
11985.000 0.228
11990.000 0.217
11995.000 0.212
12000.000 0.203
