0   0.0152  0.001
2   0.078   0.001
4   0.113   0.001
6   0.150   0.001
8   0.191   0.001
10  0.245   0.001
12  0.300   0.001
14  0.356   0.001
16  0.423   0.001
18  0.490   0.001
20  0.560   0.001
22  0.643   0.001
24  0.714   0.001
26  0.804   0.001
28  0.884   0.001
30  0.979   0.001
32  1.078   0.001
34  1.161   0.001
36  1.270   0.001
38  1.33    0.01
40  1.42    0.01
42  1.48    0.01
44  1.59    0.01
46  1.69    0.01
48  1.79    0.01
50  1.88    0.01
52  1.96    0.01
54  2.02    0.01
56  2.08    0.01
58  2.17    0.01
60  2.23    0.01
62  2.29    0.01
64  2.34    0.01
66  2.38    0.01
68  2.43    0.01
70  2.50    0.01
72  2.54    0.01
74  2.58    0.01
76  2.59    0.01
78  2.61    0.01
80  2.58    0.01
82  2.56    0.01
84  2.57    0.01
86  2.57    0.01
88  2.58    0.01
90  2.57    0.01
92  2.52    0.01
94  2.49    0.01
96  2.45    0.01
98  2.43    0.01
100 2.39    0.01
102 2.34    0.01
104 2.27    0.01
106 2.21    0.01
108 2.16    0.01
110 2.09    0.01
112 2.03    0.01
114 1.93    0.01
116 1.86    0.01
118 1.75    0.01
120 1.70    0.01
122 1.62    0.01
124 1.52    0.01
126 1.43    0.01
128 1.33    0.01
130 1.19    0.01
132 1.09    0.01
134 1.01    0.01
136 0.92    0.01
138 0.84    0.01
140 0.76    0.01
142 0.67    0.01
144 0.60    0.01
146 0.54    0.01
148 0.47    0.01
150 0.40    0.01
152 0.33    0.01
154 0.27    0.01
156 0.22    0.01
158 0.18    0.01
160 0.134   0.001
162 0.093   0.001
164 0.065   0.001
166 0.041   0.001
168 0.026   0.001
170 0.013   0.001
172 0.007   0.001
174 0.011   0.001
176 0.019   0.001
178 0.034   0.001
180 0.056   0.001
