-15 0.0105  0.001
-14 0.0127  0.001
-13 0.0169  0.001
-12 0.0197  0.001
-11 0.0269  0.001
-10 0.0546  0.001
-9  0.1369  0.001
-8  0.26    0.01
-7  0.50    0.01
-6  0.72    0.01
-5  1.23    0.01
-4  1.37    0.01
-3  2.59    0.01
-2  2.91    0.01
-1  3.89    0.01
0   6.42    0.01
1   5.02    0.01
2   5.70    0.1
3   5.50    0.1
4   4.70    0.1
5   4.50    0.1
6   4.20    0.1
7   4.20    0.1
8   3.31    0.01
9   2.67    0.01
10  2.11    0.01
11  1.40    0.01
12  1.16    0.01
13  0.72    0.01
14  0.46    0.01
15  0.302   0.001
